Source,Location ID,City,Region,Country,Latitude,Longitude,Time Zone,Elevation
PVGIS,2517,Girga,EGY,Egypt,26.3303682648,31.8800072822,2,65.0
Year,Month,Day,Hour,Tdry,RH,GHI,DNI,DHI,IR,Wspd,Wdir,Pres,
2005,1,1,0,12.65,63.73,0.0,0.0,0.0,277.87,4.0,344.0,1020.17,
2005,1,1,1,12.94,64.45,0.0,0.0,0.0,280.93,3.65,346.0,1020.3,
2005,1,1,2,13.24,65.17,0.0,0.0,0.0,283.99,3.31,62.0,1009.88,
2005,1,1,3,13.54,65.9,0.0,0.0,0.0,287.05,2.96,62.0,1009.88,
2005,1,1,4,13.84,66.62,0.0,0.0,0.0,290.11,2.62,62.0,1009.88,
2005,1,1,5,14.14,67.34,0.0,0.0,0.0,293.17,2.27,66.0,1010.11,
2005,1,1,6,14.44,68.07,0.0,0.0,0.0,296.23,1.92,71.0,1010.34,
2005,1,1,7,14.74,68.79,1.0,11.77,0.0,299.29,1.58,76.0,1010.58,
2005,1,1,8,15.04,69.51,189.0,444.55,65.0,302.35,1.23,87.0,1010.41,
2005,1,1,9,15.34,70.23,380.0,606.22,112.0,305.41,0.88,98.0,1010.25,
2005,1,1,10,23.0,39.72,549.0,743.85,130.0,313.95,1.46,109.0,1010.08,
2005,1,1,11,24.26,36.49,643.0,753.6,165.0,316.18,1.45,131.0,1009.25,
2005,1,1,12,25.52,33.26,698.0,838.14,153.0,318.42,1.44,154.0,1008.43,
2005,1,1,13,26.78,30.03,663.0,821.2,162.0,320.65,1.43,176.0,1007.6,
2005,1,1,14,26.6,29.54,586.0,898.31,122.0,316.47,1.23,181.0,1007.43,
2005,1,1,15,26.41,29.05,405.0,699.55,142.0,312.28,1.03,185.0,1007.27,
2005,1,1,16,26.23,28.56,248.0,959.86,58.0,308.1,0.83,190.0,1007.1,
2005,1,1,17,23.3,31.78,0.0,0.0,0.0,305.17,0.88,237.0,1007.5,
2005,1,1,18,20.36,35.0,0.0,0.0,0.0,302.23,0.94,285.0,1007.9,
2005,1,1,19,17.43,38.22,0.0,0.0,0.0,299.3,0.99,333.0,1008.29,
2005,1,1,20,16.67,48.26,0.0,0.0,0.0,299.78,1.53,338.0,1008.19,
2005,1,1,21,15.91,58.31,0.0,0.0,0.0,300.27,2.06,342.0,1008.1,
2005,1,1,22,15.15,68.35,0.0,0.0,0.0,300.75,2.59,346.0,1008.0,
2005,1,1,23,14.67,71.06,0.0,0.0,0.0,300.05,2.6,346.0,1007.76,
2005,1,2,0,14.2,73.77,0.0,0.0,0.0,299.35,2.61,346.0,1007.53,
2005,1,2,1,13.73,76.48,0.0,0.0,0.0,298.65,2.62,346.0,1007.3,
2005,1,2,2,13.42,76.12,0.0,0.0,0.0,297.13,2.62,343.0,1007.37,
2005,1,2,3,13.11,75.77,0.0,0.0,0.0,295.62,2.61,339.0,1007.43,
2005,1,2,4,12.8,75.41,0.0,0.0,0.0,294.1,2.61,335.0,1007.5,
2005,1,2,5,13.24,71.81,0.0,0.0,0.0,292.82,2.66,329.0,1008.0,
2005,1,2,6,13.67,68.22,0.0,0.0,0.0,291.53,2.72,324.0,1008.49,
2005,1,2,7,14.11,64.62,1.0,11.87,0.0,290.25,2.77,318.0,1008.99,
2005,1,2,8,16.01,55.72,180.0,377.04,75.0,294.13,3.65,317.0,1009.15,
2005,1,2,9,17.91,46.81,380.0,606.32,112.0,298.02,4.52,317.0,1009.32,
2005,1,2,10,19.81,37.91,543.0,716.77,139.0,301.9,5.39,317.0,1009.48,
2005,1,2,11,20.43,36.09,655.0,798.32,148.0,302.22,5.94,317.0,1008.92,
2005,1,2,12,21.04,34.28,691.0,805.86,166.0,302.53,6.48,317.0,1008.36,
2005,1,2,13,21.65,32.46,665.0,820.67,163.0,302.85,7.02,316.0,1007.8,
2005,1,2,14,20.46,36.7,579.0,848.67,139.0,300.4,6.65,317.0,1008.0,
2005,1,2,15,19.28,40.95,451.0,989.12,77.0,297.95,6.28,317.0,1008.19,
2005,1,2,16,18.09,45.19,244.0,864.01,71.0,295.5,5.9,318.0,1008.39,
2005,1,2,17,17.02,49.02,0.0,0.0,0.0,293.3,5.82,320.0,1009.32,
2005,1,2,18,15.95,52.84,0.0,0.0,0.0,291.1,5.73,322.0,1010.25,
2005,1,2,19,14.88,56.67,0.0,0.0,0.0,288.9,5.64,324.0,1011.17,
2005,1,2,20,14.27,58.17,0.0,0.0,0.0,286.42,5.43,326.0,1011.37,
2005,1,2,21,13.67,59.66,0.0,0.0,0.0,283.93,5.22,328.0,1011.57,
2005,1,2,22,13.07,61.16,0.0,0.0,0.0,281.45,5.01,330.0,1011.77,
2005,1,2,23,12.55,62.23,0.0,0.0,0.0,278.47,4.82,332.0,1011.83,
2005,1,3,0,12.04,63.29,0.0,0.0,0.0,275.48,4.63,333.0,1011.9,
2005,1,3,1,11.53,64.36,0.0,0.0,0.0,272.5,4.44,334.0,1011.97,
2005,1,3,2,10.98,64.54,0.0,0.0,0.0,270.08,4.28,335.0,1012.03,
2005,1,3,3,10.43,64.72,0.0,0.0,0.0,267.67,4.12,335.0,1012.1,
2005,1,3,4,9.88,64.9,0.0,0.0,0.0,265.25,3.96,336.0,1012.16,
2005,1,3,5,10.17,64.35,0.0,0.0,0.0,264.57,3.63,335.0,1012.66,
2005,1,3,6,10.46,63.8,0.0,0.0,0.0,263.88,3.31,335.0,1013.16,
2005,1,3,7,10.75,63.25,1.0,11.97,0.0,263.2,2.98,334.0,1013.65,
2005,1,3,8,12.29,57.66,163.0,273.25,87.0,267.45,3.52,334.0,1013.49,
2005,1,3,9,13.83,52.07,302.0,264.68,185.0,271.7,4.06,334.0,1013.32,
2005,1,3,10,15.37,46.48,450.0,368.73,242.0,275.95,4.61,333.0,1013.16,
2005,1,3,11,16.18,42.7,589.0,548.76,240.0,276.55,4.75,331.0,1012.33,
2005,1,3,12,16.98,38.91,644.0,629.6,233.0,277.15,4.9,328.0,1011.5,
2005,1,3,13,17.79,35.13,628.0,670.04,217.0,277.75,5.05,325.0,1010.68,
2005,1,3,14,17.04,36.56,571.0,801.2,154.0,275.53,4.65,325.0,1010.64,
2005,1,3,15,16.29,37.99,403.0,657.3,153.0,273.32,4.26,325.0,1010.61,
2005,1,3,16,15.54,39.42,229.0,671.37,93.0,271.1,3.86,325.0,1010.58,
2005,1,3,17,14.3,43.56,0.0,0.0,0.0,269.4,3.87,324.0,1011.27,
2005,1,3,18,13.05,47.7,0.0,0.0,0.0,267.7,3.87,323.0,1011.97,
2005,1,3,19,11.81,51.84,0.0,0.0,0.0,266.0,3.88,322.0,1012.66,
2005,1,3,20,11.21,54.74,0.0,0.0,0.0,265.23,3.75,324.0,1012.83,
2005,1,3,21,10.61,57.64,0.0,0.0,0.0,264.47,3.63,325.0,1012.99,
2005,1,3,22,10.02,60.54,0.0,0.0,0.0,263.7,3.5,326.0,1013.16,
2005,1,3,23,9.59,63.51,0.0,0.0,0.0,263.25,3.33,327.0,1013.09,
2005,1,4,0,9.17,66.48,0.0,0.0,0.0,262.8,3.16,328.0,1013.02,
2005,1,4,1,8.75,69.45,0.0,0.0,0.0,262.35,2.99,330.0,1012.96,
2005,1,4,2,8.51,68.99,0.0,0.0,0.0,261.42,2.89,327.0,1012.86,
2005,1,4,3,8.27,68.53,0.0,0.0,0.0,260.48,2.79,324.0,1012.76,
2005,1,4,4,8.03,68.07,0.0,0.0,0.0,259.55,2.69,321.0,1012.66,
2005,1,4,5,8.43,65.86,0.0,0.0,0.0,259.78,2.52,321.0,1013.06,
2005,1,4,6,8.83,63.65,0.0,0.0,0.0,260.02,2.36,321.0,1013.45,
2005,1,4,7,9.23,61.44,1.0,12.05,0.0,260.25,2.19,320.0,1013.85,
2005,1,4,8,11.29,53.88,186.0,431.87,66.0,264.68,2.62,320.0,1013.55,
2005,1,4,9,13.36,46.31,389.0,653.61,100.0,269.12,3.05,320.0,1013.26,
2005,1,4,10,15.42,38.75,543.0,715.5,139.0,273.55,3.48,319.0,1012.96,
2005,1,4,11,16.12,35.88,627.0,681.35,193.0,272.85,3.76,314.0,1012.1,
2005,1,4,12,16.82,33.02,666.0,700.08,208.0,272.15,4.05,309.0,1011.24,
2005,1,4,13,17.52,30.15,642.0,713.61,203.0,271.45,4.33,305.0,1010.38,
2005,1,4,14,16.68,32.88,543.0,665.95,195.0,268.67,4.04,304.0,1010.41,
2005,1,4,15,15.83,35.6,395.0,603.7,164.0,265.88,3.75,304.0,1010.44,
2005,1,4,16,14.99,38.33,223.0,595.2,101.0,263.1,3.46,304.0,1010.48,
2005,1,4,17,13.56,42.67,23.0,0.0,23.0,261.52,3.48,304.0,1011.11,
2005,1,4,18,12.12,47.02,0.0,0.0,0.0,259.93,3.5,303.0,1011.73,
2005,1,4,19,10.69,51.36,0.0,0.0,0.0,258.35,3.52,302.0,1012.36,
2005,1,4,20,10.14,53.65,0.0,0.0,0.0,257.72,3.47,303.0,1012.59,
2005,1,4,21,9.59,55.93,0.0,0.0,0.0,257.08,3.42,304.0,1012.83,
2005,1,4,22,9.05,58.22,0.0,0.0,0.0,256.45,3.37,305.0,1013.06,
2005,1,4,23,8.83,59.94,0.0,0.0,0.0,256.52,3.31,304.0,1013.09,
2005,1,5,0,8.61,61.67,0.0,0.0,0.0,256.58,3.26,304.0,1013.12,
2005,1,5,1,8.4,63.39,0.0,0.0,0.0,256.65,3.2,304.0,1013.16,
2005,1,5,2,8.3,64.45,0.0,0.0,0.0,257.68,3.06,298.0,1012.86,
2005,1,5,3,8.2,65.52,0.0,0.0,0.0,258.72,2.91,292.0,1012.56,
2005,1,5,4,8.1,66.58,0.0,0.0,0.0,259.75,2.77,287.0,1012.26,
2005,1,5,5,8.67,64.44,0.0,0.0,0.0,260.58,2.72,282.0,1012.59,
2005,1,5,6,9.24,62.29,0.0,0.0,0.0,261.42,2.66,277.0,1012.92,
2005,1,5,7,9.81,60.15,1.0,12.13,0.0,262.25,2.61,272.0,1013.26,
2005,1,5,8,11.64,54.04,186.0,432.14,66.0,267.92,3.83,275.0,1013.16,
2005,1,5,9,13.46,47.94,380.0,603.56,113.0,273.58,5.04,278.0,1013.06,
2005,1,5,10,15.29,41.83,535.0,673.99,154.0,279.25,6.26,281.0,1012.96,
2005,1,5,11,15.87,40.97,632.0,694.29,189.0,282.42,6.89,283.0,1012.23,
2005,1,5,12,16.44,40.11,639.0,602.4,244.0,285.58,7.52,285.0,1011.5,
2005,1,5,13,17.02,39.25,463.0,207.44,335.0,288.75,8.15,287.0,1010.77,
2005,1,5,14,16.33,40.66,506.0,508.83,239.0,286.88,7.54,290.0,1010.91,
2005,1,5,15,15.65,42.08,39.0,0.0,39.0,285.02,6.92,293.0,1011.04,
2005,1,5,16,14.96,43.49,77.0,0.0,77.0,283.15,6.3,296.0,1011.17,
2005,1,5,17,14.18,46.71,6.0,0.0,6.0,280.6,6.22,301.0,1012.1,
2005,1,5,18,13.4,49.93,0.0,0.0,0.0,278.05,6.13,306.0,1013.02,
2005,1,5,19,12.62,53.15,0.0,0.0,0.0,275.5,6.04,310.0,1013.95,
2005,1,5,20,12.07,57.64,0.0,0.0,0.0,274.0,5.92,314.0,1014.35,
2005,1,5,21,11.52,62.14,0.0,0.0,0.0,272.5,5.8,318.0,1014.74,
2005,1,5,22,10.98,66.63,0.0,0.0,0.0,271.0,5.68,322.0,1015.14,
2005,1,5,23,10.64,69.05,0.0,0.0,0.0,269.63,5.57,322.0,1015.27,
2005,1,6,0,10.31,71.48,0.0,0.0,0.0,268.27,5.45,323.0,1015.41,
2005,1,6,1,9.98,73.9,0.0,0.0,0.0,266.9,5.34,324.0,1015.54,
2005,1,6,2,9.57,73.46,0.0,0.0,0.0,265.57,5.11,324.0,1015.5,
2005,1,6,3,9.17,73.03,0.0,0.0,0.0,264.23,4.88,324.0,1015.47,
2005,1,6,4,8.76,72.59,0.0,0.0,0.0,262.9,4.65,324.0,1015.44,
2005,1,6,5,9.06,71.65,0.0,0.0,0.0,261.37,4.39,325.0,1016.0,
2005,1,6,6,9.36,70.72,0.0,0.0,0.0,259.83,4.12,325.0,1016.56,
2005,1,6,7,9.66,69.78,1.0,12.19,0.0,258.3,3.86,326.0,1017.13,
2005,1,6,8,11.04,62.43,185.0,428.67,66.0,261.48,4.49,329.0,1017.16,
2005,1,6,9,12.41,55.08,389.0,652.83,100.0,264.67,5.11,333.0,1017.19,
2005,1,6,10,13.79,47.73,551.0,743.77,130.0,267.85,5.74,336.0,1017.22,
2005,1,6,11,14.63,42.69,677.0,877.6,116.0,268.08,5.82,337.0,1016.3,
2005,1,6,12,15.46,37.66,717.0,888.47,133.0,268.32,5.9,338.0,1015.37,
2005,1,6,13,16.29,32.62,677.0,838.42,158.0,268.55,5.99,339.0,1014.45,
2005,1,6,14,15.63,34.99,562.0,724.89,180.0,266.73,5.41,337.0,1014.45,
2005,1,6,15,14.97,37.37,438.0,823.34,119.0,264.92,4.83,335.0,1014.45,
2005,1,6,16,14.31,39.74,241.0,719.24,90.0,263.1,4.25,333.0,1014.45,
2005,1,6,17,13.29,44.08,27.0,0.0,27.0,262.62,4.17,332.0,1015.07,
2005,1,6,18,12.28,48.42,0.0,0.0,0.0,262.13,4.1,330.0,1015.7,
2005,1,6,19,11.26,52.76,0.0,0.0,0.0,261.65,4.03,329.0,1016.33,
2005,1,6,20,10.89,55.29,0.0,0.0,0.0,261.77,3.97,331.0,1016.33,
2005,1,6,21,10.52,57.81,0.0,0.0,0.0,261.88,3.92,334.0,1016.33,
2005,1,6,22,10.15,60.34,0.0,0.0,0.0,262.0,3.86,337.0,1016.33,
2005,1,6,23,9.9,62.41,0.0,0.0,0.0,261.92,3.77,340.0,1016.3,
2005,1,7,0,9.66,64.47,0.0,0.0,0.0,261.83,3.68,343.0,1016.27,
2005,1,7,1,9.42,66.54,0.0,0.0,0.0,261.75,3.59,346.0,1016.23,
2005,1,7,2,8.96,66.98,0.0,0.0,0.0,260.87,3.43,347.0,1016.03,
2005,1,7,3,8.51,67.41,0.0,0.0,0.0,259.98,3.27,349.0,1015.84,
2005,1,7,4,8.05,67.85,0.0,0.0,0.0,259.1,3.12,351.0,1015.64,
2005,1,7,5,8.48,65.74,0.0,0.0,0.0,258.97,2.99,351.0,1015.9,
2005,1,7,6,8.92,63.63,0.0,0.0,0.0,258.83,2.87,352.0,1016.17,
2005,1,7,7,9.35,61.52,1.0,12.24,0.0,258.7,2.74,352.0,1016.43,
2005,1,7,8,11.12,55.01,185.0,428.66,66.0,263.22,3.26,353.0,1016.17,
2005,1,7,9,12.88,48.49,380.0,604.84,112.0,267.73,3.77,354.0,1015.9,
2005,1,7,10,14.65,41.98,545.0,716.2,139.0,272.25,4.29,355.0,1015.64,
2005,1,7,11,15.38,39.2,623.0,654.16,204.0,272.17,4.37,352.0,1014.71,
2005,1,7,12,16.1,36.42,711.0,855.84,147.0,272.08,4.46,349.0,1013.78,
2005,1,7,13,16.82,33.64,609.0,574.82,252.0,272.0,4.54,346.0,1012.86,
2005,1,7,14,16.15,36.89,524.0,559.23,228.0,269.68,3.99,343.0,1012.86,
2005,1,7,15,15.47,40.15,410.0,646.25,158.0,267.37,3.43,340.0,1012.86,
2005,1,7,16,14.8,43.4,226.0,559.97,107.0,265.05,2.88,337.0,1012.86,
2005,1,7,17,13.51,47.29,27.0,0.0,27.0,263.53,3.07,334.0,1013.29,
2005,1,7,18,12.22,51.17,0.0,0.0,0.0,262.02,3.25,331.0,1013.72,
2005,1,7,19,10.93,55.06,0.0,0.0,0.0,260.5,3.43,328.0,1014.15,
2005,1,7,20,10.44,56.89,0.0,0.0,0.0,259.88,3.43,330.0,1014.18,
2005,1,7,21,9.95,58.72,0.0,0.0,0.0,259.27,3.42,332.0,1014.21,
2005,1,7,22,9.46,60.55,0.0,0.0,0.0,258.65,3.41,335.0,1014.25,
2005,1,7,23,9.1,62.84,0.0,0.0,0.0,258.0,3.31,337.0,1014.02,
2005,1,8,0,8.75,65.13,0.0,0.0,0.0,257.35,3.2,339.0,1013.78,
2005,1,8,1,8.4,67.42,0.0,0.0,0.0,256.7,3.1,340.0,1013.55,
2005,1,8,2,8.04,68.41,0.0,0.0,0.0,256.67,2.86,340.0,1013.32,
2005,1,8,3,7.68,69.39,0.0,0.0,0.0,256.63,2.61,340.0,1013.09,
2005,1,8,4,7.32,70.38,0.0,0.0,0.0,256.6,2.36,339.0,1012.86,
2005,1,8,5,7.82,67.64,0.0,0.0,0.0,257.13,2.21,333.0,1013.26,
2005,1,8,6,8.32,64.91,0.0,0.0,0.0,257.67,2.06,326.0,1013.65,
2005,1,8,7,8.82,62.17,1.0,12.28,0.0,258.2,1.9,319.0,1014.05,
2005,1,8,8,10.89,54.87,185.0,428.51,66.0,263.15,2.57,317.0,1013.82,
2005,1,8,9,12.97,47.56,365.0,525.25,132.0,268.1,3.23,314.0,1013.59,
2005,1,8,10,15.04,40.26,564.0,803.08,108.0,273.05,3.89,311.0,1013.35,
2005,1,8,11,15.68,39.05,647.0,738.44,173.0,273.0,4.18,308.0,1012.33,
2005,1,8,12,16.31,37.85,713.0,855.05,148.0,272.95,4.48,304.0,1011.3,
2005,1,8,13,16.95,36.64,584.0,489.41,279.0,272.9,4.77,301.0,1010.28,
2005,1,8,14,16.42,38.72,570.0,741.03,176.0,270.07,4.29,297.0,1010.31,
2005,1,8,15,15.88,40.81,446.0,840.75,116.0,267.23,3.82,294.0,1010.34,
2005,1,8,16,15.35,42.89,230.0,571.75,107.0,264.4,3.34,290.0,1010.38,
2005,1,8,17,14.15,47.93,28.0,0.0,28.0,262.88,3.32,290.0,1010.94,
2005,1,8,18,12.94,52.98,0.0,0.0,0.0,261.37,3.31,289.0,1011.5,
2005,1,8,19,11.74,58.02,0.0,0.0,0.0,259.85,3.3,289.0,1012.06,
2005,1,8,20,11.58,59.6,0.0,0.0,0.0,262.3,3.23,289.0,1012.2,
2005,1,8,21,11.42,61.19,0.0,0.0,0.0,264.75,3.16,289.0,1012.33,
2005,1,8,22,11.26,62.77,0.0,0.0,0.0,267.2,3.09,290.0,1012.46,
2005,1,8,23,11.04,64.23,0.0,0.0,0.0,268.32,3.05,290.0,1012.33,
2005,1,9,0,10.82,65.69,0.0,0.0,0.0,269.43,3.02,290.0,1012.2,
2005,1,9,1,10.61,67.15,0.0,0.0,0.0,270.55,2.98,290.0,1012.06,
2005,1,9,2,10.39,65.61,0.0,0.0,0.0,274.38,2.96,292.0,1012.13,
2005,1,9,3,10.18,64.06,0.0,0.0,0.0,278.22,2.94,294.0,1012.2,
2005,1,9,4,9.96,62.52,0.0,0.0,0.0,282.05,2.92,296.0,1012.26,
2005,1,9,5,10.08,61.22,0.0,0.0,0.0,275.33,2.72,292.0,1012.69,
2005,1,9,6,10.21,59.91,0.0,0.0,0.0,268.62,2.52,289.0,1013.12,
2005,1,9,7,10.33,58.61,1.0,12.3,0.0,261.9,2.32,285.0,1013.55,
2005,1,9,8,11.67,51.64,168.0,309.47,82.0,265.35,3.05,287.0,1013.55,
2005,1,9,9,13.02,44.68,348.0,443.5,151.0,268.8,3.79,290.0,1013.55,
2005,1,9,10,14.36,37.71,538.0,675.05,154.0,272.25,4.52,292.0,1013.55,
2005,1,9,11,15.19,35.63,505.0,299.99,312.0,272.55,5.03,298.0,1012.89,
2005,1,9,12,16.02,33.55,650.0,617.22,241.0,272.85,5.54,304.0,1012.23,
2005,1,9,13,16.85,31.47,637.0,657.18,226.0,273.15,6.04,309.0,1011.57,
2005,1,9,14,16.11,34.01,563.0,698.3,190.0,270.58,5.44,313.0,1012.03,
2005,1,9,15,15.36,36.55,461.0,926.28,95.0,268.02,4.85,317.0,1012.49,
2005,1,9,16,14.62,39.09,255.0,780.54,85.0,265.45,4.25,321.0,1012.96,
2005,1,9,17,13.55,43.02,28.0,0.0,28.0,264.57,4.18,322.0,1013.78,
2005,1,9,18,12.47,46.94,0.0,0.0,0.0,263.68,4.12,323.0,1014.61,
2005,1,9,19,11.4,50.87,0.0,0.0,0.0,262.8,4.06,323.0,1015.44,
2005,1,9,20,10.97,52.71,0.0,0.0,0.0,261.87,4.03,324.0,1015.7,
2005,1,9,21,10.54,54.54,0.0,0.0,0.0,260.93,4.01,326.0,1015.97,
2005,1,9,22,10.12,56.38,0.0,0.0,0.0,260.0,3.99,327.0,1016.23,
2005,1,9,23,9.86,58.55,0.0,0.0,0.0,259.48,4.0,329.0,1016.3,
2005,1,10,0,9.6,60.73,0.0,0.0,0.0,258.97,4.02,331.0,1016.36,
2005,1,10,1,9.34,62.9,0.0,0.0,0.0,258.45,4.04,333.0,1016.43,
2005,1,10,2,8.99,63.93,0.0,0.0,0.0,257.32,4.0,337.0,1016.4,
2005,1,10,3,8.63,64.95,0.0,0.0,0.0,256.18,3.95,341.0,1016.36,
2005,1,10,4,8.28,65.98,0.0,0.0,0.0,255.05,3.9,345.0,1016.33,
2005,1,10,5,8.73,66.42,0.0,0.0,0.0,255.27,3.78,346.0,1016.99,
2005,1,10,6,9.18,66.87,0.0,0.0,0.0,255.48,3.66,348.0,1017.65,
2005,1,10,7,9.63,67.31,1.0,12.32,0.0,255.7,3.54,350.0,1018.32,
2005,1,10,8,11.26,60.23,185.0,427.79,66.0,260.53,4.12,354.0,1018.32,
2005,1,10,9,12.89,53.14,398.0,701.3,86.0,265.37,4.7,358.0,1018.32,
2005,1,10,10,14.52,46.06,539.0,675.46,154.0,270.2,5.28,2.0,1018.32,
2005,1,10,11,15.46,42.11,638.0,696.21,189.0,271.57,5.29,2.0,1017.56,
2005,1,10,12,16.39,38.17,729.0,905.8,127.0,272.93,5.3,3.0,1016.79,
2005,1,10,13,17.32,34.22,671.0,777.46,183.0,274.3,5.31,3.0,1016.03,
2005,1,10,14,16.73,36.33,629.0,1009.89,87.0,272.93,4.79,359.0,1016.13,
2005,1,10,15,16.14,38.43,455.0,859.7,113.0,271.57,4.26,355.0,1016.23,
2005,1,10,16,15.55,40.54,270.0,920.57,67.0,270.2,3.74,351.0,1016.33,
2005,1,10,17,14.39,44.87,32.0,0.0,32.0,268.72,3.85,349.0,1016.79,
2005,1,10,18,13.23,49.19,0.0,0.0,0.0,267.23,3.97,348.0,1017.26,
2005,1,10,19,12.07,53.52,0.0,0.0,0.0,265.75,4.08,347.0,1017.72,
2005,1,10,20,11.55,55.86,0.0,0.0,0.0,265.12,4.01,348.0,1017.99,
2005,1,10,21,11.04,58.21,0.0,0.0,0.0,264.48,3.94,349.0,1018.25,
2005,1,10,22,10.53,60.55,0.0,0.0,0.0,263.85,3.88,350.0,1018.51,
2005,1,10,23,10.07,62.73,0.0,0.0,0.0,263.08,3.75,351.0,1018.48,
2005,1,11,0,9.61,64.9,0.0,0.0,0.0,262.32,3.63,352.0,1018.45,
2005,1,11,1,9.16,67.08,0.0,0.0,0.0,261.55,3.5,352.0,1018.42,
2005,1,11,2,8.7,67.43,0.0,0.0,0.0,259.92,3.35,354.0,1018.08,
2005,1,11,3,8.25,67.77,0.0,0.0,0.0,258.28,3.19,357.0,1017.75,
2005,1,11,4,7.79,68.12,0.0,0.0,0.0,256.65,3.03,359.0,1017.42,
2005,1,11,5,8.35,65.64,0.0,0.0,0.0,256.73,2.84,359.0,1017.75,
2005,1,11,6,8.91,63.16,0.0,0.0,0.0,256.82,2.64,0.0,1018.08,
2005,1,11,7,9.47,60.68,1.0,12.32,0.0,256.9,2.44,1.0,1018.42,
2005,1,11,8,11.6,52.78,185.0,427.22,66.0,262.05,2.92,1.0,1018.22,
2005,1,11,9,13.73,44.89,393.0,664.16,97.0,267.2,3.41,0.0,1018.02,
2005,1,11,10,15.86,36.99,568.0,803.57,109.0,272.35,3.89,0.0,1017.82,
2005,1,11,11,16.83,33.86,663.0,784.14,156.0,273.42,4.04,358.0,1016.86,
2005,1,11,12,17.8,30.72,715.0,840.03,155.0,274.48,4.19,357.0,1015.9,
2005,1,11,13,18.77,27.59,685.0,825.33,165.0,275.55,4.34,355.0,1014.94,
2005,1,11,14,18.02,30.92,592.0,806.61,157.0,273.35,3.91,354.0,1014.78,
2005,1,11,15,17.26,34.26,450.0,811.38,125.0,271.15,3.48,354.0,1014.61,
2005,1,11,16,16.51,37.59,244.0,627.02,104.0,268.95,3.05,353.0,1014.45,
2005,1,11,17,15.12,41.63,31.0,0.0,31.0,266.58,3.18,352.0,1014.84,
2005,1,11,18,13.74,45.67,0.0,0.0,0.0,264.22,3.31,350.0,1015.24,
2005,1,11,19,12.35,49.71,0.0,0.0,0.0,261.85,3.43,349.0,1015.64,
2005,1,11,20,11.76,52.39,0.0,0.0,0.0,260.8,3.4,350.0,1015.8,
2005,1,11,21,11.17,55.07,0.0,0.0,0.0,259.75,3.36,351.0,1015.97,
2005,1,11,22,10.59,57.75,0.0,0.0,0.0,258.7,3.32,353.0,1016.13,
2005,1,11,23,10.13,60.66,0.0,0.0,0.0,258.55,3.25,355.0,1016.07,
2005,1,12,0,9.67,63.58,0.0,0.0,0.0,258.4,3.18,357.0,1016.0,
2005,1,12,1,9.21,66.49,0.0,0.0,0.0,258.25,3.1,359.0,1015.93,
2005,1,12,2,8.8,68.12,0.0,0.0,0.0,258.18,2.97,359.0,1015.67,
2005,1,12,3,8.39,69.76,0.0,0.0,0.0,258.12,2.83,0.0,1015.41,
2005,1,12,4,7.98,71.39,0.0,0.0,0.0,258.05,2.69,1.0,1015.14,
2005,1,12,5,8.44,70.05,0.0,0.0,0.0,259.45,2.46,1.0,1015.67,
2005,1,12,6,8.9,68.72,0.0,0.0,0.0,260.85,2.23,1.0,1016.2,
2005,1,12,7,9.36,67.38,1.0,12.3,0.0,262.25,2.0,0.0,1016.73,
2005,1,12,8,11.76,60.52,186.0,430.09,66.0,268.62,1.97,3.0,1016.56,
2005,1,12,9,14.15,53.66,394.0,665.09,97.0,274.98,1.94,5.0,1016.4,
2005,1,12,10,16.55,46.8,569.0,803.47,109.0,281.35,1.9,8.0,1016.23,
2005,1,12,11,17.51,43.68,672.0,815.97,143.0,283.02,1.8,12.0,1015.21,
2005,1,12,12,18.47,40.55,717.0,840.35,155.0,284.68,1.7,16.0,1014.18,
2005,1,12,13,19.43,37.43,688.0,825.31,166.0,286.35,1.6,20.0,1013.16,
2005,1,12,14,18.79,41.32,609.0,872.75,136.0,283.43,1.63,13.0,1012.99,
2005,1,12,15,18.14,45.21,456.0,830.56,121.0,280.52,1.66,6.0,1012.83,
2005,1,12,16,17.5,49.1,250.0,654.62,102.0,277.6,1.68,359.0,1012.66,
2005,1,12,17,15.98,52.94,32.0,0.0,32.0,278.18,1.95,354.0,1012.99,
2005,1,12,18,14.47,56.78,0.0,0.0,0.0,278.77,2.22,348.0,1013.32,
2005,1,12,19,12.95,60.62,0.0,0.0,0.0,279.35,2.48,342.0,1013.65,
2005,1,12,20,12.49,64.41,0.0,0.0,0.0,281.73,2.48,343.0,1013.75,
2005,1,12,21,12.04,68.21,0.0,0.0,0.0,284.12,2.47,345.0,1013.85,
2005,1,12,22,11.59,72.0,0.0,0.0,0.0,286.5,2.47,347.0,1013.95,
2005,1,12,23,11.06,73.93,0.0,0.0,0.0,283.67,2.44,348.0,1013.72,
2005,1,13,0,10.53,75.86,0.0,0.0,0.0,280.83,2.41,350.0,1013.49,
2005,1,13,1,10.01,77.79,0.0,0.0,0.0,278.0,2.39,351.0,1013.26,
2005,1,13,2,9.37,78.49,0.0,0.0,0.0,274.03,2.26,350.0,1013.02,
2005,1,13,3,8.74,79.18,0.0,0.0,0.0,270.07,2.13,349.0,1012.79,
2005,1,13,4,8.1,79.88,0.0,0.0,0.0,266.1,2.0,349.0,1012.56,
2005,1,13,5,8.56,75.93,0.0,0.0,0.0,266.42,1.83,349.0,1012.86,
2005,1,13,6,9.01,71.98,0.0,0.0,0.0,266.73,1.65,350.0,1013.16,
2005,1,13,7,9.47,68.03,1.0,12.27,0.0,267.05,1.48,350.0,1013.45,
2005,1,13,8,12.04,58.16,177.0,364.85,75.0,272.3,1.49,350.0,1013.35,
2005,1,13,9,14.61,48.3,377.0,569.79,122.0,277.55,1.5,350.0,1013.26,
2005,1,13,10,17.18,38.43,546.0,689.98,150.0,282.8,1.52,349.0,1013.16,
2005,1,13,11,18.16,35.53,667.0,785.99,156.0,283.13,1.39,343.0,1012.1,
2005,1,13,12,19.13,32.62,712.0,809.27,169.0,283.47,1.27,336.0,1011.04,
2005,1,13,13,20.11,29.72,683.0,793.69,179.0,283.8,1.14,330.0,1009.98,
2005,1,13,14,19.25,29.04,595.0,791.27,164.0,280.32,1.05,328.0,1009.78,
2005,1,13,15,18.4,28.37,428.0,649.94,164.0,276.83,0.95,326.0,1009.58,
2005,1,13,16,17.54,27.69,152.0,87.36,132.0,273.35,0.86,325.0,1009.39,
2005,1,13,17,15.96,37.32,33.0,0.0,33.0,272.12,1.44,318.0,1009.85,
2005,1,13,18,14.37,46.96,0.0,0.0,0.0,270.88,2.03,312.0,1010.31,
2005,1,13,19,12.79,56.59,0.0,0.0,0.0,269.65,2.62,305.0,1010.77,
2005,1,13,20,12.37,60.56,0.0,0.0,0.0,268.62,2.61,311.0,1010.77,
2005,1,13,21,11.96,64.52,0.0,0.0,0.0,267.58,2.6,318.0,1010.77,
2005,1,13,22,11.55,68.49,0.0,0.0,0.0,266.55,2.59,324.0,1010.77,
2005,1,13,23,11.16,70.03,0.0,0.0,0.0,268.05,2.54,326.0,1010.44,
2005,1,14,0,10.77,71.57,0.0,0.0,0.0,269.55,2.49,329.0,1010.11,
2005,1,14,1,10.39,73.11,0.0,0.0,0.0,271.05,2.44,331.0,1009.78,
2005,1,14,2,9.64,73.49,0.0,0.0,0.0,269.82,2.3,331.0,1009.52,
2005,1,14,3,8.89,73.87,0.0,0.0,0.0,268.58,2.17,331.0,1009.25,
2005,1,14,4,8.14,74.25,0.0,0.0,0.0,267.35,2.03,331.0,1008.99,
2005,1,14,5,8.63,71.86,0.0,0.0,0.0,267.57,1.83,327.0,1009.35,
2005,1,14,6,9.13,69.47,0.0,0.0,0.0,267.78,1.62,324.0,1009.72,
2005,1,14,7,9.62,67.08,1.0,12.23,0.0,268.0,1.42,321.0,1010.08,
2005,1,14,8,11.99,58.0,171.0,317.62,82.0,273.47,1.75,311.0,1009.95,
2005,1,14,9,14.36,48.93,290.0,218.46,192.0,278.93,2.08,301.0,1009.82,
2005,1,14,10,16.73,39.85,528.0,609.98,177.0,284.4,2.41,291.0,1009.68,
2005,1,14,11,17.55,37.13,642.0,682.46,197.0,293.07,3.05,289.0,1008.79,
2005,1,14,12,18.37,34.4,404.0,83.18,348.0,301.73,3.69,287.0,1007.9,
2005,1,14,13,19.19,31.68,463.0,181.93,347.0,310.4,4.33,285.0,1007.0,
2005,1,14,14,18.54,34.72,459.0,303.2,293.0,307.85,4.04,289.0,1006.97,
2005,1,14,15,17.89,37.75,41.0,0.0,41.0,305.3,3.75,293.0,1006.94,
2005,1,14,16,17.24,40.79,32.0,0.0,32.0,302.75,3.46,297.0,1006.9,
2005,1,14,17,15.83,45.53,19.0,0.0,19.0,298.82,3.61,301.0,1007.33,
2005,1,14,18,14.42,50.27,0.0,0.0,0.0,294.88,3.76,305.0,1007.76,
2005,1,14,19,13.01,55.01,0.0,0.0,0.0,290.95,3.9,309.0,1008.19,
2005,1,14,20,12.43,58.74,0.0,0.0,0.0,283.08,3.89,312.0,1008.43,
2005,1,14,21,11.85,62.47,0.0,0.0,0.0,275.22,3.87,316.0,1008.66,
2005,1,14,22,11.27,66.2,0.0,0.0,0.0,267.35,3.85,319.0,1008.89,
2005,1,14,23,10.9,69.04,0.0,0.0,0.0,266.18,3.75,320.0,1008.86,
2005,1,15,0,10.53,71.88,0.0,0.0,0.0,265.02,3.65,321.0,1008.82,
2005,1,15,1,10.16,74.72,0.0,0.0,0.0,263.85,3.54,323.0,1008.79,
2005,1,15,2,9.61,75.29,0.0,0.0,0.0,262.63,3.41,323.0,1008.79,
2005,1,15,3,9.07,75.86,0.0,0.0,0.0,261.42,3.27,324.0,1008.79,
2005,1,15,4,8.52,76.43,0.0,0.0,0.0,260.2,3.13,324.0,1008.79,
2005,1,15,5,8.88,74.05,0.0,0.0,0.0,259.15,2.91,322.0,1009.15,
2005,1,15,6,9.25,71.68,0.0,0.0,0.0,258.1,2.7,321.0,1009.52,
2005,1,15,7,9.61,69.3,1.0,12.18,0.0,257.05,2.48,319.0,1009.88,
2005,1,15,8,11.58,60.06,188.0,437.8,65.0,261.75,3.02,320.0,1009.75,
2005,1,15,9,13.56,50.83,388.0,615.89,111.0,266.45,3.56,321.0,1009.62,
2005,1,15,10,15.53,41.59,558.0,731.35,136.0,271.15,4.1,322.0,1009.48,
2005,1,15,11,16.41,38.31,663.0,755.29,169.0,271.25,4.22,319.0,1008.56,
2005,1,15,12,17.28,35.04,709.0,778.54,183.0,271.35,4.34,317.0,1007.63,
2005,1,15,13,18.16,31.76,693.0,812.18,173.0,271.45,4.46,315.0,1006.71,
2005,1,15,14,17.44,35.33,580.0,701.38,194.0,269.35,3.99,313.0,1006.84,
2005,1,15,15,16.72,38.91,429.0,626.16,171.0,267.25,3.53,311.0,1006.97,
2005,1,15,16,16.0,42.48,256.0,630.45,108.0,265.15,3.06,309.0,1007.1,
2005,1,15,17,14.31,48.58,37.0,0.0,37.0,263.13,3.09,309.0,1007.53,
2005,1,15,18,12.62,54.67,0.0,0.0,0.0,261.12,3.11,309.0,1007.96,
2005,1,15,19,10.93,60.77,0.0,0.0,0.0,259.1,3.13,309.0,1008.39,
2005,1,15,20,10.26,64.09,0.0,0.0,0.0,258.98,3.03,313.0,1008.46,
2005,1,15,21,9.6,67.41,0.0,0.0,0.0,258.87,2.92,316.0,1008.53,
2005,1,15,22,8.94,70.73,0.0,0.0,0.0,258.75,2.81,320.0,1008.59,
2005,1,15,23,8.54,73.12,0.0,0.0,0.0,259.52,2.73,323.0,1008.49,
2005,1,16,0,8.14,75.51,0.0,0.0,0.0,260.28,2.64,327.0,1008.39,
2005,1,16,1,7.74,77.9,0.0,0.0,0.0,261.05,2.55,330.0,1008.29,
2005,1,16,2,7.57,77.69,0.0,0.0,0.0,261.13,2.46,331.0,1008.26,
2005,1,16,3,7.4,77.49,0.0,0.0,0.0,261.22,2.36,331.0,1008.23,
2005,1,16,4,7.23,77.28,0.0,0.0,0.0,261.3,2.26,332.0,1008.19,
2005,1,16,5,7.7,74.51,0.0,0.0,0.0,262.33,2.02,330.0,1008.59,
2005,1,16,6,8.16,71.73,0.0,0.0,0.0,263.37,1.78,328.0,1008.99,
2005,1,16,7,8.63,68.96,1.0,12.12,0.0,264.4,1.54,326.0,1009.39,
2005,1,16,8,10.9,59.83,196.0,496.84,56.0,269.1,1.9,318.0,1009.29,
2005,1,16,9,13.18,50.69,380.0,569.83,123.0,273.8,2.26,309.0,1009.19,
2005,1,16,10,15.45,41.56,560.0,732.68,136.0,278.5,2.62,301.0,1009.09,
2005,1,16,11,16.24,38.79,665.0,755.93,169.0,277.62,3.21,293.0,1008.43,
2005,1,16,12,17.03,36.02,711.0,778.69,183.0,276.73,3.8,286.0,1007.76,
2005,1,16,13,17.82,33.25,688.0,780.75,186.0,275.85,4.39,279.0,1007.1,
2005,1,16,14,17.12,34.91,608.0,809.75,160.0,271.82,4.11,281.0,1007.2,
2005,1,16,15,16.42,36.58,456.0,754.16,143.0,267.78,3.83,284.0,1007.3,
2005,1,16,16,15.72,38.24,261.0,643.62,108.0,263.75,3.56,286.0,1007.4,
2005,1,16,17,14.21,43.91,37.0,0.0,37.0,262.17,3.49,291.0,1007.96,
2005,1,16,18,12.69,49.57,0.0,0.0,0.0,260.58,3.41,296.0,1008.53,
2005,1,16,19,11.18,55.24,0.0,0.0,0.0,259.0,3.34,301.0,1009.09,
2005,1,16,20,10.47,58.57,0.0,0.0,0.0,258.43,3.2,305.0,1009.32,
2005,1,16,21,9.77,61.89,0.0,0.0,0.0,257.87,3.05,308.0,1009.55,
2005,1,16,22,9.07,65.22,0.0,0.0,0.0,257.3,2.91,312.0,1009.78,
2005,1,16,23,8.59,67.79,0.0,0.0,0.0,257.3,2.78,312.0,1009.75,
2005,1,17,0,8.11,70.35,0.0,0.0,0.0,257.3,2.65,311.0,1009.72,
2005,1,17,1,7.63,72.92,0.0,0.0,0.0,257.3,2.52,311.0,1009.68,
2005,1,17,2,7.54,71.78,0.0,0.0,0.0,257.13,2.53,309.0,1009.75,
2005,1,17,3,7.46,70.64,0.0,0.0,0.0,256.97,2.54,308.0,1009.82,
2005,1,17,4,7.37,69.5,0.0,0.0,0.0,256.8,2.55,306.0,1009.88,
2005,1,17,5,7.68,67.66,0.0,0.0,0.0,256.53,2.22,303.0,1010.25,
2005,1,17,6,8.0,65.81,0.0,0.0,0.0,256.27,1.88,301.0,1010.61,
2005,1,17,7,8.31,63.97,1.0,12.04,0.0,256.0,1.54,298.0,1010.97,
2005,1,17,8,10.36,55.7,189.0,438.63,65.0,260.3,1.84,291.0,1010.91,
2005,1,17,9,12.41,47.44,401.0,678.68,94.0,264.6,2.13,285.0,1010.84,
2005,1,17,10,14.46,39.17,589.0,866.55,86.0,268.9,2.43,278.0,1010.77,
2005,1,17,11,15.27,36.7,679.0,802.05,151.0,267.58,3.12,274.0,1009.82,
2005,1,17,12,16.07,34.22,735.0,859.56,150.0,266.27,3.82,269.0,1008.86,
2005,1,17,13,16.88,31.75,711.0,862.55,154.0,264.95,4.51,264.0,1007.9,
2005,1,17,14,16.19,32.13,604.0,778.46,171.0,261.12,4.4,265.0,1008.03,
2005,1,17,15,15.51,32.51,462.0,772.6,139.0,257.28,4.28,266.0,1008.16,
2005,1,17,16,14.82,32.89,267.0,673.0,105.0,253.45,4.17,267.0,1008.29,
2005,1,17,17,13.52,37.78,38.0,0.0,38.0,251.77,3.94,268.0,1008.79,
2005,1,17,18,12.23,42.67,0.0,0.0,0.0,250.08,3.72,269.0,1009.29,
2005,1,17,19,10.93,47.56,0.0,0.0,0.0,248.4,3.5,270.0,1009.78,
2005,1,17,20,10.41,50.03,0.0,0.0,0.0,247.45,3.42,270.0,1009.88,
2005,1,17,21,9.89,52.51,0.0,0.0,0.0,246.5,3.33,270.0,1009.98,
2005,1,17,22,9.38,54.98,0.0,0.0,0.0,245.55,3.24,270.0,1010.08,
2005,1,17,23,9.14,56.49,0.0,0.0,0.0,247.28,3.23,270.0,1009.91,
2005,1,18,0,8.9,57.99,0.0,0.0,0.0,249.02,3.21,271.0,1009.75,
2005,1,18,1,8.66,59.5,0.0,0.0,0.0,250.75,3.2,272.0,1009.58,
2005,1,18,2,8.34,59.66,0.0,0.0,0.0,253.37,3.13,274.0,1009.55,
2005,1,18,3,8.03,59.83,0.0,0.0,0.0,255.98,3.05,276.0,1009.52,
2005,1,18,4,7.71,59.99,0.0,0.0,0.0,258.6,2.98,278.0,1009.48,
2005,1,18,5,8.04,58.74,0.0,0.0,0.0,261.08,2.7,272.0,1009.91,
2005,1,18,6,8.38,57.48,0.0,0.0,0.0,263.57,2.43,267.0,1010.34,
2005,1,18,7,8.71,56.23,1.0,11.95,0.0,266.05,2.15,262.0,1010.77,
2005,1,18,8,10.28,49.68,167.0,278.45,88.0,266.72,3.12,264.0,1010.54,
2005,1,18,9,11.84,43.12,342.0,387.85,166.0,267.38,4.09,266.0,1010.31,
2005,1,18,10,13.41,36.57,509.0,515.18,209.0,268.05,5.06,269.0,1010.08,
2005,1,18,11,14.12,34.63,635.0,629.77,219.0,266.25,5.66,269.0,1009.02,
2005,1,18,12,14.83,32.68,679.0,648.45,236.0,264.45,6.25,270.0,1007.96,
2005,1,18,13,15.54,30.74,625.0,541.15,274.0,262.65,6.84,271.0,1006.9,
2005,1,18,14,14.81,31.9,565.0,604.39,227.0,259.8,6.34,271.0,1006.81,
2005,1,18,15,14.09,33.06,422.0,548.5,191.0,256.95,5.83,271.0,1006.71,
2005,1,18,16,13.36,34.22,282.0,775.4,93.0,254.1,5.32,271.0,1006.61,
2005,1,18,17,12.4,37.76,37.0,0.0,37.0,252.35,4.92,272.0,1007.14,
2005,1,18,18,11.45,41.3,0.0,0.0,0.0,250.6,4.51,273.0,1007.67,
2005,1,18,19,10.49,44.84,0.0,0.0,0.0,248.85,4.11,274.0,1008.19,
2005,1,18,20,10.34,46.29,0.0,0.0,0.0,249.63,4.0,272.0,1008.43,
2005,1,18,21,10.2,47.75,0.0,0.0,0.0,250.42,3.89,271.0,1008.66,
2005,1,18,22,10.06,49.2,0.0,0.0,0.0,251.2,3.78,270.0,1008.89,
2005,1,18,23,9.68,52.62,0.0,0.0,0.0,251.25,3.66,267.0,1008.79,
2005,1,19,0,9.31,56.03,0.0,0.0,0.0,251.3,3.55,264.0,1008.69,
2005,1,19,1,8.94,59.45,0.0,0.0,0.0,251.35,3.43,261.0,1008.59,
2005,1,19,2,8.71,60.88,0.0,0.0,0.0,252.87,3.33,261.0,1008.46,
2005,1,19,3,8.47,62.31,0.0,0.0,0.0,254.38,3.23,260.0,1008.33,
2005,1,19,4,8.24,63.74,0.0,0.0,0.0,255.9,3.13,260.0,1008.19,
2005,1,19,5,8.59,63.18,0.0,0.0,0.0,256.85,2.86,260.0,1008.86,
2005,1,19,6,8.93,62.63,0.0,0.0,0.0,257.8,2.58,260.0,1009.52,
2005,1,19,7,9.28,62.07,1.0,11.85,0.0,258.75,2.3,260.0,1010.18,
2005,1,19,8,10.75,57.04,192.0,449.42,64.0,262.92,2.94,266.0,1010.11,
2005,1,19,9,12.23,52.02,413.0,731.38,80.0,267.08,3.58,272.0,1010.05,
2005,1,19,10,13.7,46.99,587.0,836.95,98.0,271.25,4.22,278.0,1009.98,
2005,1,19,11,14.62,43.97,684.0,804.05,151.0,271.43,4.31,280.0,1009.02,
2005,1,19,12,15.53,40.96,716.0,765.49,191.0,271.62,4.4,281.0,1008.06,
2005,1,19,13,16.44,37.94,587.0,425.15,310.0,271.8,4.5,282.0,1007.1,
2005,1,19,14,15.87,39.87,647.0,946.08,115.0,268.63,4.09,283.0,1007.27,
2005,1,19,15,15.3,41.8,474.0,803.73,133.0,265.47,3.69,284.0,1007.43,
2005,1,19,16,14.73,43.73,299.0,915.7,73.0,262.3,3.28,285.0,1007.6,
2005,1,19,17,13.39,50.81,79.0,1023.56,36.0,260.18,2.93,288.0,1008.23,
2005,1,19,18,12.04,57.88,0.0,0.0,0.0,258.07,2.57,291.0,1008.86,
2005,1,19,19,10.7,64.96,0.0,0.0,0.0,255.95,2.22,293.0,1009.48,
2005,1,19,20,10.88,61.92,0.0,0.0,0.0,255.73,1.81,304.0,1009.55,
2005,1,19,21,11.07,58.88,0.0,0.0,0.0,255.52,1.39,314.0,1009.62,
2005,1,19,22,11.26,55.84,0.0,0.0,0.0,255.3,0.98,324.0,1009.68,
2005,1,19,23,9.87,60.58,0.0,0.0,0.0,255.8,1.14,354.0,1009.42,
2005,1,20,0,8.48,65.33,0.0,0.0,0.0,256.3,1.3,24.0,1009.15,
2005,1,20,1,7.1,70.07,0.0,0.0,0.0,256.8,1.46,54.0,1008.89,
2005,1,20,2,6.73,73.17,0.0,0.0,0.0,257.55,1.59,51.0,1009.15,
2005,1,20,3,6.35,76.27,0.0,0.0,0.0,258.3,1.72,48.0,1009.42,
2005,1,20,4,5.98,79.37,0.0,0.0,0.0,259.05,1.85,45.0,1009.68,
2005,1,20,5,6.55,76.76,0.0,0.0,0.0,259.63,1.7,54.0,1009.95,
2005,1,20,6,7.12,74.15,0.0,0.0,0.0,260.22,1.55,62.0,1010.21,
2005,1,20,7,7.69,71.54,1.0,11.74,0.0,260.8,1.41,71.0,1010.48,
2005,1,20,8,10.33,59.64,193.0,451.04,64.0,264.7,2.1,88.0,1010.31,
2005,1,20,9,12.96,47.73,397.0,632.5,108.0,268.6,2.8,104.0,1010.15,
2005,1,20,10,15.6,35.83,596.0,868.17,87.0,272.5,3.49,120.0,1009.98,
2005,1,20,11,16.56,32.75,717.0,934.92,95.0,271.48,3.69,128.0,1008.86,
2005,1,20,12,17.52,29.68,776.0,1000.63,87.0,270.47,3.89,136.0,1007.73,
2005,1,20,13,18.48,26.6,745.0,967.14,112.0,269.45,4.08,143.0,1006.61,
2005,1,20,14,17.75,30.63,661.0,1000.99,95.0,266.48,3.6,141.0,1006.74,
2005,1,20,15,17.03,34.65,500.0,938.16,99.0,263.52,3.12,138.0,1006.87,
2005,1,20,16,16.3,38.68,293.0,820.34,88.0,260.55,2.63,135.0,1007.0,
2005,1,20,17,14.32,43.55,84.0,1090.75,35.0,258.17,2.69,125.0,1007.27,
2005,1,20,18,12.33,48.42,0.0,0.0,0.0,255.78,2.74,115.0,1007.53,
2005,1,20,19,10.35,53.29,0.0,0.0,0.0,253.4,2.79,105.0,1007.8,
2005,1,20,20,9.71,55.99,0.0,0.0,0.0,253.8,2.91,101.0,1007.5,
2005,1,20,21,9.07,58.69,0.0,0.0,0.0,254.2,3.04,97.0,1007.2,
2005,1,20,22,8.44,61.39,0.0,0.0,0.0,254.6,3.17,93.0,1006.9,
2005,1,20,23,8.24,65.24,0.0,0.0,0.0,256.87,3.06,92.0,1006.57,
2005,1,21,0,8.04,69.1,0.0,0.0,0.0,259.13,2.94,91.0,1006.24,
2005,1,21,1,7.84,72.95,0.0,0.0,0.0,261.4,2.83,90.0,1005.91,
2005,1,21,2,7.49,75.16,0.0,0.0,0.0,262.62,2.69,88.0,1005.98,
2005,1,21,3,7.13,77.37,0.0,0.0,0.0,263.83,2.54,86.0,1006.04,
2005,1,21,4,6.78,79.58,0.0,0.0,0.0,265.05,2.4,84.0,1006.11,
2005,1,21,5,7.5,77.61,0.0,0.0,0.0,267.93,2.23,88.0,1006.21,
2005,1,21,6,8.23,75.65,0.0,0.0,0.0,270.82,2.06,91.0,1006.31,
2005,1,21,7,8.95,73.68,1.0,11.62,0.0,273.7,1.89,95.0,1006.41,
2005,1,21,8,11.73,63.61,187.0,393.33,74.0,280.58,2.06,109.0,1006.01,
2005,1,21,9,14.51,53.54,407.0,682.49,94.0,287.47,2.22,123.0,1005.61,
2005,1,21,10,17.29,43.47,554.0,666.22,162.0,294.35,2.39,138.0,1005.22,
2005,1,21,11,18.39,39.52,363.0,58.4,324.0,305.17,2.5,155.0,1004.26,
2005,1,21,12,19.48,35.56,268.0,4.34,265.0,315.98,2.61,172.0,1003.3,
2005,1,21,13,20.58,31.61,365.0,50.19,332.0,326.8,2.72,189.0,1002.34,
2005,1,21,14,19.53,36.85,201.0,0.0,201.0,314.88,2.32,205.0,1002.51,
2005,1,21,15,18.48,42.08,162.0,2.32,161.0,302.97,1.92,222.0,1002.67,
2005,1,21,16,17.43,47.32,50.0,0.0,50.0,291.05,1.52,238.0,1002.84,
2005,1,21,17,16.77,45.99,8.0,0.0,8.0,293.55,1.58,257.0,1003.1,
2005,1,21,18,16.1,44.67,0.0,0.0,0.0,296.05,1.65,275.0,1003.37,
2005,1,21,19,15.44,43.34,0.0,0.0,0.0,298.55,1.71,293.0,1003.63,
2005,1,21,20,13.93,49.63,0.0,0.0,0.0,304.3,1.99,292.0,1003.56,
2005,1,21,21,12.42,55.92,0.0,0.0,0.0,310.05,2.27,290.0,1003.5,
2005,1,21,22,10.91,62.21,0.0,0.0,0.0,315.8,2.55,289.0,1003.43,
2005,1,21,23,10.73,57.28,0.0,0.0,0.0,312.75,2.88,290.0,1003.56,
2005,1,22,0,10.56,52.36,0.0,0.0,0.0,309.7,3.2,290.0,1003.7,
2005,1,22,1,10.39,47.43,0.0,0.0,0.0,306.65,3.53,291.0,1003.83,
2005,1,22,2,9.85,42.35,0.0,0.0,0.0,294.65,3.89,292.0,1004.23,
2005,1,22,3,9.32,37.28,0.0,0.0,0.0,282.65,4.25,294.0,1004.62,
2005,1,22,4,8.78,32.2,0.0,0.0,0.0,270.65,4.61,295.0,1005.02,
2005,1,22,5,9.07,31.8,0.0,0.0,0.0,262.55,4.51,295.0,1005.88,
2005,1,22,6,9.36,31.4,0.0,0.0,0.0,254.45,4.4,294.0,1006.74,
2005,1,22,7,9.65,31.0,1.0,11.49,0.0,246.35,4.3,294.0,1007.6,
2005,1,22,8,11.26,29.42,173.0,294.46,88.0,248.67,4.98,292.0,1007.73,
2005,1,22,9,12.86,27.85,384.0,551.69,130.0,250.98,5.66,290.0,1007.86,
2005,1,22,10,14.47,26.27,569.0,721.31,143.0,253.3,6.33,289.0,1008.0,
2005,1,22,11,15.22,27.48,704.0,853.3,132.0,256.27,6.73,288.0,1007.5,
2005,1,22,12,15.96,28.7,767.0,930.53,121.0,259.23,7.12,288.0,1007.0,
2005,1,22,13,16.71,29.91,748.0,952.13,119.0,262.2,7.52,288.0,1006.51,
2005,1,22,14,16.09,31.83,661.0,967.09,108.0,262.02,6.81,290.0,1006.71,
2005,1,22,15,15.48,33.76,502.0,905.83,109.0,261.83,6.1,292.0,1006.9,
2005,1,22,16,14.86,35.68,295.0,776.89,96.0,261.65,5.39,294.0,1007.1,
2005,1,22,17,13.51,41.11,85.0,846.45,42.0,260.48,4.76,297.0,1007.9,
2005,1,22,18,12.15,46.55,0.0,0.0,0.0,259.32,4.12,300.0,1008.69,
2005,1,22,19,10.8,51.98,0.0,0.0,0.0,258.15,3.49,303.0,1009.48,
2005,1,22,20,9.91,56.79,0.0,0.0,0.0,256.93,3.15,306.0,1009.85,
2005,1,22,21,9.03,61.59,0.0,0.0,0.0,255.72,2.81,308.0,1010.21,
2005,1,22,22,8.15,66.4,0.0,0.0,0.0,254.5,2.47,311.0,1010.58,
2005,1,22,23,7.78,64.95,0.0,0.0,0.0,254.85,2.18,302.0,1010.51,
2005,1,23,0,7.41,63.5,0.0,0.0,0.0,255.2,1.89,293.0,1010.44,
2005,1,23,1,7.05,62.05,0.0,0.0,0.0,255.55,1.6,284.0,1010.38,
2005,1,23,2,6.53,64.03,0.0,0.0,0.0,255.42,1.57,272.0,1010.34,
2005,1,23,3,6.02,66.0,0.0,0.0,0.0,255.28,1.54,260.0,1010.31,
2005,1,23,4,5.5,67.98,0.0,0.0,0.0,255.15,1.52,248.0,1010.28,
2005,1,23,5,5.99,66.43,0.0,0.0,0.0,256.08,1.36,242.0,1010.74,
2005,1,23,6,6.47,64.89,0.0,0.0,0.0,257.02,1.2,236.0,1011.2,
2005,1,23,7,6.96,63.34,1.0,11.35,0.0,257.95,1.03,231.0,1011.67,
2005,1,23,8,9.71,54.07,199.0,472.22,62.0,261.62,1.75,240.0,1011.77,
2005,1,23,9,12.45,44.8,413.0,696.55,91.0,265.28,2.47,250.0,1011.87,
2005,1,23,10,15.2,35.53,597.0,840.0,99.0,268.95,3.19,259.0,1011.97,
2005,1,23,11,16.2,34.32,730.0,953.97,88.0,268.6,3.71,260.0,1010.81,
2005,1,23,12,17.19,33.1,770.0,932.35,120.0,268.25,4.23,262.0,1009.65,
2005,1,23,13,18.18,31.89,760.0,988.3,104.0,267.9,4.76,263.0,1008.49,
2005,1,23,14,17.58,33.25,669.0,985.96,102.0,266.05,4.5,263.0,1008.62,
2005,1,23,15,16.98,34.6,498.0,857.89,123.0,264.2,4.23,262.0,1008.76,
2005,1,23,16,16.38,35.96,301.0,794.42,95.0,262.35,3.97,262.0,1008.89,
2005,1,23,17,14.77,42.76,90.0,911.45,41.0,260.22,3.68,266.0,1009.48,
2005,1,23,18,13.17,49.56,0.0,0.0,0.0,258.08,3.39,271.0,1010.08,
2005,1,23,19,11.56,56.36,0.0,0.0,0.0,255.95,3.1,275.0,1010.68,
2005,1,23,20,10.87,59.35,0.0,0.0,0.0,255.72,2.93,278.0,1010.81,
2005,1,23,21,10.19,62.34,0.0,0.0,0.0,255.48,2.75,281.0,1010.94,
2005,1,23,22,9.51,65.33,0.0,0.0,0.0,255.25,2.58,284.0,1011.07,
2005,1,23,23,9.16,66.22,0.0,0.0,0.0,257.15,2.44,287.0,1011.04,
2005,1,24,0,8.81,67.12,0.0,0.0,0.0,259.05,2.29,290.0,1011.01,
2005,1,24,1,8.47,68.01,0.0,0.0,0.0,260.95,2.15,293.0,1010.97,
2005,1,24,2,8.19,69.66,0.0,0.0,0.0,262.17,2.08,288.0,1010.91,
2005,1,24,3,7.9,71.3,0.0,0.0,0.0,263.38,2.0,282.0,1010.84,
2005,1,24,4,7.62,72.95,0.0,0.0,0.0,264.6,1.93,277.0,1010.77,
2005,1,24,5,8.22,70.53,0.0,0.0,0.0,265.62,1.72,283.0,1011.34,
2005,1,24,6,8.83,68.11,0.0,0.0,0.0,266.63,1.51,288.0,1011.9,
2005,1,24,7,9.43,65.69,1.0,11.2,0.0,267.65,1.3,294.0,1012.46,
2005,1,24,8,11.77,58.26,200.0,473.14,62.0,272.23,1.74,301.0,1012.43,
2005,1,24,9,14.1,50.83,415.0,697.93,91.0,276.82,2.18,307.0,1012.4,
2005,1,24,10,16.44,43.4,603.0,856.84,93.0,281.4,2.62,314.0,1012.36,
2005,1,24,11,17.26,41.35,725.0,920.56,103.0,281.23,2.74,317.0,1011.47,
2005,1,24,12,18.08,39.29,786.0,985.5,96.0,281.07,2.87,321.0,1010.58,
2005,1,24,13,18.9,37.24,768.0,1007.56,96.0,280.9,2.99,324.0,1009.68,
2005,1,24,14,18.36,41.24,676.0,1006.28,94.0,277.3,2.72,329.0,1009.62,
2005,1,24,15,17.83,45.23,504.0,876.46,118.0,273.7,2.44,334.0,1009.55,
2005,1,24,16,17.29,49.23,308.0,826.7,91.0,270.1,2.17,339.0,1009.48,
2005,1,24,17,15.74,52.13,95.0,951.83,41.0,267.3,2.16,333.0,1009.91,
2005,1,24,18,14.2,55.02,0.0,0.0,0.0,264.5,2.16,326.0,1010.34,
2005,1,24,19,12.65,57.92,0.0,0.0,0.0,261.7,2.15,320.0,1010.77,
2005,1,24,20,12.11,62.57,0.0,0.0,0.0,262.12,2.16,325.0,1010.84,
2005,1,24,21,11.57,67.23,0.0,0.0,0.0,262.53,2.17,330.0,1010.91,
2005,1,24,22,11.03,71.88,0.0,0.0,0.0,262.95,2.18,335.0,1010.97,
2005,1,24,23,10.88,75.26,0.0,0.0,0.0,264.08,2.18,345.0,1010.68,
2005,1,25,0,10.74,78.63,0.0,0.0,0.0,265.22,2.19,355.0,1010.38,
2005,1,25,1,10.6,82.01,0.0,0.0,0.0,266.35,2.19,5.0,1010.08,
2005,1,25,2,9.57,81.64,0.0,0.0,0.0,265.95,2.16,6.0,1010.28,
2005,1,25,3,8.54,81.28,0.0,0.0,0.0,265.55,2.12,6.0,1010.48,
2005,1,25,4,7.51,80.91,0.0,0.0,0.0,265.15,2.08,7.0,1010.68,
2005,1,25,5,8.03,76.5,0.0,0.0,0.0,265.83,1.85,15.0,1011.01,
2005,1,25,6,8.56,72.1,0.0,0.0,0.0,266.52,1.62,24.0,1011.34,
2005,1,25,7,9.08,67.69,1.0,11.05,0.0,267.2,1.39,32.0,1011.67,
2005,1,25,8,11.79,57.11,202.0,473.91,63.0,271.47,1.3,41.0,1011.44,
2005,1,25,9,14.5,46.52,420.0,712.03,88.0,275.73,1.21,49.0,1011.2,
2005,1,25,10,17.21,35.94,605.0,858.38,92.0,280.0,1.12,58.0,1010.97,
2005,1,25,11,18.07,33.98,729.0,921.22,104.0,279.25,0.83,60.0,1009.88,
2005,1,25,12,18.92,32.02,790.0,986.92,96.0,278.5,0.54,61.0,1008.79,
2005,1,25,13,19.77,30.06,772.0,1008.66,96.0,277.75,0.25,63.0,1007.7,
2005,1,25,14,19.59,29.26,691.0,1062.41,73.0,273.85,0.3,40.0,1007.53,
2005,1,25,15,19.4,28.47,508.0,876.67,119.0,269.95,0.35,17.0,1007.37,
2005,1,25,16,19.22,27.67,313.0,843.1,89.0,266.05,0.4,354.0,1007.2,
2005,1,25,17,18.48,29.92,100.0,1004.77,40.0,263.15,0.47,350.0,1007.53,
2005,1,25,18,17.73,32.17,0.0,0.0,0.0,260.25,0.55,346.0,1007.86,
2005,1,25,19,16.99,34.42,0.0,0.0,0.0,257.35,0.62,342.0,1008.19,
2005,1,25,20,16.1,37.8,0.0,0.0,0.0,258.25,0.7,352.0,1008.23,
2005,1,25,21,15.21,41.19,0.0,0.0,0.0,259.15,0.79,3.0,1008.26,
2005,1,25,22,14.33,44.57,0.0,0.0,0.0,260.05,0.87,13.0,1008.29,
2005,1,25,23,13.62,49.06,0.0,0.0,0.0,261.17,1.11,21.0,1007.96,
2005,1,26,0,12.91,53.54,0.0,0.0,0.0,262.28,1.35,29.0,1007.63,
2005,1,26,1,12.2,58.03,0.0,0.0,0.0,263.4,1.59,36.0,1007.3,
2005,1,26,2,11.32,61.29,0.0,0.0,0.0,263.25,1.65,31.0,1007.5,
2005,1,26,3,10.44,64.56,0.0,0.0,0.0,263.1,1.71,26.0,1007.7,
2005,1,26,4,9.56,67.82,0.0,0.0,0.0,262.95,1.78,21.0,1007.9,
2005,1,26,5,9.32,66.04,0.0,0.0,0.0,264.4,1.57,31.0,1008.29,
2005,1,26,6,9.09,64.27,0.0,0.0,0.0,265.85,1.36,41.0,1008.69,
2005,1,26,7,8.85,62.49,1.0,10.89,0.0,267.3,1.14,51.0,1009.09,
2005,1,26,8,12.02,52.15,205.0,484.7,62.0,271.58,0.84,91.0,1009.15,
2005,1,26,9,15.18,41.82,422.0,713.07,88.0,275.87,0.53,130.0,1009.22,
2005,1,26,10,18.35,31.48,618.0,906.45,74.0,280.15,0.22,170.0,1009.29,
2005,1,26,11,19.4,28.79,739.0,957.01,87.0,278.18,0.64,197.0,1008.39,
2005,1,26,12,20.44,26.11,793.0,986.82,96.0,276.22,1.06,223.0,1007.5,
2005,1,26,13,21.48,23.42,780.0,1027.49,88.0,274.25,1.48,249.0,1006.61,
2005,1,26,14,20.95,28.93,688.0,1027.24,87.0,269.1,1.5,259.0,1006.57,
2005,1,26,15,20.43,34.45,526.0,964.06,95.0,263.95,1.53,269.0,1006.54,
2005,1,26,16,19.9,39.96,318.0,862.77,86.0,258.8,1.56,279.0,1006.51,
2005,1,26,17,19.36,36.63,105.0,1068.47,38.0,255.92,1.42,291.0,1006.94,
2005,1,26,18,18.83,33.29,0.0,0.0,0.0,253.03,1.28,303.0,1007.37,
2005,1,26,19,18.29,29.96,0.0,0.0,0.0,250.15,1.14,314.0,1007.8,
2005,1,26,20,16.76,32.65,0.0,0.0,0.0,251.53,1.03,330.0,1007.93,
2005,1,26,21,15.23,35.33,0.0,0.0,0.0,252.92,0.91,346.0,1008.06,
2005,1,26,22,13.7,38.02,0.0,0.0,0.0,254.3,0.8,2.0,1008.19,
2005,1,26,23,12.1,40.13,0.0,0.0,0.0,255.95,0.94,19.0,1007.9,
2005,1,27,0,10.51,42.23,0.0,0.0,0.0,257.6,1.09,35.0,1007.6,
2005,1,27,1,8.92,44.34,0.0,0.0,0.0,259.25,1.23,51.0,1007.3,
2005,1,27,2,8.57,45.69,0.0,0.0,0.0,259.8,1.24,41.0,1007.53,
2005,1,27,3,8.21,47.05,0.0,0.0,0.0,260.35,1.26,31.0,1007.76,
2005,1,27,4,7.86,48.4,0.0,0.0,0.0,260.9,1.27,21.0,1008.0,
2005,1,27,5,8.26,52.39,0.0,0.0,0.0,262.92,1.26,30.0,1008.39,
2005,1,27,6,8.66,56.37,0.0,0.0,0.0,264.93,1.26,38.0,1008.79,
2005,1,27,7,9.06,60.36,1.0,10.72,0.0,266.95,1.26,46.0,1009.19,
2005,1,27,8,12.69,49.38,207.0,495.23,60.0,271.05,0.96,40.0,1009.39,
2005,1,27,9,16.33,38.41,424.0,713.98,88.0,275.15,0.66,34.0,1009.58,
2005,1,27,10,19.96,27.43,614.0,876.02,86.0,279.25,0.36,28.0,1009.78,
2005,1,27,11,21.18,24.53,743.0,957.33,88.0,276.93,0.62,5.0,1008.96,
2005,1,27,12,22.39,21.62,801.0,1006.39,87.0,274.62,0.87,342.0,1008.13,
2005,1,27,13,23.61,18.72,784.0,1029.83,87.0,272.3,1.13,319.0,1007.3,
2005,1,27,14,23.5,19.1,702.0,1079.09,67.0,268.25,1.04,324.0,1007.37,
2005,1,27,15,23.39,19.49,522.0,912.46,111.0,264.2,0.95,330.0,1007.43,
2005,1,27,16,23.28,19.87,326.0,896.64,82.0,260.15,0.86,335.0,1007.5,
2005,1,27,17,22.01,21.9,109.0,1080.6,38.0,257.42,0.86,352.0,1007.83,
2005,1,27,18,20.75,23.92,0.0,0.0,0.0,254.68,0.86,9.0,1008.16,
2005,1,27,19,19.48,25.95,0.0,0.0,0.0,251.95,0.86,26.0,1008.49,
2005,1,27,20,17.49,30.47,0.0,0.0,0.0,253.22,1.17,33.0,1008.69,
2005,1,27,21,15.5,34.99,0.0,0.0,0.0,254.48,1.49,40.0,1008.89,
2005,1,27,22,13.51,39.51,0.0,0.0,0.0,255.75,1.81,46.0,1009.09,
2005,1,27,23,12.24,43.68,0.0,0.0,0.0,257.35,1.89,51.0,1008.96,
2005,1,28,0,10.97,47.85,0.0,0.0,0.0,258.95,1.98,55.0,1008.82,
2005,1,28,1,9.71,52.02,0.0,0.0,0.0,260.55,2.07,60.0,1008.69,
2005,1,28,2,9.12,52.86,0.0,0.0,0.0,260.78,2.0,61.0,1008.69,
2005,1,28,3,8.52,53.69,0.0,0.0,0.0,261.02,1.94,62.0,1008.69,
2005,1,28,4,7.93,54.53,0.0,0.0,0.0,261.25,1.88,63.0,1008.69,
2005,1,28,5,8.68,54.75,0.0,0.0,0.0,262.48,1.69,64.0,1009.09,
2005,1,28,6,9.42,54.96,0.0,0.0,0.0,263.72,1.5,66.0,1009.48,
2005,1,28,7,10.17,55.18,1.0,10.55,0.0,264.95,1.31,67.0,1009.88,
2005,1,28,8,14.17,44.37,209.0,498.78,60.0,269.62,1.17,81.0,1010.01,
2005,1,28,9,18.18,33.57,420.0,676.69,100.0,274.28,1.03,96.0,1010.15,
2005,1,28,10,22.18,22.76,617.0,877.14,86.0,278.95,0.9,110.0,1010.28,
2005,1,28,11,23.58,19.93,739.0,924.08,104.0,277.9,0.81,109.0,1009.39,
2005,1,28,12,24.98,17.09,797.0,970.98,105.0,276.85,0.73,109.0,1008.49,
2005,1,28,13,26.38,14.26,780.0,993.85,104.0,275.8,0.65,108.0,1007.6,
2005,1,28,14,25.47,14.43,697.0,1028.91,88.0,271.37,0.6,107.0,1007.37,
2005,1,28,15,24.56,14.59,529.0,932.1,106.0,266.93,0.55,107.0,1007.14,
2005,1,28,16,23.65,14.76,321.0,817.1,96.0,262.5,0.5,106.0,1006.9,
2005,1,28,17,21.74,16.59,106.0,887.82,45.0,259.23,0.56,97.0,1007.3,
2005,1,28,18,19.84,18.43,0.0,0.0,0.0,255.97,0.63,88.0,1007.7,
2005,1,28,19,17.93,20.26,0.0,0.0,0.0,252.7,0.69,79.0,1008.1,
2005,1,28,20,16.06,27.16,0.0,0.0,0.0,254.27,1.26,85.0,1008.16,
2005,1,28,21,14.2,34.07,0.0,0.0,0.0,255.83,1.83,91.0,1008.23,
2005,1,28,22,12.34,40.97,0.0,0.0,0.0,257.4,2.4,97.0,1008.29,
2005,1,28,23,12.15,45.38,0.0,0.0,0.0,259.13,2.5,99.0,1008.0,
2005,1,29,0,11.96,49.79,0.0,0.0,0.0,260.87,2.59,101.0,1007.7,
2005,1,29,1,11.77,54.2,0.0,0.0,0.0,262.6,2.69,104.0,1007.4,
2005,1,29,2,11.17,55.97,0.0,0.0,0.0,262.98,2.63,102.0,1007.47,
2005,1,29,3,10.58,57.73,0.0,0.0,0.0,263.37,2.56,101.0,1007.53,
2005,1,29,4,9.98,59.5,0.0,0.0,0.0,263.75,2.5,99.0,1007.6,
2005,1,29,5,11.12,58.56,0.0,0.0,0.0,266.2,2.37,102.0,1007.86,
2005,1,29,6,12.26,57.63,0.0,0.0,0.0,268.65,2.25,106.0,1008.13,
2005,1,29,7,13.4,56.69,1.0,10.38,0.0,271.1,2.12,109.0,1008.39,
2005,1,29,8,17.05,45.5,205.0,445.62,71.0,277.23,2.38,119.0,1008.39,
2005,1,29,9,20.71,34.32,416.0,641.76,111.0,283.37,2.63,129.0,1008.39,
2005,1,29,10,24.36,23.13,611.0,830.45,106.0,289.5,2.88,139.0,1008.39,
2005,1,29,11,25.74,19.39,734.0,892.5,118.0,290.38,3.24,143.0,1007.37,
2005,1,29,12,27.12,15.64,784.0,902.3,138.0,291.27,3.59,148.0,1006.34,
2005,1,29,13,28.5,11.9,803.0,1082.51,63.0,292.15,3.94,153.0,1005.32,
2005,1,29,14,27.29,16.54,675.0,905.36,136.0,288.42,3.69,145.0,1005.12,
2005,1,29,15,26.07,21.18,547.0,1021.4,80.0,284.68,3.43,138.0,1004.92,
2005,1,29,16,24.86,25.82,343.0,997.8,65.0,280.95,3.17,131.0,1004.72,
2005,1,29,17,22.86,27.1,115.0,1059.77,39.0,276.5,3.41,130.0,1004.89,
2005,1,29,18,20.86,28.39,0.0,0.0,0.0,272.05,3.65,128.0,1005.05,
2005,1,29,19,18.86,29.67,0.0,0.0,0.0,267.6,3.89,127.0,1005.22,
2005,1,29,20,18.37,32.25,0.0,0.0,0.0,267.08,3.82,127.0,1005.32,
2005,1,29,21,17.88,34.84,0.0,0.0,0.0,266.57,3.74,128.0,1005.42,
2005,1,29,22,17.4,37.42,0.0,0.0,0.0,266.05,3.67,129.0,1005.52,
2005,1,29,23,16.96,41.44,0.0,0.0,0.0,267.17,3.55,130.0,1005.38,
2005,1,30,0,16.52,45.47,0.0,0.0,0.0,268.28,3.44,132.0,1005.25,
2005,1,30,1,16.08,49.49,0.0,0.0,0.0,269.4,3.32,133.0,1005.12,
2005,1,30,2,15.36,52.91,0.0,0.0,0.0,270.6,3.11,130.0,1005.25,
2005,1,30,3,14.65,56.33,0.0,0.0,0.0,271.8,2.89,128.0,1005.38,
2005,1,30,4,13.93,59.75,0.0,0.0,0.0,273.0,2.68,125.0,1005.52,
2005,1,30,5,14.74,60.26,0.0,0.0,0.0,275.55,2.68,130.0,1005.78,
2005,1,30,6,15.54,60.78,0.0,0.0,0.0,278.1,2.69,134.0,1006.04,
2005,1,30,7,16.35,61.29,1.0,10.2,0.0,280.65,2.69,138.0,1006.31,
2005,1,30,8,19.52,51.58,198.0,393.04,79.0,289.05,3.04,149.0,1006.21,
2005,1,30,9,22.7,41.88,427.0,692.91,96.0,297.45,3.4,160.0,1006.11,
2005,1,30,10,25.87,32.17,617.0,847.94,99.0,305.85,3.75,171.0,1006.01,
2005,1,30,11,27.35,28.26,750.0,943.33,96.0,310.9,3.97,184.0,1005.09,
2005,1,30,12,28.82,24.36,809.0,991.3,96.0,315.95,4.18,198.0,1004.16,
2005,1,30,13,30.29,20.45,808.0,1082.9,64.0,321.0,4.4,212.0,1003.23,
2005,1,30,14,29.08,27.14,657.0,806.58,174.0,317.02,3.71,213.0,1003.13,
2005,1,30,15,27.88,33.82,556.0,1055.08,70.0,313.03,3.03,214.0,1003.03,
2005,1,30,16,26.67,40.51,322.0,773.41,104.0,309.05,2.34,216.0,1002.94,
2005,1,30,17,24.35,36.16,118.0,1057.27,39.0,304.45,2.19,229.0,1003.3,
2005,1,30,18,22.03,31.82,0.0,0.0,0.0,299.85,2.03,242.0,1003.66,
2005,1,30,19,19.71,27.47,0.0,0.0,0.0,295.25,1.88,255.0,1004.03,
2005,1,30,20,18.88,35.24,0.0,0.0,0.0,295.47,2.32,277.0,1004.36,
2005,1,30,21,18.05,43.02,0.0,0.0,0.0,295.68,2.76,298.0,1004.69,
2005,1,30,22,17.22,50.79,0.0,0.0,0.0,295.9,3.2,320.0,1005.02,
2005,1,30,23,16.68,49.87,0.0,0.0,0.0,292.2,3.28,325.0,1005.05,
2005,1,31,0,16.15,48.96,0.0,0.0,0.0,288.5,3.36,330.0,1005.09,
2005,1,31,1,15.62,48.04,0.0,0.0,0.0,284.8,3.43,334.0,1005.12,
2005,1,31,2,14.91,49.53,0.0,0.0,0.0,283.22,3.42,332.0,1005.28,
2005,1,31,3,14.21,51.03,0.0,0.0,0.0,281.63,3.41,331.0,1005.45,
2005,1,31,4,13.5,52.52,0.0,0.0,0.0,280.05,3.39,329.0,1005.61,
2005,1,31,5,13.93,52.62,0.0,0.0,0.0,279.58,3.31,330.0,1006.14,
2005,1,31,6,14.36,52.71,0.0,0.0,0.0,279.12,3.24,331.0,1006.67,
2005,1,31,7,14.79,52.81,1.0,10.02,0.0,278.65,3.16,332.0,1007.2,
2005,1,31,8,16.79,46.2,177.0,252.53,100.0,284.3,3.45,331.0,1007.4,
2005,1,31,9,18.8,39.58,378.0,443.55,165.0,289.95,3.75,331.0,1007.6,
2005,1,31,10,20.8,32.97,573.0,646.84,176.0,295.6,4.04,330.0,1007.8,
2005,1,31,11,21.8,29.72,709.0,766.76,175.0,297.8,4.38,326.0,1007.14,
2005,1,31,12,22.79,26.46,774.0,837.23,169.0,300.0,4.71,322.0,1006.47,
2005,1,31,13,23.79,23.21,767.0,890.63,152.0,302.2,5.05,318.0,1005.81,
2005,1,31,14,22.9,24.46,676.0,873.27,150.0,298.53,4.92,317.0,1005.95,
2005,1,31,15,22.02,25.7,538.0,917.98,112.0,294.87,4.79,315.0,1006.08,
2005,1,31,16,21.13,26.95,341.0,901.35,84.0,291.2,4.66,314.0,1006.21,
2005,1,31,17,19.42,31.28,121.0,1029.22,41.0,288.33,4.49,317.0,1006.81,
2005,1,31,18,15.2,48.67,0.0,0.0,0.0,280.52,4.53,320.0,1007.4,
2005,1,31,19,14.74,48.84,0.0,0.0,0.0,279.23,4.21,323.0,1008.0,
2005,1,31,20,14.28,49.02,0.0,0.0,0.0,277.94,3.88,325.0,1008.13,
2005,1,31,21,13.82,49.19,0.0,0.0,0.0,276.65,3.55,328.0,1008.26,
2005,1,31,22,13.36,49.37,0.0,0.0,0.0,275.36,3.23,330.0,1008.39,
2005,1,31,23,12.89,49.54,0.0,0.0,0.0,274.07,2.9,330.0,1008.23,
2015,2,1,0,12.43,49.72,0.0,0.0,0.0,272.78,2.58,330.0,1008.06,
2015,2,1,1,11.97,49.89,0.0,0.0,0.0,271.49,2.25,330.0,1007.9,
2015,2,1,2,11.51,50.07,0.0,0.0,0.0,270.2,1.93,41.0,1009.98,
2015,2,1,3,11.05,50.25,0.0,0.0,0.0,268.91,1.6,43.0,1010.08,
2015,2,1,4,10.59,50.42,0.0,0.0,0.0,267.62,1.27,45.0,1010.18,
2015,2,1,5,10.13,50.6,0.0,0.0,0.0,266.33,0.95,49.0,1010.51,
2015,2,1,6,9.67,50.77,0.0,0.0,0.0,265.04,0.62,52.0,1010.84,
2015,2,1,7,9.2,50.95,55.0,167.25,38.0,263.75,0.3,56.0,1011.17,
2015,2,1,8,8.74,51.12,278.0,595.83,95.0,262.46,-0.03,70.0,1010.87,
2015,2,1,9,8.28,51.3,486.0,751.85,123.0,261.17,-0.36,83.0,1010.58,
2015,2,1,10,19.61,20.22,656.0,854.57,129.0,281.8,0.46,97.0,1010.28,
2015,2,1,11,21.18,18.18,746.0,833.29,163.0,281.03,0.8,123.0,1009.19,
2015,2,1,12,22.74,16.14,791.0,889.78,145.0,280.27,1.15,149.0,1008.1,
2015,2,1,13,24.3,14.1,754.0,890.44,136.0,279.5,1.5,174.0,1007.0,
2015,2,1,14,23.96,13.83,639.0,833.53,134.0,275.52,1.81,227.0,1006.77,
2015,2,1,15,23.61,13.56,464.0,727.27,124.0,271.53,2.12,280.0,1006.54,
2015,2,1,16,23.26,13.29,250.0,534.0,96.0,267.55,2.43,333.0,1006.31,
2015,2,1,17,21.93,15.59,40.0,148.64,28.0,263.43,2.34,334.0,1006.67,
2015,2,1,18,20.6,17.89,0.0,0.0,0.0,259.32,2.26,335.0,1007.04,
2015,2,1,19,19.27,20.19,0.0,0.0,0.0,255.2,2.18,335.0,1007.4,
2015,2,1,20,18.2,23.94,0.0,0.0,0.0,256.13,1.97,344.0,1007.4,
2015,2,1,21,17.13,27.69,0.0,0.0,0.0,257.07,1.76,353.0,1007.4,
2015,2,1,22,16.07,31.44,0.0,0.0,0.0,258.0,1.54,1.0,1007.4,
2015,2,1,23,15.34,35.96,0.0,0.0,0.0,259.97,1.58,8.0,1007.07,
2015,2,2,0,14.62,40.48,0.0,0.0,0.0,261.93,1.61,14.0,1006.74,
2015,2,2,1,13.9,45.0,0.0,0.0,0.0,263.9,1.64,20.0,1006.41,
2015,2,2,2,12.89,46.18,0.0,0.0,0.0,263.52,1.4,18.0,1006.24,
2015,2,2,3,11.87,47.36,0.0,0.0,0.0,263.13,1.15,16.0,1006.08,
2015,2,2,4,10.86,48.54,0.0,0.0,0.0,262.75,0.91,14.0,1005.91,
2015,2,2,5,10.58,47.61,0.0,0.0,0.0,266.27,0.73,18.0,1006.31,
2015,2,2,6,10.29,46.68,0.0,0.0,0.0,269.78,0.55,21.0,1006.71,
2015,2,2,7,10.01,45.75,53.0,125.51,40.0,273.3,0.37,25.0,1007.1,
2015,2,2,8,13.56,36.45,280.0,594.62,96.0,278.48,0.36,347.0,1007.07,
2015,2,2,9,17.12,27.14,491.0,766.26,119.0,283.67,0.35,309.0,1007.04,
2015,2,2,10,20.67,17.84,650.0,813.33,146.0,288.85,0.34,271.0,1007.0,
2015,2,2,11,22.3,15.87,761.0,880.64,142.0,287.12,0.68,269.0,1006.04,
2015,2,2,12,23.93,13.91,783.0,844.45,167.0,285.38,1.02,266.0,1005.09,
2015,2,2,13,25.56,11.94,735.0,802.78,175.0,283.65,1.35,264.0,1004.13,
2015,2,2,14,24.25,19.34,452.0,231.37,311.0,279.68,1.62,272.0,1004.26,
2015,2,2,15,22.94,26.75,207.0,19.11,198.0,275.72,1.89,281.0,1004.39,
2015,2,2,16,21.62,34.15,231.0,390.87,117.0,271.75,2.15,289.0,1004.52,
2015,2,2,17,21.06,31.68,40.0,119.42,30.0,268.9,2.27,299.0,1005.02,
2015,2,2,18,20.5,29.21,0.0,0.0,0.0,266.05,2.38,308.0,1005.52,
2015,2,2,19,19.94,26.74,0.0,0.0,0.0,263.2,2.5,318.0,1006.01,
2015,2,2,20,19.18,28.39,0.0,0.0,0.0,265.95,2.24,327.0,1006.01,
2015,2,2,21,18.42,30.05,0.0,0.0,0.0,268.7,1.99,337.0,1006.01,
2015,2,2,22,17.66,31.7,0.0,0.0,0.0,271.45,1.74,346.0,1006.01,
2015,2,2,23,17.23,35.42,0.0,0.0,0.0,274.98,1.67,349.0,1006.04,
2015,2,3,0,16.8,39.13,0.0,0.0,0.0,278.52,1.61,353.0,1006.08,
2015,2,3,1,16.37,42.85,0.0,0.0,0.0,282.05,1.54,356.0,1006.11,
2015,2,3,2,15.43,46.94,0.0,0.0,0.0,281.22,1.22,357.0,1006.41,
2015,2,3,3,14.48,51.04,0.0,0.0,0.0,280.38,0.89,359.0,1006.71,
2015,2,3,4,13.54,55.13,0.0,0.0,0.0,279.55,0.57,360.0,1007.0,
2015,2,3,5,13.21,53.66,0.0,0.0,0.0,281.75,0.54,6.0,1007.57,
2015,2,3,6,12.88,52.18,0.0,0.0,0.0,283.95,0.51,11.0,1008.13,
2015,2,3,7,12.56,50.71,57.0,161.0,40.0,286.15,0.48,17.0,1008.69,
2015,2,3,8,15.73,39.5,266.0,487.45,114.0,290.78,0.78,355.0,1008.86,
2015,2,3,9,18.91,28.28,490.0,741.48,128.0,295.42,1.08,333.0,1009.02,
2015,2,3,10,22.08,17.07,633.0,730.66,178.0,300.05,1.38,311.0,1009.19,
2015,2,3,11,23.26,15.28,750.0,821.29,170.0,296.82,2.08,310.0,1008.39,
2015,2,3,12,24.44,13.48,775.0,802.24,187.0,293.58,2.79,309.0,1007.6,
2015,2,3,13,25.62,11.69,758.0,878.56,142.0,290.35,3.49,308.0,1006.81,
2015,2,3,14,24.53,14.48,644.0,822.23,140.0,285.53,3.42,310.0,1007.04,
2015,2,3,15,23.44,17.28,472.0,731.44,125.0,280.72,3.35,312.0,1007.27,
2015,2,3,16,22.35,20.07,255.0,528.96,99.0,275.9,3.28,314.0,1007.5,
2015,2,3,17,20.08,23.01,45.0,161.41,31.0,272.3,3.31,317.0,1008.19,
2015,2,3,18,17.81,25.95,0.0,0.0,0.0,268.7,3.33,320.0,1008.89,
2015,2,3,19,15.54,28.89,0.0,0.0,0.0,265.1,3.35,324.0,1009.58,
2015,2,3,20,14.59,32.4,0.0,0.0,0.0,264.12,3.11,328.0,1009.91,
2015,2,3,21,13.64,35.9,0.0,0.0,0.0,263.13,2.87,331.0,1010.25,
2015,2,3,22,12.7,39.41,0.0,0.0,0.0,262.15,2.63,335.0,1010.58,
2015,2,3,23,12.29,42.43,0.0,0.0,0.0,262.37,2.57,338.0,1010.54,
2015,2,4,0,11.89,45.44,0.0,0.0,0.0,262.58,2.51,340.0,1010.51,
2015,2,4,1,11.49,48.46,0.0,0.0,0.0,262.8,2.44,343.0,1010.48,
2015,2,4,2,11.11,50.01,0.0,0.0,0.0,263.17,2.31,346.0,1010.41,
2015,2,4,3,10.72,51.56,0.0,0.0,0.0,263.53,2.17,349.0,1010.34,
2015,2,4,4,10.34,53.11,0.0,0.0,0.0,263.9,2.04,351.0,1010.28,
2015,2,4,5,10.97,50.8,0.0,0.0,0.0,265.3,2.13,352.0,1010.97,
2015,2,4,6,11.59,48.5,0.0,0.0,0.0,266.7,2.23,353.0,1011.67,
2015,2,4,7,12.22,46.19,54.0,120.71,41.0,268.1,2.32,354.0,1012.36,
2015,2,4,8,14.84,39.59,282.0,579.08,100.0,274.45,2.7,355.0,1012.3,
2015,2,4,9,17.45,33.0,493.0,743.35,128.0,280.8,3.09,356.0,1012.23,
2015,2,4,10,20.07,26.4,661.0,829.28,142.0,287.15,3.48,356.0,1012.16,
2015,2,4,11,21.36,23.3,773.0,897.74,136.0,289.13,3.54,356.0,1011.07,
2015,2,4,12,22.65,20.19,795.0,862.22,160.0,291.12,3.6,355.0,1009.98,
2015,2,4,13,23.94,17.09,743.0,804.55,176.0,293.1,3.67,354.0,1008.89,
2015,2,4,14,23.3,20.81,618.0,699.06,187.0,292.92,3.65,356.0,1008.82,
2015,2,4,15,22.66,24.53,192.0,10.46,187.0,292.73,3.62,357.0,1008.76,
2015,2,4,16,22.01,28.25,243.0,429.27,115.0,292.55,3.6,358.0,1008.69,
2015,2,4,17,20.04,31.79,35.0,55.73,30.0,289.88,3.63,359.0,1009.22,
2015,2,4,18,18.07,35.33,0.0,0.0,0.0,287.22,3.66,360.0,1009.75,
2015,2,4,19,16.09,38.87,0.0,0.0,0.0,284.55,3.7,0.0,1010.28,
2015,2,4,20,15.2,41.37,0.0,0.0,0.0,283.92,3.36,3.0,1010.38,
2015,2,4,21,14.31,43.88,0.0,0.0,0.0,283.28,3.02,5.0,1010.48,
2015,2,4,22,13.42,46.38,0.0,0.0,0.0,282.65,2.68,8.0,1010.58,
2015,2,4,23,12.85,49.06,0.0,0.0,0.0,283.15,2.33,6.0,1010.38,
2015,2,5,0,12.29,51.73,0.0,0.0,0.0,283.65,1.98,4.0,1010.18,
2015,2,5,1,11.73,54.41,0.0,0.0,0.0,284.15,1.63,2.0,1009.98,
2015,2,5,2,11.38,56.83,0.0,0.0,0.0,282.92,1.29,6.0,1009.58,
2015,2,5,3,11.04,59.26,0.0,0.0,0.0,281.68,0.95,10.0,1009.19,
2015,2,5,4,10.69,61.68,0.0,0.0,0.0,280.45,0.61,14.0,1008.79,
2015,2,5,5,11.15,58.72,0.0,0.0,0.0,280.53,0.47,16.0,1009.22,
2015,2,5,6,11.61,55.76,0.0,0.0,0.0,280.62,0.34,18.0,1009.65,
2015,2,5,7,12.08,52.8,59.0,145.62,43.0,280.7,0.21,20.0,1010.08,
2015,2,5,8,15.48,43.6,277.0,530.25,109.0,285.97,0.27,21.0,1010.05,
2015,2,5,9,18.88,34.41,506.0,797.73,112.0,291.23,0.33,22.0,1010.01,
2015,2,5,10,22.28,25.21,661.0,815.56,148.0,296.5,0.39,24.0,1009.98,
2015,2,5,11,23.82,21.59,762.0,837.35,165.0,296.1,0.41,29.0,1008.96,
2015,2,5,12,25.35,17.97,812.0,909.43,139.0,295.7,0.43,35.0,1007.93,
2015,2,5,13,26.88,14.35,771.0,896.44,136.0,295.3,0.46,41.0,1006.9,
2015,2,5,14,26.03,17.14,662.0,869.18,123.0,292.0,1.14,31.0,1006.64,
2015,2,5,15,25.18,19.92,470.0,683.52,141.0,288.7,1.83,22.0,1006.38,
2015,2,5,16,24.33,22.71,272.0,603.77,90.0,285.4,2.52,12.0,1006.11,
2015,2,5,17,22.08,24.9,40.0,75.51,33.0,281.6,2.47,10.0,1006.51,
2015,2,5,18,19.83,27.09,0.0,0.0,0.0,277.8,2.42,8.0,1006.9,
2015,2,5,19,17.57,29.28,0.0,0.0,0.0,274.0,2.37,6.0,1007.3,
2015,2,5,20,17.43,31.25,0.0,0.0,0.0,274.8,2.06,16.0,1007.33,
2015,2,5,21,17.28,33.23,0.0,0.0,0.0,275.6,1.75,25.0,1007.37,
2015,2,5,22,17.14,35.2,0.0,0.0,0.0,276.4,1.43,34.0,1007.4,
2015,2,5,23,16.36,37.15,0.0,0.0,0.0,277.93,1.03,44.0,1007.0,
2015,2,6,0,15.58,39.09,0.0,0.0,0.0,279.47,0.63,54.0,1006.61,
2015,2,6,1,14.8,41.04,0.0,0.0,0.0,281.0,0.23,63.0,1006.21,
2015,2,6,2,13.56,45.95,0.0,0.0,0.0,281.75,0.27,70.0,1006.01,
2015,2,6,3,12.33,50.86,0.0,0.0,0.0,282.5,0.31,76.0,1005.81,
2015,2,6,4,11.09,55.77,0.0,0.0,0.0,283.25,0.34,82.0,1005.61,
2015,2,6,5,11.94,55.06,0.0,0.0,0.0,284.53,0.4,84.0,1005.95,
2015,2,6,6,12.79,54.34,0.0,0.0,0.0,285.82,0.46,86.0,1006.28,
2015,2,6,7,13.65,53.63,61.0,160.51,43.0,287.1,0.52,88.0,1006.61,
2015,2,6,8,17.63,43.06,292.0,613.55,96.0,293.05,0.76,98.0,1006.74,
2015,2,6,9,21.61,32.49,491.0,706.45,140.0,299.0,0.99,109.0,1006.87,
2015,2,6,10,25.59,21.92,437.0,169.24,330.0,304.95,1.23,120.0,1007.0,
2015,2,6,11,27.16,18.75,766.0,838.9,165.0,306.75,1.37,134.0,1006.04,
2015,2,6,12,28.73,15.57,774.0,761.15,208.0,308.55,1.5,148.0,1005.09,
2015,2,6,13,30.29,12.4,720.0,695.23,225.0,310.35,1.64,162.0,1004.13,
2015,2,6,14,29.9,12.51,660.0,841.72,135.0,306.67,1.28,124.0,1003.96,
2015,2,6,15,29.51,12.62,471.0,672.45,145.0,302.98,0.91,86.0,1003.8,
2015,2,6,16,29.11,12.73,245.0,406.97,121.0,299.3,0.55,48.0,1003.63,
2015,2,6,17,27.65,14.59,10.0,0.0,10.0,295.35,0.79,38.0,1003.93,
2015,2,6,18,26.19,16.44,0.0,0.0,0.0,291.4,1.03,28.0,1004.23,
2015,2,6,19,24.73,18.3,0.0,0.0,0.0,287.45,1.27,18.0,1004.52,
2015,2,6,20,23.43,21.71,0.0,0.0,0.0,289.03,1.2,29.0,1004.52,
2015,2,6,21,22.13,25.12,0.0,0.0,0.0,290.62,1.12,40.0,1004.52,
2015,2,6,22,20.83,28.53,0.0,0.0,0.0,292.2,1.05,51.0,1004.52,
2015,2,6,23,20.21,34.11,0.0,0.0,0.0,293.38,0.86,53.0,1004.23,
2015,2,7,0,19.59,39.69,0.0,0.0,0.0,294.57,0.67,54.0,1003.93,
2015,2,7,1,18.97,45.27,0.0,0.0,0.0,295.75,0.48,56.0,1003.63,
2015,2,7,2,18.15,46.49,0.0,0.0,0.0,294.85,0.52,51.0,1003.63,
2015,2,7,3,17.33,47.7,0.0,0.0,0.0,293.95,0.56,46.0,1003.63,
2015,2,7,4,16.51,48.92,0.0,0.0,0.0,293.05,0.59,41.0,1003.63,
2015,2,7,5,16.04,49.56,0.0,0.0,0.0,293.92,0.45,44.0,1003.96,
2015,2,7,6,15.57,50.21,0.0,0.0,0.0,294.78,0.31,47.0,1004.29,
2015,2,7,7,15.1,50.85,28.0,0.0,28.0,295.65,0.17,50.0,1004.62,
2015,2,7,8,18.57,41.42,270.0,456.32,123.0,301.3,0.39,25.0,1004.69,
2015,2,7,9,22.05,31.99,508.0,774.22,121.0,306.95,0.62,360.0,1004.75,
2015,2,7,10,25.52,22.56,672.0,832.38,143.0,312.6,0.84,334.0,1004.82,
2015,2,7,11,27.04,19.29,745.0,752.88,203.0,311.8,1.37,323.0,1003.76,
2015,2,7,12,28.56,16.02,820.0,912.7,138.0,311.0,1.91,311.0,1002.7,
2015,2,7,13,30.07,12.75,780.0,898.48,137.0,310.2,2.44,299.0,1001.65,
2015,2,7,14,29.1,16.25,664.0,843.27,135.0,306.93,2.58,304.0,1001.51,
2015,2,7,15,28.13,19.76,493.0,763.94,120.0,303.67,2.73,310.0,1001.38,
2015,2,7,16,27.15,23.26,278.0,600.78,93.0,300.4,2.87,315.0,1001.25,
2015,2,7,17,24.91,24.07,59.0,253.44,34.0,294.97,3.22,316.0,1001.74,
2015,2,7,18,22.67,24.88,0.0,0.0,0.0,289.53,3.58,317.0,1002.24,
2015,2,7,19,20.43,25.69,0.0,0.0,0.0,284.1,3.93,318.0,1002.74,
2015,2,7,20,19.53,27.41,0.0,0.0,0.0,283.52,3.95,320.0,1003.03,
2015,2,7,21,18.62,29.13,0.0,0.0,0.0,282.93,3.97,321.0,1003.33,
2015,2,7,22,17.72,30.85,0.0,0.0,0.0,282.35,3.99,323.0,1003.63,
2015,2,7,23,17.11,35.78,0.0,0.0,0.0,282.77,3.97,325.0,1003.7,
2015,2,8,0,16.5,40.72,0.0,0.0,0.0,283.18,3.96,328.0,1003.76,
2015,2,8,1,15.9,45.65,0.0,0.0,0.0,283.6,3.94,330.0,1003.83,
2015,2,8,2,15.11,52.47,0.0,0.0,0.0,283.62,3.84,332.0,1003.86,
2015,2,8,3,14.32,59.28,0.0,0.0,0.0,283.63,3.73,333.0,1003.89,
2015,2,8,4,13.53,66.1,0.0,0.0,0.0,283.65,3.63,334.0,1003.93,
2015,2,8,5,13.69,66.68,0.0,0.0,0.0,282.27,3.83,334.0,1004.56,
2015,2,8,6,13.84,67.26,0.0,0.0,0.0,280.88,4.03,333.0,1005.18,
2015,2,8,7,14.0,67.84,50.0,59.87,43.0,279.5,4.23,332.0,1005.81,
2015,2,8,8,15.47,58.75,252.0,347.79,139.0,285.12,4.32,332.0,1005.61,
2015,2,8,9,16.93,49.67,498.0,709.83,141.0,290.73,4.4,332.0,1005.42,
2015,2,8,10,18.4,40.58,637.0,682.46,201.0,296.35,4.48,332.0,1005.22,
2015,2,8,11,19.65,35.24,717.0,645.53,250.0,297.63,4.64,327.0,1004.36,
2015,2,8,12,20.9,29.91,795.0,807.06,189.0,298.92,4.8,323.0,1003.5,
2015,2,8,13,22.14,24.57,772.0,853.58,158.0,300.2,4.97,318.0,1002.64,
2015,2,8,14,21.25,25.15,488.0,269.44,318.0,298.55,4.63,318.0,1002.84,
2015,2,8,15,20.36,25.72,507.0,821.61,103.0,296.9,4.3,317.0,1003.03,
2015,2,8,16,19.46,26.3,81.0,0.0,81.0,295.25,3.97,317.0,1003.23,
2015,2,8,17,18.16,30.17,47.0,88.59,38.0,299.73,3.6,317.0,1003.83,
2015,2,8,18,16.86,34.05,0.0,0.0,0.0,304.22,3.23,317.0,1004.42,
2015,2,8,19,15.56,37.92,0.0,0.0,0.0,308.7,2.86,317.0,1005.02,
2015,2,8,20,14.73,42.77,0.0,0.0,0.0,304.95,2.76,316.0,1005.09,
2015,2,8,21,13.9,47.62,0.0,0.0,0.0,301.2,2.66,316.0,1005.15,
2015,2,8,22,13.08,52.47,0.0,0.0,0.0,297.45,2.57,315.0,1005.22,
2015,2,8,23,12.58,55.98,0.0,0.0,0.0,296.23,2.64,316.0,1004.92,
2015,2,9,0,12.08,59.5,0.0,0.0,0.0,295.02,2.71,317.0,1004.62,
2015,2,9,1,11.59,63.01,0.0,0.0,0.0,293.8,2.79,317.0,1004.32,
2015,2,9,2,10.73,64.65,0.0,0.0,0.0,290.02,2.34,321.0,1004.29,
2015,2,9,3,9.86,66.28,0.0,0.0,0.0,286.23,1.89,324.0,1004.26,
2015,2,9,4,9.0,67.92,0.0,0.0,0.0,282.45,1.43,327.0,1004.23,
2015,2,9,5,9.49,64.68,0.0,0.0,0.0,279.95,1.36,327.0,1004.62,
2015,2,9,6,9.98,61.43,0.0,0.0,0.0,277.45,1.28,327.0,1005.02,
2015,2,9,7,10.48,58.19,49.0,50.24,43.0,274.95,1.2,326.0,1005.42,
2015,2,9,8,12.64,49.86,167.0,61.02,147.0,280.25,1.63,321.0,1005.15,
2015,2,9,9,14.81,41.52,357.0,201.55,255.0,285.55,2.06,315.0,1004.89,
2015,2,9,10,16.97,33.19,448.0,175.94,335.0,290.85,2.5,310.0,1004.62,
2015,2,9,11,18.5,29.49,552.0,237.96,379.0,292.07,2.26,301.0,1003.53,
2015,2,9,12,20.03,25.78,705.0,520.84,312.0,293.28,2.02,293.0,1002.44,
2015,2,9,13,21.56,22.08,568.0,275.24,369.0,294.5,1.78,284.0,1001.35,
2015,2,9,14,21.13,23.54,558.0,438.11,280.0,292.0,1.79,284.0,1001.35,
2015,2,9,15,20.7,25.01,493.0,729.05,132.0,289.5,1.81,284.0,1001.35,
2015,2,9,16,20.27,26.47,283.0,594.8,96.0,287.0,1.82,283.0,1001.35,
2015,2,9,17,19.54,30.31,64.0,258.31,37.0,282.95,1.61,278.0,1001.68,
2015,2,9,18,18.8,34.14,0.0,0.0,0.0,278.9,1.41,273.0,1002.01,
2015,2,9,19,18.06,37.98,0.0,0.0,0.0,274.85,1.2,267.0,1002.34,
2015,2,9,20,16.0,38.95,0.0,0.0,0.0,272.77,1.14,253.0,1002.31,
2015,2,9,21,13.94,39.93,0.0,0.0,0.0,270.68,1.07,238.0,1002.27,
2015,2,9,22,11.89,40.9,0.0,0.0,0.0,268.6,1.01,223.0,1002.24,
2015,2,9,23,11.76,43.62,0.0,0.0,0.0,271.7,0.93,222.0,1002.04,
2015,2,10,0,11.64,46.33,0.0,0.0,0.0,274.8,0.85,221.0,1001.84,
2015,2,10,1,11.52,49.05,0.0,0.0,0.0,277.9,0.77,220.0,1001.65,
2015,2,10,2,11.75,49.22,0.0,0.0,0.0,284.17,0.92,228.0,1001.71,
2015,2,10,3,11.98,49.38,0.0,0.0,0.0,290.43,1.07,236.0,1001.78,
2015,2,10,4,12.21,49.55,0.0,0.0,0.0,296.7,1.21,244.0,1001.84,
2015,2,10,5,13.07,45.31,0.0,0.0,0.0,298.27,1.73,249.0,1002.37,
2015,2,10,6,13.92,41.08,0.0,0.0,0.0,299.83,2.25,254.0,1002.9,
2015,2,10,7,14.78,36.84,66.0,147.53,48.0,301.4,2.77,259.0,1003.43,
2015,2,10,8,16.46,30.98,288.0,520.18,116.0,302.32,3.2,266.0,1003.63,
2015,2,10,9,18.14,25.12,511.0,738.31,135.0,303.23,3.64,273.0,1003.83,
2015,2,10,10,19.82,19.26,680.0,822.38,149.0,304.15,4.07,280.0,1004.03,
2015,2,10,11,20.77,17.84,790.0,873.25,152.0,302.78,4.08,277.0,1003.4,
2015,2,10,12,21.71,16.42,825.0,884.95,154.0,301.42,4.09,275.0,1002.77,
2015,2,10,13,22.65,15.0,789.0,887.57,144.0,300.05,4.1,272.0,1002.14,
2015,2,10,14,21.65,16.96,677.0,847.76,136.0,296.97,3.6,273.0,1002.41,
2015,2,10,15,20.65,18.92,507.0,784.18,116.0,293.88,3.11,274.0,1002.67,
2015,2,10,16,19.64,20.88,288.0,607.69,95.0,290.8,2.62,275.0,1002.94,
2015,2,10,17,18.32,23.66,66.0,251.29,39.0,287.43,2.65,276.0,1003.56,
2015,2,10,18,17.0,26.44,0.0,0.0,0.0,284.07,2.68,277.0,1004.19,
2015,2,10,19,15.68,29.22,0.0,0.0,0.0,280.7,2.7,278.0,1004.82,
2015,2,10,20,15.03,29.69,0.0,0.0,0.0,279.15,3.33,281.0,1005.35,
2015,2,10,21,14.38,30.17,0.0,0.0,0.0,277.6,3.96,284.0,1005.88,
2015,2,10,22,13.74,30.64,0.0,0.0,0.0,276.05,4.59,287.0,1006.41,
2015,2,10,23,13.13,33.22,0.0,0.0,0.0,275.15,4.54,289.0,1006.67,
2015,2,11,0,12.52,35.81,0.0,0.0,0.0,274.25,4.48,291.0,1006.94,
2015,2,11,1,11.91,38.39,0.0,0.0,0.0,273.35,4.43,293.0,1007.2,
2015,2,11,2,11.2,40.49,0.0,0.0,0.0,270.33,4.14,293.0,1007.5,
2015,2,11,3,10.48,42.6,0.0,0.0,0.0,267.32,3.86,293.0,1007.8,
2015,2,11,4,9.77,44.7,0.0,0.0,0.0,264.3,3.57,293.0,1008.1,
2015,2,11,5,10.05,44.96,0.0,0.0,0.0,262.28,3.54,290.0,1008.79,
2015,2,11,6,10.32,45.21,0.0,0.0,0.0,260.27,3.51,287.0,1009.48,
2015,2,11,7,10.6,45.47,55.0,64.17,47.0,258.25,3.48,284.0,1010.18,
2015,2,11,8,11.61,41.45,262.0,359.68,142.0,259.9,4.41,284.0,1010.25,
2015,2,11,9,12.63,37.43,471.0,546.31,191.0,261.55,5.34,284.0,1010.31,
2015,2,11,10,13.64,33.41,652.0,697.82,199.0,263.2,6.28,283.0,1010.38,
2015,2,11,11,14.6,30.94,753.0,728.64,218.0,263.3,6.51,284.0,1009.62,
2015,2,11,12,15.55,28.46,804.0,795.33,198.0,263.4,6.74,284.0,1008.86,
2015,2,11,13,16.5,25.99,761.0,769.43,199.0,263.5,6.98,284.0,1008.1,
2015,2,11,14,15.83,28.45,660.0,761.97,171.0,262.77,6.4,285.0,1008.23,
2015,2,11,15,15.15,30.92,488.0,669.26,152.0,262.03,5.81,286.0,1008.36,
2015,2,11,16,14.47,33.38,275.0,498.77,115.0,261.3,5.23,287.0,1008.49,
2015,2,11,17,13.48,36.57,60.0,172.18,41.0,261.0,4.34,287.0,1009.12,
2015,2,11,18,12.48,39.76,0.0,0.0,0.0,260.7,3.46,288.0,1009.75,
2015,2,11,19,11.48,42.95,0.0,0.0,0.0,260.4,2.58,288.0,1010.38,
2015,2,11,20,10.94,44.14,0.0,0.0,0.0,260.07,2.8,289.0,1011.01,
2015,2,11,21,10.4,45.32,0.0,0.0,0.0,259.73,3.03,290.0,1011.63,
2015,2,11,22,9.87,46.51,0.0,0.0,0.0,259.4,3.26,292.0,1012.26,
2015,2,11,23,9.4,47.49,0.0,0.0,0.0,259.05,3.17,294.0,1012.46,
2015,2,12,0,8.93,48.46,0.0,0.0,0.0,258.7,3.09,296.0,1012.66,
2015,2,12,1,8.46,49.44,0.0,0.0,0.0,258.35,3.01,299.0,1012.86,
2015,2,12,2,8.07,49.28,0.0,0.0,0.0,257.62,2.86,298.0,1012.96,
2015,2,12,3,7.67,49.11,0.0,0.0,0.0,256.88,2.72,296.0,1013.06,
2015,2,12,4,7.28,48.95,0.0,0.0,0.0,256.15,2.58,295.0,1013.16,
2015,2,12,5,7.7,46.95,0.0,0.0,0.0,255.73,2.33,296.0,1013.55,
2015,2,12,6,8.12,44.94,0.0,0.0,0.0,255.32,2.08,296.0,1013.95,
2015,2,12,7,8.54,42.94,56.0,62.79,48.0,254.9,1.83,297.0,1014.35,
2015,2,12,8,10.11,38.44,280.0,436.63,133.0,258.55,2.36,300.0,1014.28,
2015,2,12,9,11.68,33.94,499.0,651.37,163.0,262.2,2.88,303.0,1014.21,
2015,2,12,10,13.25,29.44,674.0,767.59,173.0,265.85,3.41,305.0,1014.15,
2015,2,12,11,14.16,27.88,787.0,830.72,174.0,265.5,3.42,304.0,1013.39,
2015,2,12,12,15.07,26.32,821.0,841.08,177.0,265.15,3.43,302.0,1012.63,
2015,2,12,13,15.98,24.76,773.0,799.6,186.0,264.8,3.43,300.0,1011.87,
2015,2,12,14,15.4,25.64,668.0,777.86,166.0,262.75,3.21,298.0,1011.8,
2015,2,12,15,14.82,26.51,494.0,682.54,149.0,260.7,2.98,296.0,1011.73,
2015,2,12,16,14.23,27.39,281.0,521.65,112.0,258.65,2.76,294.0,1011.67,
2015,2,12,17,12.9,32.22,69.0,247.27,41.0,257.55,2.66,296.0,1012.16,
2015,2,12,18,11.56,37.06,0.0,0.0,0.0,256.45,2.56,299.0,1012.66,
2015,2,12,19,10.22,41.89,0.0,0.0,0.0,255.35,2.46,302.0,1013.16,
2015,2,12,20,9.64,43.73,0.0,0.0,0.0,255.18,2.4,306.0,1013.39,
2015,2,12,21,9.06,45.58,0.0,0.0,0.0,255.02,2.35,311.0,1013.62,
2015,2,12,22,8.49,47.42,0.0,0.0,0.0,254.85,2.3,315.0,1013.85,
2015,2,12,23,8.17,48.68,0.0,0.0,0.0,255.23,2.39,318.0,1013.75,
2015,2,13,0,7.85,49.95,0.0,0.0,0.0,255.62,2.47,321.0,1013.65,
2015,2,13,1,7.54,51.21,0.0,0.0,0.0,256.0,2.55,324.0,1013.55,
2015,2,13,2,7.19,52.67,0.0,0.0,0.0,256.23,2.08,322.0,1013.32,
2015,2,13,3,6.85,54.14,0.0,0.0,0.0,256.47,1.6,321.0,1013.09,
2015,2,13,4,6.5,55.6,0.0,0.0,0.0,256.7,1.13,319.0,1012.86,
2015,2,13,5,7.14,52.31,0.0,0.0,0.0,258.23,0.81,320.0,1013.26,
2015,2,13,6,7.77,49.02,0.0,0.0,0.0,259.77,0.5,320.0,1013.65,
2015,2,13,7,8.41,45.73,90.0,337.91,46.0,261.3,0.18,321.0,1014.05,
2015,2,13,8,10.23,41.02,316.0,641.59,98.0,265.95,0.38,318.0,1013.95,
2015,2,13,9,12.04,36.3,533.0,797.37,119.0,270.6,0.57,316.0,1013.85,
2015,2,13,10,13.86,31.59,703.0,870.08,132.0,275.25,0.77,314.0,1013.75,
2015,2,13,11,14.86,30.45,811.0,907.48,138.0,275.15,1.43,309.0,1012.79,
2015,2,13,12,15.86,29.3,847.0,918.86,140.0,275.05,2.08,305.0,1011.83,
2015,2,13,13,16.86,28.16,798.0,875.54,152.0,274.95,2.73,300.0,1010.87,
2015,2,13,14,16.43,28.88,690.0,850.59,138.0,273.13,2.52,301.0,1010.77,
2015,2,13,15,15.99,29.6,514.0,762.46,126.0,271.32,2.32,302.0,1010.68,
2015,2,13,16,15.55,30.32,299.0,617.49,97.0,269.5,2.11,302.0,1010.58,
2015,2,13,17,13.98,38.08,77.0,327.3,39.0,268.57,2.29,305.0,1010.97,
2015,2,13,18,12.41,45.83,0.0,0.0,0.0,267.63,2.48,308.0,1011.37,
2015,2,13,19,10.84,53.59,0.0,0.0,0.0,266.7,2.66,311.0,1011.77,
2015,2,13,20,10.59,55.31,0.0,0.0,0.0,267.28,2.33,319.0,1011.67,
2015,2,13,21,10.34,57.02,0.0,0.0,0.0,267.87,1.99,328.0,1011.57,
2015,2,13,22,10.1,58.74,0.0,0.0,0.0,268.45,1.66,336.0,1011.47,
2015,2,13,23,9.65,60.9,0.0,0.0,0.0,270.72,1.54,347.0,1011.07,
2015,2,14,0,9.2,63.07,0.0,0.0,0.0,272.98,1.42,358.0,1010.68,
2015,2,14,1,8.75,65.23,0.0,0.0,0.0,275.25,1.3,9.0,1010.28,
2015,2,14,2,8.38,66.24,0.0,0.0,0.0,278.53,1.12,13.0,1010.25,
2015,2,14,3,8.02,67.25,0.0,0.0,0.0,281.82,0.94,17.0,1010.21,
2015,2,14,4,7.65,68.26,0.0,0.0,0.0,285.1,0.76,21.0,1010.18,
2015,2,14,5,8.38,63.44,0.0,0.0,0.0,284.75,0.66,31.0,1010.44,
2015,2,14,6,9.1,58.61,0.0,0.0,0.0,284.4,0.57,42.0,1010.71,
2015,2,14,7,9.83,53.79,76.0,172.81,53.0,284.05,0.47,52.0,1010.97,
2015,2,14,8,12.02,46.52,321.0,656.06,96.0,287.78,0.52,46.0,1010.64,
2015,2,14,9,14.21,39.25,526.0,744.31,137.0,291.52,0.58,39.0,1010.31,
2015,2,14,10,16.4,31.98,682.0,769.85,174.0,295.25,0.63,33.0,1009.98,
2015,2,14,11,17.6,30.45,799.0,847.94,167.0,293.78,0.71,354.0,1008.89,
2015,2,14,12,18.8,28.92,843.0,888.52,156.0,292.32,0.79,315.0,1007.8,
2015,2,14,13,20.0,27.39,803.0,876.55,153.0,290.85,0.87,276.0,1006.71,
2015,2,14,14,20.08,31.68,694.0,852.04,138.0,288.83,0.8,257.0,1006.38,
2015,2,14,15,20.16,35.98,523.0,790.6,118.0,286.82,0.72,238.0,1006.04,
2015,2,14,16,20.24,40.27,302.0,620.71,97.0,284.8,0.65,219.0,1005.71,
2015,2,14,17,18.43,37.69,79.0,319.47,41.0,281.62,1.07,186.0,1005.98,
2015,2,14,18,16.62,35.1,0.0,0.0,0.0,278.43,1.49,153.0,1006.24,
2015,2,14,19,14.8,32.52,0.0,0.0,0.0,275.25,1.9,120.0,1006.51,
2015,2,14,20,14.02,40.69,0.0,0.0,0.0,275.87,1.41,115.0,1006.47,
2015,2,14,21,13.24,48.85,0.0,0.0,0.0,276.48,0.92,109.0,1006.44,
2015,2,14,22,12.46,57.02,0.0,0.0,0.0,277.1,0.43,104.0,1006.41,
2015,2,14,23,12.53,59.2,0.0,0.0,0.0,278.17,0.35,105.0,1006.04,
2015,2,15,0,12.6,61.39,0.0,0.0,0.0,279.23,0.27,107.0,1005.68,
2015,2,15,1,12.68,63.57,0.0,0.0,0.0,280.3,0.19,108.0,1005.32,
2015,2,15,2,11.98,64.56,0.0,0.0,0.0,280.17,0.45,106.0,1004.99,
2015,2,15,3,11.28,65.54,0.0,0.0,0.0,280.03,0.71,103.0,1004.66,
2015,2,15,4,10.58,66.53,0.0,0.0,0.0,279.9,0.97,100.0,1004.32,
2015,2,15,5,11.45,62.06,0.0,0.0,0.0,282.35,0.76,102.0,1004.69,
2015,2,15,6,12.31,57.59,0.0,0.0,0.0,284.8,0.55,103.0,1005.05,
2015,2,15,7,13.18,53.12,34.0,0.0,34.0,287.25,0.34,105.0,1005.42,
2015,2,15,8,15.89,44.57,277.0,381.29,145.0,295.15,1.01,122.0,1005.28,
2015,2,15,9,18.59,36.01,488.0,562.63,192.0,303.05,1.67,140.0,1005.15,
2015,2,15,10,21.3,27.46,627.0,565.17,252.0,310.95,2.33,157.0,1005.02,
2015,2,15,11,22.54,24.37,578.0,254.98,387.0,312.63,1.9,184.0,1004.16,
2015,2,15,12,23.78,21.28,662.0,368.1,376.0,314.32,1.48,210.0,1003.3,
2015,2,15,13,25.01,18.19,549.0,210.66,392.0,316.0,1.05,236.0,1002.44,
2015,2,15,14,23.68,19.76,524.0,304.82,324.0,316.43,2.37,258.0,1002.8,
2015,2,15,15,22.34,21.32,465.0,513.92,200.0,316.87,3.7,280.0,1003.17,
2015,2,15,16,21.0,22.89,214.0,167.97,158.0,317.3,5.02,302.0,1003.53,
2015,2,15,17,19.62,28.01,51.0,57.48,44.0,320.02,4.05,310.0,1004.56,
2015,2,15,18,18.24,33.12,0.0,0.0,0.0,322.73,3.08,318.0,1005.58,
2015,2,15,19,16.85,38.24,0.0,0.0,0.0,325.45,2.11,326.0,1006.61,
2015,2,15,20,15.84,44.38,0.0,0.0,0.0,324.18,2.87,325.0,1006.9,
2015,2,15,21,14.82,50.51,0.0,0.0,0.0,322.92,3.63,325.0,1007.2,
2015,2,15,22,13.81,56.65,0.0,0.0,0.0,321.65,4.39,324.0,1007.5,
2015,2,15,23,13.13,60.89,0.0,0.0,0.0,310.05,3.96,326.0,1007.57,
2015,2,16,0,12.46,65.12,0.0,0.0,0.0,298.45,3.54,329.0,1007.63,
2015,2,16,1,11.79,69.36,0.0,0.0,0.0,286.85,3.12,331.0,1007.7,
2015,2,16,2,10.91,72.71,0.0,0.0,0.0,283.93,2.92,332.0,1007.83,
2015,2,16,3,10.04,76.05,0.0,0.0,0.0,281.02,2.72,334.0,1007.96,
2015,2,16,4,9.16,79.4,0.0,0.0,0.0,278.1,2.52,335.0,1008.1,
2015,2,16,5,9.69,77.66,0.0,0.0,0.0,278.3,2.59,341.0,1008.62,
2015,2,16,6,10.22,75.91,0.0,0.0,0.0,278.5,2.65,346.0,1009.15,
2015,2,16,7,10.75,74.17,84.0,208.52,55.0,278.7,2.72,352.0,1009.68,
2015,2,16,8,12.45,64.84,321.0,615.19,106.0,284.75,2.72,354.0,1009.35,
2015,2,16,9,14.15,55.52,536.0,760.92,133.0,290.8,2.73,357.0,1009.02,
2015,2,16,10,15.85,46.19,709.0,843.82,146.0,296.85,2.73,359.0,1008.69,
2015,2,16,11,17.21,41.28,817.0,880.65,154.0,298.68,2.69,348.0,1007.67,
2015,2,16,12,18.57,36.38,498.0,111.43,411.0,300.52,2.66,337.0,1006.64,
2015,2,16,13,19.93,31.47,646.0,391.2,353.0,302.35,2.62,327.0,1005.61,
2015,2,16,14,19.66,31.38,590.0,463.85,284.0,299.98,2.84,324.0,1005.68,
2015,2,16,15,19.39,31.3,449.0,494.21,192.5,297.62,3.06,322.0,1005.75,
2015,2,16,16,19.11,31.21,308.0,615.18,101.0,295.25,3.28,319.0,1005.81,
2015,2,16,17,17.72,38.17,154.0,830.81,50.5,294.62,3.25,323.0,1006.31,
2015,2,16,18,16.33,45.13,0.0,0.0,0.0,293.98,3.21,327.0,1006.81,
2015,2,16,19,14.93,52.09,0.0,0.0,0.0,293.35,3.17,330.0,1007.3,
2015,2,16,20,14.15,56.29,0.0,0.0,0.0,292.6,3.14,338.0,1007.4,
2015,2,16,21,13.37,60.49,0.0,0.0,0.0,291.85,3.12,345.0,1007.5,
2015,2,16,22,12.6,64.69,0.0,0.0,0.0,291.1,3.09,352.0,1007.6,
2015,2,16,23,12.18,67.14,0.0,0.0,0.0,291.68,2.83,355.0,1007.33,
2015,2,17,0,11.76,69.59,0.0,0.0,0.0,292.27,2.57,358.0,1007.07,
2015,2,17,1,11.35,72.04,0.0,0.0,0.0,292.85,2.32,1.0,1006.81,
2015,2,17,2,11.53,67.37,0.0,0.0,0.0,297.02,2.35,358.0,1007.14,
2015,2,17,3,11.71,62.69,0.0,0.0,0.0,301.18,2.39,355.0,1007.47,
2015,2,17,4,11.89,58.02,0.0,0.0,0.0,305.35,2.43,352.0,1007.8,
2015,2,17,5,12.15,59.46,0.0,0.0,0.0,308.2,2.34,358.0,1008.29,
2015,2,17,6,12.4,60.89,0.0,0.0,0.0,311.05,2.25,3.0,1008.79,
2015,2,17,7,12.66,62.33,15.0,0.0,15.0,313.9,2.17,8.0,1009.29,
2015,2,17,8,13.32,60.74,156.0,28.34,146.0,318.35,2.43,4.0,1009.52,
2015,2,17,9,13.99,59.14,150.0,0.0,150.0,322.8,2.69,359.0,1009.75,
2015,2,17,10,14.65,57.55,568.0,377.1,315.0,327.25,2.95,355.0,1009.98,
2015,2,17,11,15.51,56.9,232.0,0.0,232.0,333.45,2.97,351.0,1009.29,
2015,2,17,12,16.36,56.25,709.0,458.87,349.0,339.65,2.98,346.0,1008.59,
2015,2,17,13,17.21,55.6,373.0,29.23,351.0,345.85,2.99,342.0,1007.9,
2015,2,17,14,17.15,59.48,415.0,110.06,342.0,344.85,2.67,339.0,1007.73,
2015,2,17,15,17.08,63.36,374.0,216.33,261.0,343.85,2.34,337.0,1007.57,
2015,2,17,16,17.01,67.24,148.0,26.5,139.0,342.85,2.01,334.0,1007.4,
2015,2,17,17,15.78,68.04,35.0,7.85,34.0,341.22,1.66,340.0,1007.63,
2015,2,17,18,14.55,68.83,0.0,0.0,0.0,339.58,1.3,346.0,1007.86,
2015,2,17,19,13.32,69.63,0.0,0.0,0.0,337.95,0.94,353.0,1008.1,
2015,2,17,20,12.75,70.73,0.0,0.0,0.0,336.33,1.11,352.0,1008.13,
2015,2,17,21,12.18,71.83,0.0,0.0,0.0,334.72,1.29,351.0,1008.16,
2015,2,17,22,11.62,72.93,0.0,0.0,0.0,333.1,1.46,350.0,1008.19,
2015,2,17,23,11.06,72.79,0.0,0.0,0.0,323.47,1.79,353.0,1007.93,
2015,2,18,0,10.5,72.64,0.0,0.0,0.0,313.83,2.11,355.0,1007.67,
2015,2,18,1,9.95,72.5,0.0,0.0,0.0,304.2,2.44,358.0,1007.4,
2015,2,18,2,9.56,70.0,0.0,0.0,0.0,300.38,2.46,359.0,1007.6,
2015,2,18,3,9.16,67.51,0.0,0.0,0.0,296.57,2.49,359.0,1007.8,
2015,2,18,4,8.77,65.01,0.0,0.0,0.0,292.75,2.51,0.0,1008.0,
2015,2,18,5,9.58,62.14,0.0,0.0,0.0,290.45,2.41,2.0,1008.59,
2015,2,18,6,10.39,59.28,0.0,0.0,0.0,288.15,2.32,4.0,1009.19,
2015,2,18,7,11.2,56.41,79.0,137.61,59.0,285.85,2.22,6.0,1009.78,
2015,2,18,8,13.2,50.04,327.0,609.12,110.0,290.3,2.68,3.0,1009.85,
2015,2,18,9,15.19,43.66,542.0,750.75,139.0,294.75,3.14,360.0,1009.91,
2015,2,18,10,17.19,37.29,718.0,846.35,147.0,299.2,3.6,357.0,1009.98,
2015,2,18,11,18.28,33.88,834.0,913.92,139.0,298.97,4.12,349.0,1009.02,
2015,2,18,12,19.36,30.48,865.0,909.52,148.0,298.73,4.64,342.0,1008.06,
2015,2,18,13,20.44,27.07,824.0,896.38,146.0,298.5,5.16,335.0,1007.1,
2015,2,18,14,19.58,29.58,700.0,814.35,157.0,294.48,4.89,334.0,1007.07,
2015,2,18,15,18.72,32.1,531.0,757.15,133.0,290.47,4.63,333.0,1007.04,
2015,2,18,16,17.86,34.61,317.0,642.13,97.0,286.45,4.36,331.0,1007.0,
2015,2,18,17,16.27,38.26,89.0,345.85,44.0,283.1,4.2,334.0,1007.73,
2015,2,18,18,14.68,41.92,0.0,0.0,0.0,279.75,4.05,336.0,1008.46,
2015,2,18,19,13.09,45.57,0.0,0.0,0.0,276.4,3.89,338.0,1009.19,
2015,2,18,20,12.47,48.85,0.0,0.0,0.0,274.4,3.6,343.0,1009.58,
2015,2,18,21,11.85,52.14,0.0,0.0,0.0,272.4,3.32,348.0,1009.98,
2015,2,18,22,11.23,55.42,0.0,0.0,0.0,270.4,3.03,353.0,1010.38,
2015,2,18,23,10.79,58.99,0.0,0.0,0.0,269.0,2.92,354.0,1010.18,
2015,2,19,0,10.36,62.57,0.0,0.0,0.0,267.6,2.81,356.0,1009.98,
2015,2,19,1,9.93,66.14,0.0,0.0,0.0,266.2,2.7,357.0,1009.78,
2015,2,19,2,9.57,68.05,0.0,0.0,0.0,264.9,2.76,357.0,1009.58,
2015,2,19,3,9.2,69.96,0.0,0.0,0.0,263.6,2.81,357.0,1009.39,
2015,2,19,4,8.84,71.87,0.0,0.0,0.0,262.3,2.87,357.0,1009.19,
2015,2,19,5,9.48,70.46,0.0,0.0,0.0,263.15,2.82,357.0,1009.68,
2015,2,19,6,10.12,69.04,0.0,0.0,0.0,264.0,2.77,358.0,1010.18,
2015,2,19,7,10.77,67.63,92.0,222.13,59.0,264.85,2.72,358.0,1010.68,
2015,2,19,8,12.21,60.17,342.0,692.2,93.0,270.05,3.39,354.0,1010.58,
2015,2,19,9,13.66,52.7,560.0,821.53,116.0,275.25,4.06,350.0,1010.48,
2015,2,19,10,15.1,45.24,736.0,909.44,119.0,280.45,4.73,346.0,1010.38,
2015,2,19,11,16.08,42.06,847.0,947.29,123.0,281.7,5.04,339.0,1009.48,
2015,2,19,12,17.06,38.88,878.0,941.77,132.0,282.95,5.36,333.0,1008.59,
2015,2,19,13,18.03,35.7,837.0,928.86,131.0,284.2,5.67,326.0,1007.7,
2015,2,19,14,17.17,38.14,712.0,844.39,146.0,282.37,5.37,322.0,1007.63,
2015,2,19,15,16.31,40.58,537.0,773.23,128.0,280.53,5.08,319.0,1007.57,
2015,2,19,16,15.45,43.02,321.0,642.3,99.0,278.7,4.79,315.0,1007.5,
2015,2,19,17,14.22,47.81,96.0,406.49,42.0,277.57,4.53,316.0,1008.16,
2015,2,19,18,12.99,52.59,0.0,0.0,0.0,276.43,4.27,317.0,1008.82,
2015,2,19,19,11.76,57.38,0.0,0.0,0.0,275.3,4.01,318.0,1009.48,
2015,2,19,20,11.04,59.99,0.0,0.0,0.0,274.78,4.17,319.0,1009.82,
2015,2,19,21,10.32,62.6,0.0,0.0,0.0,274.27,4.34,320.0,1010.15,
2015,2,19,22,9.6,65.21,0.0,0.0,0.0,273.75,4.5,322.0,1010.48,
2015,2,19,23,9.03,65.48,0.0,0.0,0.0,271.78,4.42,321.0,1010.48,
2015,2,20,0,8.46,65.76,0.0,0.0,0.0,269.82,4.35,320.0,1010.48,
2015,2,20,1,7.89,66.03,0.0,0.0,0.0,267.85,4.28,319.0,1010.48,
2015,2,20,2,7.33,65.39,0.0,0.0,0.0,265.0,3.97,318.0,1010.34,
2015,2,20,3,6.78,64.74,0.0,0.0,0.0,262.15,3.66,316.0,1010.21,
2015,2,20,4,6.22,64.1,0.0,0.0,0.0,259.3,3.35,315.0,1010.08,
2015,2,20,5,6.6,62.06,0.0,0.0,0.0,256.47,3.37,314.0,1010.58,
2015,2,20,6,6.97,60.02,0.0,0.0,0.0,253.63,3.38,313.0,1011.07,
2015,2,20,7,7.35,57.98,96.0,237.07,60.0,250.8,3.39,312.0,1011.57,
2015,2,20,8,8.65,52.46,348.0,707.52,91.0,252.67,4.1,311.0,1011.47,
2015,2,20,9,9.96,46.95,567.0,838.01,111.0,254.53,4.81,310.0,1011.37,
2015,2,20,10,11.26,41.43,737.0,895.57,126.0,256.4,5.52,309.0,1011.27,
2015,2,20,11,12.35,38.79,851.0,947.77,123.0,257.33,5.6,308.0,1010.38,
2015,2,20,12,13.44,36.15,883.0,943.56,132.0,258.27,5.68,307.0,1009.48,
2015,2,20,13,14.53,33.51,833.0,898.2,147.0,259.2,5.77,306.0,1008.59,
2015,2,20,14,13.92,35.54,704.0,801.42,164.0,258.37,5.49,307.0,1008.59,
2015,2,20,15,13.31,37.57,535.0,747.82,137.0,257.53,5.2,308.0,1008.59,
2015,2,20,16,12.7,39.6,321.0,622.44,104.0,256.7,4.92,310.0,1008.59,
2015,2,20,17,11.74,43.3,92.0,317.22,49.0,255.93,4.2,306.0,1009.09,
2015,2,20,18,10.77,47.0,0.0,0.0,0.0,255.17,3.47,303.0,1009.58,
2015,2,20,19,9.8,50.7,0.0,0.0,0.0,254.4,2.74,300.0,1010.08,
2015,2,20,20,9.49,51.79,0.0,0.0,0.0,255.25,2.92,298.0,1010.51,
2015,2,20,21,9.18,52.88,0.0,0.0,0.0,256.1,3.09,296.0,1010.94,
2015,2,20,22,8.87,53.97,0.0,0.0,0.0,256.95,3.27,294.0,1011.37,
2015,2,20,23,8.72,54.94,0.0,0.0,0.0,257.13,3.37,296.0,1011.17,
2015,2,21,0,8.57,55.9,0.0,0.0,0.0,257.32,3.47,298.0,1010.97,
2015,2,21,1,8.42,56.87,0.0,0.0,0.0,257.5,3.57,300.0,1010.77,
2015,2,21,2,8.13,58.18,0.0,0.0,0.0,257.4,3.17,302.0,1010.64,
2015,2,21,3,7.85,59.5,0.0,0.0,0.0,257.3,2.76,305.0,1010.51,
2015,2,21,4,7.56,60.81,0.0,0.0,0.0,257.2,2.36,308.0,1010.38,
2015,2,21,5,8.18,60.05,0.0,0.0,0.0,257.33,2.25,306.0,1010.64,
2015,2,21,6,8.79,59.28,0.0,0.0,0.0,257.47,2.14,303.0,1010.91,
2015,2,21,7,9.41,58.52,95.0,212.62,62.0,257.6,2.03,301.0,1011.17,
2015,2,21,8,10.85,53.65,347.0,673.37,100.0,261.75,2.69,303.0,1011.07,
2015,2,21,9,12.3,48.79,563.0,797.62,126.0,265.9,3.35,304.0,1010.97,
2015,2,21,10,13.74,43.92,738.0,880.37,134.0,270.05,4.01,306.0,1010.87,
2015,2,21,11,14.87,41.04,852.0,932.68,132.0,270.57,4.2,306.0,1010.31,
2015,2,21,12,15.99,38.17,887.0,944.09,132.0,271.08,4.39,307.0,1009.75,
2015,2,21,13,17.11,35.29,841.0,914.75,139.0,271.6,4.58,307.0,1009.19,
2015,2,21,14,16.56,36.43,716.0,831.26,153.0,270.35,4.15,312.0,1009.22,
2015,2,21,15,16.0,37.57,570.0,909.5,83.0,269.1,3.71,317.0,1009.25,
2015,2,21,16,15.44,38.71,307.0,520.49,124.0,267.85,3.28,322.0,1009.29,
2015,2,21,17,14.02,45.21,100.0,405.12,44.0,267.45,2.91,322.0,1009.91,
2015,2,21,18,12.6,51.71,0.0,0.0,0.0,267.05,2.54,321.0,1010.54,
2015,2,21,19,11.18,58.21,0.0,0.0,0.0,266.65,2.17,321.0,1011.17,
2015,2,21,20,10.55,62.19,0.0,0.0,0.0,269.62,1.97,323.0,1011.6,
2015,2,21,21,9.92,66.18,0.0,0.0,0.0,272.58,1.78,326.0,1012.03,
2015,2,21,22,9.3,70.16,0.0,0.0,0.0,275.55,1.59,328.0,1012.46,
2015,2,21,23,8.92,73.3,0.0,0.0,0.0,274.23,1.62,335.0,1012.36,
2015,2,22,0,8.54,76.44,0.0,0.0,0.0,272.92,1.65,342.0,1012.26,
2015,2,22,1,8.17,79.58,0.0,0.0,0.0,271.6,1.68,348.0,1012.16,
2015,2,22,2,8.11,78.53,0.0,0.0,0.0,272.37,1.47,356.0,1012.06,
2015,2,22,3,8.06,77.47,0.0,0.0,0.0,273.13,1.26,3.0,1011.97,
2015,2,22,4,8.0,76.42,0.0,0.0,0.0,273.9,1.05,11.0,1011.87,
2015,2,22,5,8.87,72.29,0.0,0.0,0.0,274.75,0.96,16.0,1012.4,
2015,2,22,6,9.74,68.16,0.0,0.0,0.0,275.6,0.87,21.0,1012.92,
2015,2,22,7,10.61,64.03,123.0,472.83,48.0,276.45,0.79,27.0,1013.45,
2015,2,22,8,12.58,56.27,356.0,712.68,92.0,281.92,1.08,37.0,1013.39,
2015,2,22,9,14.56,48.5,576.0,841.11,112.0,287.38,1.37,48.0,1013.32,
2015,2,22,10,16.53,40.74,750.0,913.14,120.0,292.85,1.66,58.0,1013.26,
2015,2,22,11,17.69,37.41,856.0,934.49,131.0,293.58,1.54,65.0,1012.26,
2015,2,22,12,18.85,34.07,901.0,978.21,115.0,294.32,1.43,71.0,1011.27,
2015,2,22,13,20.01,30.74,820.0,823.53,185.0,295.05,1.31,78.0,1010.28,
2015,2,22,14,19.96,30.85,727.0,862.29,140.0,293.22,1.04,76.0,1009.98,
2015,2,22,15,19.91,30.95,526.0,672.03,164.0,291.38,0.77,75.0,1009.68,
2015,2,22,16,19.85,31.06,340.0,722.08,84.0,289.55,0.5,74.0,1009.39,
2015,2,22,17,18.16,38.35,54.0,28.39,50.0,286.62,0.99,73.0,1009.62,
2015,2,22,18,16.46,45.65,0.0,0.0,0.0,283.68,1.48,72.0,1009.85,
2015,2,22,19,14.76,52.94,0.0,0.0,0.0,280.75,1.97,71.0,1010.08,
2015,2,22,20,13.92,55.36,0.0,0.0,0.0,282.12,1.76,71.0,1010.28,
2015,2,22,21,13.08,57.77,0.0,0.0,0.0,283.48,1.54,71.0,1010.48,
2015,2,22,22,12.25,60.19,0.0,0.0,0.0,284.85,1.32,72.0,1010.68,
2015,2,22,23,12.04,62.82,0.0,0.0,0.0,287.38,1.43,74.0,1010.38,
2015,2,23,0,11.83,65.46,0.0,0.0,0.0,289.92,1.54,76.0,1010.08,
2015,2,23,1,11.62,68.09,0.0,0.0,0.0,292.45,1.64,79.0,1009.78,
2015,2,23,2,11.51,68.48,0.0,0.0,0.0,292.8,1.12,79.0,1009.25,
2015,2,23,3,11.4,68.88,0.0,0.0,0.0,293.15,0.6,80.0,1008.72,
2015,2,23,4,11.29,69.27,0.0,0.0,0.0,293.5,0.08,81.0,1008.19,
2015,2,23,5,12.05,65.71,0.0,0.0,0.0,293.27,0.19,80.0,1008.59,
2015,2,23,6,12.81,62.14,0.0,0.0,0.0,293.03,0.3,79.0,1008.99,
2015,2,23,7,13.58,58.58,67.0,37.02,61.0,292.8,0.41,79.0,1009.39,
2015,2,23,8,15.88,50.06,285.0,312.75,168.0,298.17,0.92,85.0,1009.35,
2015,2,23,9,18.19,41.55,468.0,396.07,248.0,303.53,1.43,90.0,1009.32,
2015,2,23,10,20.49,33.03,605.0,419.43,314.0,308.9,1.94,96.0,1009.29,
2015,2,23,11,21.88,29.47,729.0,523.29,321.0,309.17,1.58,100.0,1008.33,
2015,2,23,12,23.27,25.92,750.0,506.63,341.0,309.43,1.21,104.0,1007.37,
2015,2,23,13,24.66,22.36,639.0,330.45,383.0,309.7,0.84,108.0,1006.41,
2015,2,23,14,24.56,22.46,667.0,629.96,236.0,308.58,1.41,102.0,1006.14,
2015,2,23,15,24.45,22.56,483.0,489.06,218.0,307.47,1.98,96.0,1005.88,
2015,2,23,16,24.34,22.66,342.0,710.61,88.0,306.35,2.55,91.0,1005.61,
2015,2,23,17,22.39,30.44,81.0,160.27,58.0,303.07,2.61,67.0,1005.85,
2015,2,23,18,20.43,38.23,0.0,0.0,0.0,299.78,2.67,44.0,1006.08,
2015,2,23,19,18.47,46.01,0.0,0.0,0.0,296.5,2.73,21.0,1006.31,
2015,2,23,20,18.03,47.85,0.0,0.0,0.0,298.0,2.32,30.0,1006.28,
2015,2,23,21,17.58,49.68,0.0,0.0,0.0,299.5,1.9,40.0,1006.24,
2015,2,23,22,17.14,51.52,0.0,0.0,0.0,301.0,1.49,49.0,1006.21,
2015,2,23,23,17.4,51.93,0.0,0.0,0.0,304.48,1.2,60.0,1005.55,
2015,2,24,0,17.66,52.34,0.0,0.0,0.0,307.97,0.92,71.0,1004.89,
2015,2,24,1,17.93,52.75,0.0,0.0,0.0,311.45,0.63,82.0,1004.23,
2015,2,24,2,18.3,50.59,0.0,0.0,0.0,321.97,1.17,86.0,1003.37,
2015,2,24,3,18.67,48.42,0.0,0.0,0.0,332.48,1.7,91.0,1002.51,
2015,2,24,4,19.04,46.26,0.0,0.0,0.0,343.0,2.23,96.0,1001.65,
2015,2,24,5,19.36,44.66,0.0,0.0,0.0,341.02,2.09,108.0,1001.71,
2015,2,24,6,19.67,43.05,0.0,0.0,0.0,339.03,1.95,120.0,1001.78,
2015,2,24,7,19.99,41.45,88.0,114.72,69.0,337.05,1.81,133.0,1001.84,
2015,2,24,8,21.7,35.71,132.0,5.29,130.0,341.95,2.25,153.0,1001.88,
2015,2,24,9,23.42,29.98,480.0,425.54,242.0,346.85,2.7,173.0,1001.91,
2015,2,24,10,25.13,24.24,632.0,481.59,296.0,351.75,3.14,194.0,1001.94,
2015,2,24,11,25.39,22.63,830.0,812.96,193.0,346.37,4.28,221.0,1001.25,
2015,2,24,12,25.64,21.03,883.0,884.02,166.0,340.98,5.41,248.0,1000.55,
2015,2,24,13,25.89,19.42,842.0,871.1,164.0,335.6,6.54,276.0,999.86,
2015,2,24,14,24.38,21.02,735.0,865.35,140.0,327.65,6.16,285.0,1000.55,
2015,2,24,15,22.87,22.63,561.0,807.33,121.0,319.7,5.77,294.0,1001.25,
2015,2,24,16,21.35,24.23,337.0,654.98,101.0,311.75,5.39,303.0,1001.94,
2015,2,24,17,19.76,28.22,108.0,417.5,47.0,305.22,5.11,307.0,1002.84,
2015,2,24,18,18.17,32.2,0.0,0.0,0.0,298.68,4.83,312.0,1003.73,
2015,2,24,19,16.57,36.19,0.0,0.0,0.0,292.15,4.55,316.0,1004.62,
2015,2,24,20,15.73,40.05,0.0,0.0,0.0,288.03,3.94,319.0,1005.25,
2015,2,24,21,14.89,43.91,0.0,0.0,0.0,283.92,3.34,323.0,1005.88,
2015,2,24,22,14.06,47.77,0.0,0.0,0.0,279.8,2.73,326.0,1006.51,
2015,2,24,23,13.45,51.26,0.0,0.0,0.0,277.67,2.58,327.0,1006.51,
2015,2,25,0,12.84,54.76,0.0,0.0,0.0,275.53,2.43,329.0,1006.51,
2015,2,25,1,12.24,58.25,0.0,0.0,0.0,273.4,2.28,330.0,1006.51,
2015,2,25,2,12.16,59.09,0.0,0.0,0.0,273.8,2.47,332.0,1006.67,
2015,2,25,3,12.07,59.94,0.0,0.0,0.0,274.2,2.66,334.0,1006.84,
2015,2,25,4,11.99,60.78,0.0,0.0,0.0,274.6,2.86,336.0,1007.0,
2015,2,25,5,12.6,58.46,0.0,0.0,0.0,274.28,2.86,337.0,1007.6,
2015,2,25,6,13.21,56.13,0.0,0.0,0.0,273.97,2.86,338.0,1008.19,
2015,2,25,7,13.82,53.81,101.0,183.21,70.0,273.65,2.87,340.0,1008.79,
2015,2,25,8,15.42,46.81,354.0,626.36,115.0,278.37,3.26,344.0,1008.62,
2015,2,25,9,17.03,39.81,578.0,790.19,133.0,283.08,3.64,348.0,1008.46,
2015,2,25,10,18.63,32.81,741.0,826.7,161.0,287.8,4.03,352.0,1008.29,
2015,2,25,11,19.68,29.61,857.0,890.24,156.0,288.53,4.11,350.0,1007.6,
2015,2,25,12,20.73,26.4,896.0,915.53,150.0,289.27,4.18,348.0,1006.9,
2015,2,25,13,21.77,23.2,850.0,887.55,156.0,290.0,4.26,345.0,1006.21,
2015,2,25,14,21.46,23.16,728.0,822.05,160.0,288.33,4.19,347.0,1006.24,
2015,2,25,15,21.15,23.12,568.0,822.8,117.0,286.67,4.12,348.0,1006.28,
2015,2,25,16,20.84,23.08,342.0,669.12,99.0,285.0,4.06,349.0,1006.31,
2015,2,25,17,19.08,28.84,110.0,410.29,49.0,281.77,3.83,347.0,1006.74,
2015,2,25,18,17.32,34.6,0.0,0.0,0.0,278.53,3.6,345.0,1007.17,
2015,2,25,19,15.55,40.36,0.0,0.0,0.0,275.3,3.38,344.0,1007.6,
2015,2,25,20,14.78,43.12,0.0,0.0,0.0,273.95,3.2,349.0,1007.8,
2015,2,25,21,14.0,45.87,0.0,0.0,0.0,272.6,3.01,355.0,1008.0,
2015,2,25,22,13.23,48.63,0.0,0.0,0.0,271.25,2.83,1.0,1008.19,
2015,2,25,23,12.53,51.85,0.0,0.0,0.0,270.92,2.8,2.0,1008.0,
2015,2,26,0,11.84,55.06,0.0,0.0,0.0,270.58,2.78,4.0,1007.8,
2015,2,26,1,11.15,58.28,0.0,0.0,0.0,270.25,2.76,5.0,1007.6,
2015,2,26,2,10.69,60.0,0.0,0.0,0.0,271.07,2.29,3.0,1007.73,
2015,2,26,3,10.23,61.71,0.0,0.0,0.0,271.88,1.82,2.0,1007.86,
2015,2,26,4,9.77,63.43,0.0,0.0,0.0,272.7,1.35,1.0,1008.0,
2015,2,26,5,10.76,59.0,0.0,0.0,0.0,273.9,1.01,9.0,1008.33,
2015,2,26,6,11.75,54.58,0.0,0.0,0.0,275.1,0.66,17.0,1008.66,
2015,2,26,7,12.75,50.15,114.0,254.57,70.0,276.3,0.32,26.0,1008.99,
2015,2,26,8,15.8,41.97,373.0,723.99,94.0,281.82,0.42,40.0,1008.79,
2015,2,26,9,18.86,33.78,591.0,834.15,118.0,287.33,0.52,53.0,1008.59,
2015,2,26,10,21.91,25.6,765.0,902.9,128.0,292.85,0.62,67.0,1008.39,
2015,2,26,11,23.46,22.52,874.0,938.97,131.0,293.4,0.97,76.0,1007.47,
2015,2,26,12,25.01,19.43,910.0,949.2,133.0,293.95,1.32,85.0,1006.54,
2015,2,26,13,26.55,16.35,867.0,936.98,131.0,294.5,1.67,94.0,1005.61,
2015,2,26,14,26.45,18.13,747.0,882.89,134.0,294.9,1.76,96.0,1005.22,
2015,2,26,15,26.34,19.91,574.0,839.96,111.0,295.3,1.85,98.0,1004.82,
2015,2,26,16,26.23,21.69,348.0,694.03,94.0,295.7,1.94,100.0,1004.42,
2015,2,26,17,23.68,28.58,113.0,429.85,48.0,292.82,2.12,93.0,1004.85,
2015,2,26,18,21.13,35.48,0.0,0.0,0.0,289.93,2.29,86.0,1005.28,
2015,2,26,19,18.58,42.37,0.0,0.0,0.0,287.05,2.47,79.0,1005.71,
2015,2,26,20,17.64,45.83,0.0,0.0,0.0,289.05,1.84,78.0,1005.88,
2015,2,26,21,16.69,49.3,0.0,0.0,0.0,291.05,1.22,77.0,1006.04,
2015,2,26,22,15.75,52.76,0.0,0.0,0.0,293.05,0.59,77.0,1006.21,
2015,2,26,23,15.61,55.61,0.0,0.0,0.0,295.17,0.61,78.0,1005.95,
2015,2,27,0,15.48,58.47,0.0,0.0,0.0,297.28,0.62,80.0,1005.68,
2015,2,27,1,15.35,61.32,0.0,0.0,0.0,299.4,0.63,81.0,1005.42,
2015,2,27,2,14.91,62.43,0.0,0.0,0.0,300.95,0.55,82.0,1005.15,
2015,2,27,3,14.47,63.53,0.0,0.0,0.0,302.5,0.46,84.0,1004.89,
2015,2,27,4,14.03,64.64,0.0,0.0,0.0,304.05,0.37,85.0,1004.62,
2015,2,27,5,15.25,59.69,0.0,0.0,0.0,306.42,0.46,87.0,1005.12,
2015,2,27,6,16.47,54.73,0.0,0.0,0.0,308.78,0.54,89.0,1005.61,
2015,2,27,7,17.7,49.78,112.0,226.59,72.0,311.15,0.62,91.0,1006.11,
2015,2,27,8,21.17,40.49,370.0,678.31,106.0,318.4,0.94,104.0,1006.04,
2015,2,27,9,24.64,31.19,589.0,807.41,128.0,325.65,1.26,116.0,1005.98,
2015,2,27,10,28.11,21.9,766.0,889.45,135.0,332.9,1.57,128.0,1005.91,
2015,2,27,11,29.62,19.21,875.0,924.34,140.0,334.65,1.34,144.0,1005.18,
2015,2,27,12,31.13,16.51,905.0,918.13,150.0,336.4,1.1,159.0,1004.46,
2015,2,27,13,32.63,13.82,867.0,921.36,140.0,338.15,0.87,174.0,1003.73,
2015,2,27,14,31.84,19.69,754.0,898.76,127.0,332.07,1.04,195.0,1003.7,
2015,2,27,15,31.04,25.57,580.0,855.18,106.0,325.98,1.21,215.0,1003.66,
2015,2,27,16,30.24,31.44,353.0,707.78,92.0,319.9,1.38,236.0,1003.63,
2015,2,27,17,27.51,32.25,115.0,429.34,49.0,314.95,1.83,255.0,1004.09,
2015,2,27,18,24.78,33.07,0.0,0.0,0.0,310.0,2.27,273.0,1004.56,
2015,2,27,19,22.05,33.88,0.0,0.0,0.0,305.05,2.72,292.0,1005.02,
2015,2,27,20,21.59,32.87,0.0,0.0,0.0,304.43,3.6,300.0,1005.55,
2015,2,27,21,21.12,31.85,0.0,0.0,0.0,303.82,4.49,308.0,1006.08,
2015,2,27,22,20.66,30.84,0.0,0.0,0.0,303.2,5.38,316.0,1006.61,
2015,2,27,23,19.8,29.77,0.0,0.0,0.0,302.73,5.28,319.0,1007.07,
2015,2,28,0,18.95,28.7,0.0,0.0,0.0,302.27,5.18,322.0,1007.53,
2015,2,28,1,18.1,27.63,0.0,0.0,0.0,301.8,5.08,325.0,1008.0,
2015,2,28,2,17.09,28.43,0.0,0.0,0.0,301.3,4.94,325.0,1008.29,
2015,2,28,3,16.09,29.22,0.0,0.0,0.0,300.8,4.8,326.0,1008.59,
2015,2,28,4,15.08,30.02,0.0,0.0,0.0,300.3,4.66,326.0,1008.89,
2015,2,28,5,15.42,29.37,0.0,0.0,0.0,298.85,4.64,327.0,1009.45,
2015,2,28,6,15.76,28.71,0.0,0.0,0.0,297.4,4.63,329.0,1010.01,
2015,2,28,7,16.11,28.06,100.0,133.14,76.0,295.95,4.61,331.0,1010.58,
2015,2,28,8,17.61,24.19,341.0,493.55,147.0,299.92,4.87,333.0,1010.51,
2015,2,28,9,19.12,20.31,570.0,700.99,167.0,303.88,5.14,335.0,1010.44,
2015,2,28,10,20.62,16.44,747.0,800.43,176.0,307.85,5.41,336.0,1010.38,
2015,2,28,11,21.92,14.3,857.0,847.28,180.0,308.78,5.61,336.0,1009.52,
2015,2,28,12,23.21,12.16,886.0,841.36,191.0,309.72,5.82,336.0,1008.66,
2015,2,28,13,24.5,10.02,858.0,875.62,164.0,310.65,6.03,336.0,1007.8,
2015,2,28,14,23.76,10.1,743.0,838.91,155.0,308.05,5.54,335.0,1007.73,
2015,2,28,15,23.01,10.18,575.0,812.86,122.0,305.45,5.05,335.0,1007.67,
2015,2,28,16,22.26,10.26,351.0,675.64,100.0,302.85,4.57,335.0,1007.6,
2015,2,28,17,20.56,12.6,119.0,448.12,49.0,300.07,4.2,334.0,1008.16,
2015,2,28,18,14.88,20.13,0.0,0.0,0.0,288.54,3.59,334.0,1008.72,
2015,2,28,19,15.18,22.0,0.0,0.0,0.0,290.14,3.52,334.0,1009.29,
2015,2,28,20,15.49,23.87,0.0,0.0,0.0,291.74,3.44,336.0,1009.55,
2015,2,28,21,15.79,25.75,0.0,0.0,0.0,293.35,3.36,338.0,1009.82,
2015,2,28,22,16.1,27.62,0.0,0.0,0.0,294.95,3.28,340.0,1010.08,
2015,2,28,23,16.4,29.49,0.0,0.0,0.0,296.55,3.2,339.0,1009.88,
2006,3,1,0,16.71,31.36,0.0,0.0,0.0,298.16,3.12,337.0,1009.68,
2006,3,1,1,17.01,33.24,0.0,0.0,0.0,299.76,3.04,336.0,1009.48,
2006,3,1,2,17.32,35.11,0.0,0.0,0.0,301.36,2.96,20.0,1003.1,
2006,3,1,3,17.62,36.98,0.0,0.0,0.0,302.97,2.88,8.0,1003.46,
2006,3,1,4,17.93,38.86,0.0,0.0,0.0,304.57,2.81,356.0,1003.83,
2006,3,1,5,18.23,40.73,0.0,0.0,0.0,306.17,2.73,352.0,1004.46,
2006,3,1,6,18.54,42.6,0.0,0.0,0.0,307.78,2.65,349.0,1005.09,
2006,3,1,7,18.84,44.48,77.0,38.03,70.0,309.38,2.57,345.0,1005.71,
2006,3,1,8,19.15,46.35,268.0,188.93,193.0,310.98,2.49,341.0,1005.85,
2006,3,1,9,19.45,48.22,489.0,388.69,264.0,312.59,2.41,336.0,1005.98,
2006,3,1,10,28.44,15.69,673.0,533.94,290.0,323.35,3.53,331.0,1006.11,
2006,3,1,11,29.42,14.11,787.0,606.56,300.0,323.03,4.08,327.0,1005.38,
2006,3,1,12,30.41,12.54,839.0,668.88,284.0,322.72,4.63,323.0,1004.66,
2006,3,1,13,31.39,10.96,828.0,747.41,233.0,322.4,5.17,319.0,1003.93,
2006,3,1,14,30.22,11.53,751.0,839.29,160.0,316.88,4.93,320.0,1004.16,
2006,3,1,15,29.05,12.11,557.0,699.65,165.0,311.37,4.69,321.0,1004.39,
2006,3,1,16,27.88,12.68,344.0,601.26,119.0,305.85,4.46,322.0,1004.62,
2006,3,1,17,25.64,15.21,111.0,327.75,59.0,299.63,4.55,324.0,1005.25,
2006,3,1,18,23.4,17.75,0.0,0.0,0.0,293.42,4.65,326.0,1005.88,
2006,3,1,19,21.16,20.28,0.0,0.0,0.0,287.2,4.74,329.0,1006.51,
2006,3,1,20,20.0,23.52,0.0,0.0,0.0,284.47,4.5,333.0,1006.97,
2006,3,1,21,18.85,26.76,0.0,0.0,0.0,281.73,4.25,336.0,1007.43,
2006,3,1,22,17.69,30.0,0.0,0.0,0.0,279.0,4.0,340.0,1007.9,
2006,3,1,23,16.81,34.04,0.0,0.0,0.0,277.38,3.83,343.0,1007.8,
2006,3,2,0,15.94,38.07,0.0,0.0,0.0,275.77,3.65,346.0,1007.7,
2006,3,2,1,15.07,42.11,0.0,0.0,0.0,274.15,3.48,349.0,1007.6,
2006,3,2,2,14.83,44.93,0.0,0.0,0.0,274.0,3.37,350.0,1007.6,
2006,3,2,3,14.58,47.75,0.0,0.0,0.0,273.85,3.27,350.0,1007.6,
2006,3,2,4,14.33,50.57,0.0,0.0,0.0,273.7,3.17,350.0,1007.6,
2006,3,2,5,14.89,48.64,0.0,0.0,0.0,274.18,2.95,352.0,1008.1,
2006,3,2,6,15.45,46.71,0.0,0.0,0.0,274.67,2.73,355.0,1008.59,
2006,3,2,7,16.01,44.78,123.0,239.53,78.0,275.15,2.51,357.0,1009.09,
2006,3,2,8,18.29,38.81,372.0,608.61,128.0,282.75,2.63,355.0,1008.99,
2006,3,2,9,20.56,32.83,597.0,766.94,150.0,290.35,2.76,353.0,1008.89,
2006,3,2,10,22.84,26.86,772.0,845.75,162.0,297.95,2.88,351.0,1008.79,
2006,3,2,11,24.25,23.37,881.0,878.86,172.0,299.52,3.08,344.0,1007.9,
2006,3,2,12,25.66,19.88,915.0,887.89,175.0,301.08,3.28,337.0,1007.0,
2006,3,2,13,27.07,16.39,867.0,859.23,180.0,302.65,3.48,330.0,1006.11,
2006,3,2,14,26.54,16.63,759.0,855.26,154.0,299.2,3.42,328.0,1005.95,
2006,3,2,15,26.01,16.86,561.0,699.54,167.0,295.75,3.36,325.0,1005.78,
2006,3,2,16,25.48,17.1,353.0,639.44,112.0,292.3,3.3,323.0,1005.61,
2006,3,2,17,23.38,22.26,118.0,378.7,57.0,288.32,3.46,323.0,1006.08,
2006,3,2,18,21.28,27.41,0.0,0.0,0.0,284.33,3.63,323.0,1006.54,
2006,3,2,19,19.18,32.57,0.0,0.0,0.0,280.35,3.79,322.0,1007.0,
2006,3,2,20,18.02,36.13,0.0,0.0,0.0,278.97,3.62,325.0,1007.24,
2006,3,2,21,16.87,39.7,0.0,0.0,0.0,277.58,3.45,329.0,1007.47,
2006,3,2,22,15.71,43.26,0.0,0.0,0.0,276.2,3.28,332.0,1007.7,
2006,3,2,23,14.8,47.01,0.0,0.0,0.0,275.57,3.09,333.0,1007.3,
2006,3,3,0,13.89,50.76,0.0,0.0,0.0,274.93,2.9,334.0,1006.9,
2006,3,3,1,12.98,54.51,0.0,0.0,0.0,274.3,2.7,336.0,1006.51,
2006,3,3,2,12.26,56.68,0.0,0.0,0.0,273.32,2.53,332.0,1006.41,
2006,3,3,3,11.53,58.86,0.0,0.0,0.0,272.33,2.36,328.0,1006.31,
2006,3,3,4,10.8,61.03,0.0,0.0,0.0,271.35,2.19,324.0,1006.21,
2006,3,3,5,11.82,55.54,0.0,0.0,0.0,272.88,2.1,325.0,1006.51,
2006,3,3,6,12.83,50.04,0.0,0.0,0.0,274.42,2.01,325.0,1006.81,
2006,3,3,7,13.84,44.55,87.0,52.15,77.0,275.95,1.92,326.0,1007.1,
2006,3,3,8,16.84,36.7,381.0,634.76,124.0,281.43,2.16,322.0,1007.1,
2006,3,3,9,19.83,28.85,615.0,828.18,129.0,286.92,2.4,319.0,1007.1,
2006,3,3,10,22.83,21.0,781.0,863.2,155.0,292.4,2.65,316.0,1007.1,
2006,3,3,11,24.45,18.18,885.0,879.63,172.0,293.6,3.19,315.0,1006.31,
2006,3,3,12,26.06,15.35,903.0,838.61,201.0,294.8,3.73,315.0,1005.52,
2006,3,3,13,27.68,12.53,703.0,404.74,378.0,296.0,4.28,314.0,1004.72,
2006,3,3,14,26.96,13.21,755.0,824.69,169.0,293.87,4.12,318.0,1004.69,
2006,3,3,15,26.24,13.88,570.0,729.51,157.0,291.73,3.96,321.0,1004.66,
2006,3,3,16,25.52,14.56,358.0,653.44,110.0,289.6,3.81,324.0,1004.62,
2006,3,3,17,23.28,19.53,130.0,501.62,48.0,286.92,3.7,326.0,1004.99,
2006,3,3,18,21.05,24.49,0.0,0.0,0.0,284.23,3.59,329.0,1005.35,
2006,3,3,19,18.81,29.46,0.0,0.0,0.0,281.55,3.48,331.0,1005.71,
2006,3,3,20,17.8,31.81,0.0,0.0,0.0,280.57,3.39,336.0,1005.98,
2006,3,3,21,16.8,34.15,0.0,0.0,0.0,279.58,3.31,340.0,1006.24,
2006,3,3,22,15.79,36.5,0.0,0.0,0.0,278.6,3.23,345.0,1006.51,
2006,3,3,23,15.08,38.24,0.0,0.0,0.0,279.63,3.15,349.0,1006.28,
2006,3,4,0,14.38,39.98,0.0,0.0,0.0,280.67,3.07,352.0,1006.04,
2006,3,4,1,13.67,41.72,0.0,0.0,0.0,281.7,2.99,356.0,1005.81,
2006,3,4,2,13.13,42.92,0.0,0.0,0.0,282.02,2.91,357.0,1005.95,
2006,3,4,3,12.58,44.13,0.0,0.0,0.0,282.33,2.82,359.0,1006.08,
2006,3,4,4,12.03,45.33,0.0,0.0,0.0,282.65,2.73,0.0,1006.21,
2006,3,4,5,13.21,40.83,0.0,0.0,0.0,284.82,2.42,2.0,1006.61,
2006,3,4,6,14.38,36.32,0.0,0.0,0.0,286.98,2.11,3.0,1007.0,
2006,3,4,7,15.55,31.82,145.0,368.01,73.0,289.15,1.79,4.0,1007.4,
2006,3,4,8,18.94,26.32,390.0,662.8,119.0,295.05,1.94,2.0,1007.43,
2006,3,4,9,22.32,20.83,610.0,785.32,146.0,300.95,2.09,359.0,1007.47,
2006,3,4,10,25.71,15.33,782.0,847.56,164.0,306.85,2.23,356.0,1007.5,
2006,3,4,11,27.08,14.05,884.0,863.22,181.0,307.95,2.56,350.0,1006.87,
2006,3,4,12,28.46,12.77,923.0,889.7,175.0,309.05,2.88,344.0,1006.24,
2006,3,4,13,29.83,11.49,879.0,877.98,171.0,310.15,3.2,338.0,1005.61,
2006,3,4,14,29.36,13.17,758.0,825.26,169.0,307.9,3.0,336.0,1005.45,
2006,3,4,15,28.89,14.84,573.0,731.09,157.0,305.65,2.8,334.0,1005.28,
2006,3,4,16,28.42,16.52,369.0,706.56,99.0,303.4,2.59,333.0,1005.12,
2006,3,4,17,25.76,21.67,121.0,367.85,60.0,298.25,2.88,334.0,1005.45,
2006,3,4,18,23.1,26.82,0.0,0.0,0.0,293.1,3.16,335.0,1005.78,
2006,3,4,19,20.44,31.97,0.0,0.0,0.0,287.95,3.45,336.0,1006.11,
2006,3,4,20,19.38,34.04,0.0,0.0,0.0,286.42,3.46,340.0,1006.31,
2006,3,4,21,18.32,36.11,0.0,0.0,0.0,284.88,3.48,343.0,1006.51,
2006,3,4,22,17.26,38.18,0.0,0.0,0.0,283.35,3.49,347.0,1006.71,
2006,3,4,23,16.44,40.71,0.0,0.0,0.0,283.7,3.37,351.0,1006.61,
2006,3,5,0,15.63,43.24,0.0,0.0,0.0,284.05,3.26,354.0,1006.51,
2006,3,5,1,14.82,45.77,0.0,0.0,0.0,284.4,3.14,357.0,1006.41,
2006,3,5,2,14.68,47.94,0.0,0.0,0.0,285.68,2.87,4.0,1006.51,
2006,3,5,3,14.53,50.11,0.0,0.0,0.0,286.97,2.59,11.0,1006.61,
2006,3,5,4,14.38,52.28,0.0,0.0,0.0,288.25,2.32,19.0,1006.71,
2006,3,5,5,15.13,48.17,0.0,0.0,0.0,290.0,2.0,22.0,1007.1,
2006,3,5,6,15.87,44.07,0.0,0.0,0.0,291.75,1.69,26.0,1007.5,
2006,3,5,7,16.61,39.96,148.0,360.73,76.0,293.5,1.38,29.0,1007.9,
2006,3,5,8,20.01,33.1,394.0,663.62,120.0,299.33,1.26,17.0,1007.8,
2006,3,5,9,23.42,26.24,611.0,771.62,152.0,305.17,1.14,5.0,1007.7,
2006,3,5,10,26.82,19.38,768.0,785.71,192.0,311.0,1.02,352.0,1007.6,
2006,3,5,11,27.91,17.19,894.0,881.21,173.0,311.18,1.83,337.0,1006.87,
2006,3,5,12,29.01,15.0,922.0,874.05,184.0,311.37,2.65,322.0,1006.14,
2006,3,5,13,30.1,12.81,878.0,861.97,180.0,311.55,3.46,307.0,1005.42,
2006,3,5,14,29.12,14.03,770.0,859.34,154.0,307.3,3.87,310.0,1005.48,
2006,3,5,15,28.14,15.26,590.0,790.43,138.0,303.05,4.28,314.0,1005.55,
2006,3,5,16,27.16,16.48,364.0,657.65,111.0,298.8,4.69,318.0,1005.61,
2006,3,5,17,25.16,20.89,126.0,404.38,58.0,296.77,4.73,324.0,1006.28,
2006,3,5,18,23.17,25.29,0.0,0.0,0.0,294.73,4.77,329.0,1006.94,
2006,3,5,19,21.17,29.7,0.0,0.0,0.0,292.7,4.81,335.0,1007.6,
2006,3,5,20,19.92,33.64,0.0,0.0,0.0,292.4,4.45,340.0,1007.73,
2006,3,5,21,18.66,37.59,0.0,0.0,0.0,292.1,4.09,344.0,1007.86,
2006,3,5,22,17.41,41.53,0.0,0.0,0.0,291.8,3.72,348.0,1008.0,
2006,3,5,23,16.54,44.15,0.0,0.0,0.0,289.82,3.64,352.0,1007.76,
2006,3,6,0,15.68,46.76,0.0,0.0,0.0,287.83,3.55,356.0,1007.53,
2006,3,6,1,14.82,49.38,0.0,0.0,0.0,285.85,3.46,0.0,1007.3,
2006,3,6,2,14.3,50.6,0.0,0.0,0.0,285.43,3.28,3.0,1007.33,
2006,3,6,3,13.77,51.82,0.0,0.0,0.0,285.02,3.1,6.0,1007.37,
2006,3,6,4,13.24,53.04,0.0,0.0,0.0,284.6,2.92,9.0,1007.4,
2006,3,6,5,14.02,49.91,0.0,0.0,0.0,284.92,2.64,12.0,1007.73,
2006,3,6,6,14.79,46.77,0.0,0.0,0.0,285.23,2.36,15.0,1008.06,
2006,3,6,7,15.56,43.64,146.0,319.29,81.0,285.55,2.08,18.0,1008.39,
2006,3,6,8,18.21,37.14,394.0,642.8,126.0,291.53,2.06,18.0,1008.0,
2006,3,6,9,20.87,30.63,612.0,758.08,158.0,297.52,2.05,17.0,1007.6,
2006,3,6,10,23.52,24.13,782.0,818.14,179.0,303.5,2.03,16.0,1007.2,
2006,3,6,11,25.05,20.63,898.0,882.01,173.0,304.28,2.18,3.0,1006.24,
2006,3,6,12,26.58,17.12,926.0,875.07,184.0,305.07,2.34,349.0,1005.28,
2006,3,6,13,28.11,13.62,887.0,879.33,172.0,305.85,2.5,336.0,1004.32,
2006,3,6,14,27.74,14.96,769.0,843.17,162.0,301.93,2.4,332.0,1003.93,
2006,3,6,15,27.37,16.29,580.0,732.63,159.0,298.02,2.3,328.0,1003.53,
2006,3,6,16,27.0,17.63,367.0,658.51,112.0,294.1,2.21,324.0,1003.13,
2006,3,6,17,24.49,21.56,128.0,398.92,60.0,290.22,2.26,332.0,1003.46,
2006,3,6,18,21.99,25.5,0.0,0.0,0.0,286.33,2.31,339.0,1003.8,
2006,3,6,19,19.48,29.43,0.0,0.0,0.0,282.45,2.36,347.0,1004.13,
2006,3,6,20,18.83,31.67,0.0,0.0,0.0,282.47,2.25,2.0,1004.09,
2006,3,6,21,18.17,33.92,0.0,0.0,0.0,282.48,2.15,17.0,1004.06,
2006,3,6,22,17.52,36.16,0.0,0.0,0.0,282.5,2.04,32.0,1004.03,
2006,3,6,23,16.25,39.47,0.0,0.0,0.0,283.95,2.09,45.0,1003.63,
2006,3,7,0,14.98,42.77,0.0,0.0,0.0,285.4,2.13,58.0,1003.23,
2006,3,7,1,13.71,46.08,0.0,0.0,0.0,286.85,2.18,71.0,1002.84,
2006,3,7,2,13.36,48.19,0.0,0.0,0.0,287.97,2.23,77.0,1002.74,
2006,3,7,3,13.0,50.29,0.0,0.0,0.0,289.08,2.27,84.0,1002.64,
2006,3,7,4,12.64,52.4,0.0,0.0,0.0,290.2,2.32,90.0,1002.54,
2006,3,7,5,14.46,46.71,0.0,0.0,0.0,293.38,2.22,97.0,1002.57,
2006,3,7,6,16.28,41.03,0.0,0.0,0.0,296.57,2.11,105.0,1002.6,
2006,3,7,7,18.1,35.34,155.0,361.29,80.0,299.75,2.01,112.0,1002.64,
2006,3,7,8,21.86,28.24,401.0,655.61,125.0,306.48,2.6,123.0,1002.24,
2006,3,7,9,25.61,21.14,624.0,789.5,148.0,313.22,3.18,134.0,1001.84,
2006,3,7,10,29.37,14.04,795.0,851.58,164.0,319.95,3.77,145.0,1001.45,
2006,3,7,11,30.78,12.88,898.0,865.87,183.0,320.97,4.06,154.0,1000.52,
2006,3,7,12,32.2,11.72,925.0,858.49,194.0,321.98,4.34,164.0,999.59,
2006,3,7,13,33.61,10.56,876.0,830.45,198.0,323.0,4.63,173.0,998.67,
2006,3,7,14,32.86,11.42,777.0,860.39,155.0,318.87,4.4,174.0,998.54,
2006,3,7,15,32.12,12.27,596.0,793.22,138.0,314.73,4.17,174.0,998.4,
2006,3,7,16,31.37,13.13,367.0,646.6,115.0,310.6,3.94,174.0,998.27,
2006,3,7,17,29.26,15.94,131.0,411.05,60.0,306.48,4.03,169.0,998.47,
2006,3,7,18,27.16,18.76,0.0,0.0,0.0,302.37,4.11,164.0,998.67,
2006,3,7,19,25.05,21.57,0.0,0.0,0.0,298.25,4.19,158.0,998.87,
2006,3,7,20,24.43,22.22,0.0,0.0,0.0,296.88,4.21,157.0,998.73,
2006,3,7,21,23.8,22.87,0.0,0.0,0.0,295.52,4.22,156.0,998.6,
2006,3,7,22,23.18,23.52,0.0,0.0,0.0,294.15,4.23,155.0,998.47,
2006,3,7,23,21.77,25.84,0.0,0.0,0.0,293.92,3.96,159.0,997.97,
2006,3,8,0,20.37,28.17,0.0,0.0,0.0,293.68,3.69,163.0,997.48,
2006,3,8,1,18.97,30.49,0.0,0.0,0.0,293.45,3.42,167.0,996.98,
2006,3,8,2,18.46,32.17,0.0,0.0,0.0,293.98,3.51,213.0,997.51,
2006,3,8,3,17.95,33.84,0.0,0.0,0.0,294.52,3.6,259.0,998.04,
2006,3,8,4,17.43,35.52,0.0,0.0,0.0,295.05,3.68,304.0,998.57,
2006,3,8,5,17.42,33.7,0.0,0.0,0.0,293.55,4.1,309.0,999.5,
2006,3,8,6,17.41,31.87,0.0,0.0,0.0,292.05,4.52,313.0,1000.42,
2006,3,8,7,17.4,30.05,82.0,23.63,77.0,290.55,4.94,317.0,1001.35,
2006,3,8,8,18.67,28.1,265.0,134.1,208.0,294.9,6.13,318.0,1001.71,
2006,3,8,9,19.93,26.15,473.0,285.03,300.0,299.25,7.32,319.0,1002.08,
2006,3,8,10,21.2,24.2,647.0,402.74,347.0,303.6,8.51,319.0,1002.44,
2006,3,8,11,21.97,22.18,764.0,485.83,361.0,303.38,8.53,317.0,1002.17,
2006,3,8,12,22.73,20.17,797.0,502.91,367.0,303.17,8.55,315.0,1001.91,
2006,3,8,13,23.5,18.15,784.0,557.53,327.0,302.95,8.57,313.0,1001.65,
2006,3,8,14,22.36,17.75,715.0,637.81,252.0,299.63,7.99,310.0,1001.81,
2006,3,8,15,21.23,17.34,539.0,549.89,220.0,296.32,7.42,307.0,1001.98,
2006,3,8,16,20.09,16.94,330.0,438.56,158.0,293.0,6.84,304.0,1002.14,
2006,3,8,17,18.7,17.7,123.0,314.34,68.0,289.17,6.63,306.0,1003.0,
2006,3,8,18,17.31,18.45,0.0,0.0,0.0,285.33,6.41,309.0,1003.86,
2006,3,8,19,15.91,19.21,0.0,0.0,0.0,281.5,6.19,311.0,1004.72,
2006,3,8,20,15.01,20.26,0.0,0.0,0.0,277.13,5.95,311.0,1005.25,
2006,3,8,21,14.11,21.31,0.0,0.0,0.0,272.77,5.71,311.0,1005.78,
2006,3,8,22,13.21,22.36,0.0,0.0,0.0,268.4,5.48,311.0,1006.31,
2006,3,8,23,12.71,24.13,0.0,0.0,0.0,264.1,5.35,309.0,1006.47,
2006,3,9,0,12.22,25.9,0.0,0.0,0.0,259.8,5.23,307.0,1006.64,
2006,3,9,1,11.73,27.67,0.0,0.0,0.0,255.5,5.1,305.0,1006.81,
2006,3,9,2,11.32,29.65,0.0,0.0,0.0,254.72,5.16,304.0,1007.4,
2006,3,9,3,10.9,31.64,0.0,0.0,0.0,253.93,5.21,303.0,1008.0,
2006,3,9,4,10.48,33.62,0.0,0.0,0.0,253.15,5.27,303.0,1008.59,
2006,3,9,5,11.03,33.84,0.0,0.0,0.0,255.0,5.34,302.0,1009.15,
2006,3,9,6,11.57,34.05,0.0,0.0,0.0,256.85,5.42,301.0,1009.72,
2006,3,9,7,12.11,34.27,93.0,37.09,85.0,258.7,5.49,300.0,1010.28,
2006,3,9,8,13.08,31.5,293.0,195.74,209.0,262.2,6.3,300.0,1010.44,
2006,3,9,9,14.04,28.73,501.0,346.98,289.0,265.7,7.12,301.0,1010.61,
2006,3,9,10,15.01,25.96,660.0,424.67,342.0,269.2,7.93,302.0,1010.77,
2006,3,9,11,15.82,23.86,752.0,451.25,376.0,268.8,7.94,303.0,1010.31,
2006,3,9,12,16.64,21.75,816.0,539.3,353.0,268.4,7.94,305.0,1009.85,
2006,3,9,13,17.45,19.65,782.0,544.4,334.0,268.0,7.94,306.0,1009.39,
2006,3,9,14,16.82,20.27,731.0,680.5,235.0,264.95,7.38,308.0,1009.72,
2006,3,9,15,16.2,20.9,548.0,576.54,212.0,261.9,6.82,310.0,1010.05,
2006,3,9,16,15.57,21.52,339.0,468.81,154.0,258.85,6.26,312.0,1010.38,
2006,3,9,17,14.43,25.08,122.0,299.13,69.0,256.98,5.47,313.0,1011.07,
2006,3,9,18,13.29,28.63,0.0,0.0,0.0,255.12,4.67,315.0,1011.77,
2006,3,9,19,12.14,32.19,0.0,0.0,0.0,253.25,3.88,316.0,1012.46,
2006,3,9,20,11.36,35.42,0.0,0.0,0.0,253.3,3.66,318.0,1012.73,
2006,3,9,21,10.57,38.65,0.0,0.0,0.0,253.35,3.45,320.0,1012.99,
2006,3,9,22,9.79,41.88,0.0,0.0,0.0,253.4,3.24,322.0,1013.26,
2006,3,9,23,9.39,43.78,0.0,0.0,0.0,253.92,3.25,325.0,1013.09,
2006,3,10,0,8.99,45.67,0.0,0.0,0.0,254.43,3.25,328.0,1012.92,
2006,3,10,1,8.59,47.57,0.0,0.0,0.0,254.95,3.26,331.0,1012.76,
2006,3,10,2,8.45,47.51,0.0,0.0,0.0,254.9,3.3,331.0,1012.96,
2006,3,10,3,8.31,47.46,0.0,0.0,0.0,254.85,3.34,330.0,1013.16,
2006,3,10,4,8.17,47.4,0.0,0.0,0.0,254.8,3.38,330.0,1013.35,
2006,3,10,5,9.1,44.76,0.0,0.0,0.0,256.33,3.35,333.0,1013.88,
2006,3,10,6,10.02,42.11,0.0,0.0,0.0,257.87,3.31,337.0,1014.41,
2006,3,10,7,10.94,39.47,145.0,227.48,95.0,259.4,3.28,340.0,1014.94,
2006,3,10,8,12.84,35.24,376.0,477.78,169.0,263.77,3.99,342.0,1014.61,
2006,3,10,9,14.74,31.01,612.0,692.66,186.0,268.13,4.69,344.0,1014.28,
2006,3,10,10,16.64,26.78,795.0,806.42,188.0,272.5,5.39,346.0,1013.95,
2006,3,10,11,17.66,24.79,895.0,819.65,209.0,273.43,5.37,344.0,1012.92,
2006,3,10,12,18.67,22.79,942.0,877.05,186.0,274.37,5.35,342.0,1011.9,
2006,3,10,13,19.69,20.8,892.0,848.55,191.0,275.3,5.32,340.0,1010.87,
2006,3,10,14,19.19,21.09,778.0,830.85,170.0,273.78,5.14,339.0,1010.64,
2006,3,10,15,18.7,21.37,591.0,736.22,160.0,272.27,4.97,338.0,1010.41,
2006,3,10,16,18.2,21.66,375.0,652.39,116.0,270.75,4.79,337.0,1010.18,
2006,3,10,17,16.8,25.45,136.0,406.99,63.0,268.92,4.59,336.0,1010.58,
2006,3,10,18,15.41,29.25,0.0,0.0,0.0,267.08,4.4,336.0,1010.97,
2006,3,10,19,14.01,33.04,0.0,0.0,0.0,265.25,4.21,335.0,1011.37,
2006,3,10,20,13.27,35.5,0.0,0.0,0.0,265.05,4.06,340.0,1011.5,
2006,3,10,21,12.53,37.96,0.0,0.0,0.0,264.85,3.92,345.0,1011.63,
2006,3,10,22,11.79,40.42,0.0,0.0,0.0,264.65,3.78,350.0,1011.77,
2006,3,10,23,11.18,43.67,0.0,0.0,0.0,264.33,3.6,353.0,1011.44,
2006,3,11,0,10.58,46.93,0.0,0.0,0.0,264.02,3.41,356.0,1011.11,
2006,3,11,1,9.98,50.18,0.0,0.0,0.0,263.7,3.23,359.0,1010.77,
2006,3,11,2,9.6,51.47,0.0,0.0,0.0,262.62,3.16,357.0,1010.77,
2006,3,11,3,9.22,52.76,0.0,0.0,0.0,261.53,3.1,355.0,1010.77,
2006,3,11,4,8.83,54.05,0.0,0.0,0.0,260.45,3.03,353.0,1010.77,
2006,3,11,5,9.76,51.27,0.0,0.0,0.0,261.4,2.82,356.0,1010.97,
2006,3,11,6,10.69,48.49,0.0,0.0,0.0,262.35,2.61,358.0,1011.17,
2006,3,11,7,11.62,45.71,180.0,459.99,77.0,263.3,2.4,0.0,1011.37,
2006,3,11,8,13.78,39.96,433.0,745.37,107.0,268.97,2.44,1.0,1010.94,
2006,3,11,9,15.93,34.22,656.0,857.76,125.0,274.63,2.48,2.0,1010.51,
2006,3,11,10,18.09,28.47,822.0,888.19,150.0,280.3,2.52,4.0,1010.08,
2006,3,11,11,19.25,25.82,930.0,920.74,156.0,280.6,2.37,356.0,1009.09,
2006,3,11,12,20.42,23.16,957.0,911.71,168.0,280.9,2.22,349.0,1008.1,
2006,3,11,13,21.58,20.51,905.0,882.71,173.0,281.2,2.07,341.0,1007.1,
2006,3,11,14,21.26,20.19,799.0,897.03,140.0,276.93,1.79,322.0,1006.67,
2006,3,11,15,20.93,19.87,605.0,782.3,145.0,272.67,1.52,303.0,1006.24,
2006,3,11,16,20.61,19.55,386.0,703.64,105.0,268.4,1.24,284.0,1005.81,
2006,3,11,17,18.57,26.74,143.0,462.77,59.0,265.48,1.64,290.0,1005.98,
2006,3,11,18,16.53,33.94,0.0,0.0,0.0,262.57,2.03,297.0,1006.14,
2006,3,11,19,14.48,41.13,0.0,0.0,0.0,259.65,2.43,303.0,1006.31,
2006,3,11,20,13.52,45.69,0.0,0.0,0.0,260.88,2.5,309.0,1006.21,
2006,3,11,21,12.55,50.24,0.0,0.0,0.0,262.12,2.57,315.0,1006.11,
2006,3,11,22,11.59,54.8,0.0,0.0,0.0,263.35,2.63,321.0,1006.01,
2006,3,11,23,10.98,57.07,0.0,0.0,0.0,264.33,2.54,326.0,1005.58,
2006,3,12,0,10.38,59.33,0.0,0.0,0.0,265.32,2.44,330.0,1005.15,
2006,3,12,1,9.77,61.6,0.0,0.0,0.0,266.3,2.34,335.0,1004.72,
2006,3,12,2,10.05,59.69,0.0,0.0,0.0,266.42,2.11,342.0,1004.82,
2006,3,12,3,10.33,57.78,0.0,0.0,0.0,266.53,1.87,348.0,1004.92,
2006,3,12,4,10.61,55.87,0.0,0.0,0.0,266.65,1.63,355.0,1005.02,
2006,3,12,5,11.26,52.7,0.0,0.0,0.0,268.67,1.24,358.0,1005.12,
2006,3,12,6,11.9,49.52,0.0,0.0,0.0,270.68,0.86,0.0,1005.22,
2006,3,12,7,12.55,46.35,187.0,486.72,76.0,272.7,0.47,3.0,1005.32,
2006,3,12,8,15.27,37.98,433.0,720.29,115.0,276.77,0.96,324.0,1005.18,
2006,3,12,9,18.0,29.61,643.0,783.21,155.0,280.83,1.44,285.0,1005.05,
2006,3,12,10,20.72,21.24,822.0,873.15,158.0,284.9,1.93,245.0,1004.92,
2006,3,12,11,22.1,19.07,929.0,904.92,165.0,282.3,2.4,245.0,1003.89,
2006,3,12,12,23.48,16.89,966.0,930.02,158.0,279.7,2.87,245.0,1002.87,
2006,3,12,13,24.86,14.72,914.0,899.84,165.0,277.1,3.34,245.0,1001.84,
2006,3,12,14,24.42,14.88,794.0,863.76,157.0,274.18,3.16,246.0,1001.58,
2006,3,12,15,23.99,15.05,614.0,812.78,134.0,271.27,2.98,247.0,1001.31,
2006,3,12,16,23.55,15.21,388.0,707.06,104.0,268.35,2.8,248.0,1001.05,
2006,3,12,17,21.82,16.35,144.0,457.42,60.0,264.93,2.28,244.0,1001.41,
2006,3,12,18,20.09,17.5,0.0,0.0,0.0,261.52,1.76,241.0,1001.78,
2006,3,12,19,18.36,18.64,0.0,0.0,0.0,258.1,1.24,237.0,1002.14,
2006,3,12,20,16.64,20.39,0.0,0.0,0.0,259.13,1.25,222.0,1002.17,
2006,3,12,21,14.91,22.13,0.0,0.0,0.0,260.17,1.25,206.0,1002.21,
2006,3,12,22,13.19,23.88,0.0,0.0,0.0,261.2,1.26,190.0,1002.24,
2006,3,12,23,12.77,27.29,0.0,0.0,0.0,263.28,1.4,188.0,1001.94,
2006,3,13,0,12.36,30.69,0.0,0.0,0.0,265.37,1.54,186.0,1001.65,
2006,3,13,1,11.95,34.1,0.0,0.0,0.0,267.45,1.68,183.0,1001.35,
2006,3,13,2,11.63,38.91,0.0,0.0,0.0,268.45,1.83,172.0,1001.58,
2006,3,13,3,11.3,43.73,0.0,0.0,0.0,269.45,1.98,161.0,1001.81,
2006,3,13,4,10.97,48.54,0.0,0.0,0.0,270.45,2.12,150.0,1002.04,
2006,3,13,5,12.14,44.23,0.0,0.0,0.0,273.52,1.87,152.0,1002.44,
2006,3,13,6,13.3,39.92,0.0,0.0,0.0,276.58,1.62,154.0,1002.84,
2006,3,13,7,14.46,35.61,192.0,499.54,76.0,279.65,1.37,155.0,1003.23,
2006,3,13,8,17.32,28.44,227.0,51.61,204.0,285.52,1.7,182.0,1003.33,
2006,3,13,9,20.17,21.28,494.0,296.6,308.0,291.38,2.04,208.0,1003.43,
2006,3,13,10,23.03,14.11,716.0,529.89,311.0,297.25,2.37,235.0,1003.53,
2006,3,13,11,24.11,13.02,351.0,7.08,345.0,298.57,2.55,239.0,1002.84,
2006,3,13,12,25.18,11.92,642.0,201.8,466.0,299.88,2.73,244.0,1002.14,
2006,3,13,13,26.26,10.83,500.0,80.2,433.0,301.2,2.91,249.0,1001.45,
2006,3,13,14,25.87,11.68,356.0,25.67,337.0,296.32,2.83,252.0,1001.65,
2006,3,13,15,25.48,12.53,524.0,462.0,250.0,291.43,2.75,255.0,1001.84,
2006,3,13,16,25.09,13.38,103.0,0.0,103.0,286.55,2.68,258.0,1002.04,
2006,3,13,17,24.04,15.94,104.0,134.6,79.0,285.13,2.4,272.0,1002.47,
2006,3,13,18,22.99,18.49,0.0,0.0,0.0,283.72,2.13,286.0,1002.9,
2006,3,13,19,21.94,21.05,0.0,0.0,0.0,282.3,1.86,300.0,1003.33,
2006,3,13,20,20.52,25.15,0.0,0.0,0.0,278.25,1.92,312.0,1003.5,
2006,3,13,21,19.11,29.25,0.0,0.0,0.0,274.2,1.97,324.0,1003.66,
2006,3,13,22,17.69,33.35,0.0,0.0,0.0,270.15,2.03,336.0,1003.83,
2006,3,13,23,17.21,39.02,0.0,0.0,0.0,270.17,2.17,343.0,1003.83,
2006,3,14,0,16.74,44.68,0.0,0.0,0.0,270.18,2.31,349.0,1003.83,
2006,3,14,1,16.26,50.35,0.0,0.0,0.0,270.2,2.46,356.0,1003.83,
2006,3,14,2,14.53,52.87,0.0,0.0,0.0,270.95,2.43,358.0,1004.26,
2006,3,14,3,12.79,55.4,0.0,0.0,0.0,271.7,2.4,1.0,1004.69,
2006,3,14,4,11.05,57.92,0.0,0.0,0.0,272.45,2.37,3.0,1005.12,
2006,3,14,5,12.33,52.51,0.0,0.0,0.0,275.6,1.99,7.0,1005.71,
2006,3,14,6,13.6,47.09,0.0,0.0,0.0,278.75,1.61,11.0,1006.31,
2006,3,14,7,14.87,41.68,131.0,109.99,105.0,281.9,1.23,15.0,1006.9,
2006,3,14,8,17.88,33.71,359.0,349.09,202.0,286.28,1.19,353.0,1006.67,
2006,3,14,9,20.88,25.75,578.0,518.14,251.0,290.67,1.15,331.0,1006.44,
2006,3,14,10,23.89,17.78,766.0,661.34,258.0,295.05,1.12,308.0,1006.21,
2006,3,14,11,25.03,16.25,857.25,752.51,216.5,292.78,2.04,296.0,1005.71,
2006,3,14,12,26.18,14.72,930.0,798.43,231.0,290.52,2.97,284.0,1005.22,
2006,3,14,13,27.32,13.19,864.0,726.33,255.0,288.25,3.89,272.0,1004.72,
2006,3,14,14,26.67,13.75,764.0,740.25,214.0,286.07,3.77,273.0,1004.82,
2006,3,14,15,26.03,14.3,596.0,711.96,172.0,283.88,3.65,275.0,1004.92,
2006,3,14,16,25.38,14.86,370.0,573.64,137.0,281.7,3.53,277.0,1005.02,
2006,3,14,17,22.9,20.94,111.0,165.07,80.0,277.78,3.26,289.0,1005.45,
2006,3,14,18,20.43,27.02,0.0,0.0,0.0,273.87,2.98,301.0,1005.88,
2006,3,14,19,17.95,33.1,0.0,0.0,0.0,269.95,2.7,313.0,1006.31,
2006,3,14,20,16.9,35.54,0.0,0.0,0.0,270.1,2.7,319.0,1006.54,
2006,3,14,21,15.85,37.97,0.0,0.0,0.0,270.25,2.69,325.0,1006.77,
2006,3,14,22,14.8,40.41,0.0,0.0,0.0,270.4,2.69,331.0,1007.0,
2006,3,14,23,14.38,41.28,0.0,0.0,0.0,270.67,2.89,331.0,1007.04,
2006,3,15,0,13.97,42.15,0.0,0.0,0.0,270.93,3.09,332.0,1007.07,
2006,3,15,1,13.55,43.02,0.0,0.0,0.0,271.2,3.28,332.0,1007.1,
2006,3,15,2,13.59,40.6,0.0,0.0,0.0,271.1,3.44,335.0,1007.57,
2006,3,15,3,13.63,38.19,0.0,0.0,0.0,271.0,3.6,337.0,1008.03,
2006,3,15,4,13.67,35.77,0.0,0.0,0.0,270.9,3.77,340.0,1008.49,
2006,3,15,5,14.44,34.35,0.0,0.0,0.0,271.43,3.6,343.0,1009.19,
2006,3,15,6,15.2,32.94,0.0,0.0,0.0,271.97,3.43,347.0,1009.88,
2006,3,15,7,15.97,31.52,174.0,311.75,99.0,272.5,3.27,350.0,1010.58,
2006,3,15,8,17.89,28.01,425.0,612.51,147.0,278.35,3.56,348.0,1010.58,
2006,3,15,9,19.8,24.5,649.0,757.35,168.0,284.2,3.86,345.0,1010.58,
2006,3,15,10,21.72,20.99,779.0,690.47,246.0,290.05,4.15,342.0,1010.58,
2006,3,15,11,22.65,19.38,926.0,856.1,194.0,290.4,4.1,335.0,1009.82,
2006,3,15,12,23.57,17.76,950.0,847.8,205.0,290.75,4.05,329.0,1009.05,
2006,3,15,13,24.5,16.15,919.0,885.38,174.0,291.1,4.0,322.0,1008.29,
2006,3,15,14,23.92,16.53,798.0,850.23,164.0,287.38,3.83,319.0,1007.93,
2006,3,15,15,23.35,16.9,612.0,769.27,152.0,283.67,3.66,317.0,1007.57,
2006,3,15,16,22.77,17.28,363.0,528.91,147.0,279.95,3.49,315.0,1007.2,
2006,3,15,17,20.8,22.43,142.0,384.52,69.0,277.05,3.48,318.0,1007.63,
2006,3,15,18,18.84,27.58,0.0,0.0,0.0,274.15,3.46,320.0,1008.06,
2006,3,15,19,16.87,32.73,0.0,0.0,0.0,271.25,3.45,323.0,1008.49,
2006,3,15,20,15.8,35.19,0.0,0.0,0.0,270.57,3.32,328.0,1008.43,
2006,3,15,21,14.73,37.66,0.0,0.0,0.0,269.88,3.2,334.0,1008.36,
2006,3,15,22,13.66,40.12,0.0,0.0,0.0,269.2,3.08,340.0,1008.29,
2006,3,15,23,12.98,42.2,0.0,0.0,0.0,270.1,2.97,342.0,1007.96,
2006,3,16,0,12.31,44.29,0.0,0.0,0.0,271.0,2.86,344.0,1007.63,
2006,3,16,1,11.63,46.37,0.0,0.0,0.0,271.9,2.76,346.0,1007.3,
2006,3,16,2,11.54,46.72,0.0,0.0,0.0,273.42,2.67,345.0,1007.3,
2006,3,16,3,11.44,47.06,0.0,0.0,0.0,274.93,2.58,344.0,1007.3,
2006,3,16,4,11.34,47.41,0.0,0.0,0.0,276.45,2.5,343.0,1007.3,
2006,3,16,5,12.51,42.2,0.0,0.0,0.0,276.53,2.35,341.0,1007.73,
2006,3,16,6,13.67,36.99,0.0,0.0,0.0,276.62,2.2,339.0,1008.16,
2006,3,16,7,14.84,31.78,199.0,465.74,85.0,276.7,2.06,337.0,1008.59,
2006,3,16,8,17.12,26.54,452.0,731.45,117.0,279.77,2.9,332.0,1008.53,
2006,3,16,9,19.4,21.3,669.0,818.35,146.0,282.83,3.74,326.0,1008.46,
2006,3,16,10,21.68,16.06,840.0,877.9,159.0,285.9,4.58,321.0,1008.39,
2006,3,16,11,22.51,14.99,955.0,942.27,146.0,284.47,5.0,318.0,1007.67,
2006,3,16,12,23.35,13.92,970.0,897.98,178.0,283.03,5.42,315.0,1006.94,
2006,3,16,13,24.18,12.85,927.0,902.43,165.0,281.6,5.83,312.0,1006.21,
2006,3,16,14,23.44,13.37,801.0,851.23,164.0,278.43,5.67,312.0,1006.08,
2006,3,16,15,22.69,13.88,611.0,756.22,157.0,275.27,5.51,312.0,1005.95,
2006,3,16,16,21.95,14.4,394.0,686.88,112.0,272.1,5.35,312.0,1005.81,
2006,3,16,17,20.21,18.17,151.0,448.24,65.0,269.65,4.96,315.0,1006.21,
2006,3,16,18,18.48,21.94,0.0,0.0,0.0,267.2,4.57,319.0,1006.61,
2006,3,16,19,16.74,25.71,0.0,0.0,0.0,264.75,4.18,322.0,1007.0,
2006,3,16,20,15.79,28.84,0.0,0.0,0.0,264.15,4.05,327.0,1007.2,
2006,3,16,21,14.84,31.96,0.0,0.0,0.0,263.55,3.92,332.0,1007.4,
2006,3,16,22,13.89,35.09,0.0,0.0,0.0,262.95,3.79,336.0,1007.6,
2006,3,16,23,13.23,38.29,0.0,0.0,0.0,263.07,3.67,342.0,1007.33,
2006,3,17,0,12.58,41.48,0.0,0.0,0.0,263.18,3.54,347.0,1007.07,
2006,3,17,1,11.93,44.68,0.0,0.0,0.0,263.3,3.42,353.0,1006.81,
2006,3,17,2,11.64,46.89,0.0,0.0,0.0,263.62,3.29,355.0,1006.84,
2006,3,17,3,11.34,49.1,0.0,0.0,0.0,263.93,3.15,358.0,1006.87,
2006,3,17,4,11.04,51.31,0.0,0.0,0.0,264.25,3.02,1.0,1006.9,
2006,3,17,5,12.19,48.34,0.0,0.0,0.0,265.75,2.88,3.0,1007.3,
2006,3,17,6,13.33,45.38,0.0,0.0,0.0,267.25,2.74,5.0,1007.7,
2006,3,17,7,14.48,42.41,210.0,526.16,79.0,268.75,2.59,7.0,1008.1,
2006,3,17,8,16.34,37.11,461.0,761.72,109.0,274.15,3.12,2.0,1007.9,
2006,3,17,9,18.21,31.81,677.0,836.63,139.0,279.55,3.64,357.0,1007.7,
2006,3,17,10,20.07,26.51,853.0,912.17,142.0,284.95,4.17,352.0,1007.5,
2006,3,17,11,21.07,23.96,959.0,943.1,146.0,285.0,4.4,343.0,1006.74,
2006,3,17,12,22.06,21.41,990.0,951.22,148.0,285.05,4.63,335.0,1005.98,
2006,3,17,13,23.06,18.86,931.0,902.89,166.0,285.1,4.87,327.0,1005.22,
2006,3,17,14,22.5,18.75,808.0,868.26,156.0,282.62,4.95,326.0,1004.79,
2006,3,17,15,21.95,18.65,624.0,801.4,141.0,280.13,5.03,324.0,1004.36,
2006,3,17,16,21.39,18.54,396.0,685.75,113.0,277.65,5.1,323.0,1003.93,
2006,3,17,17,19.83,21.94,153.0,459.12,64.0,275.62,4.9,324.0,1004.46,
2006,3,17,18,18.27,25.34,0.0,0.0,0.0,273.58,4.69,325.0,1004.99,
2006,3,17,19,16.71,28.74,0.0,0.0,0.0,271.55,4.48,326.0,1005.52,
2006,3,17,20,15.86,30.62,0.0,0.0,0.0,271.18,4.41,329.0,1005.88,
2006,3,17,21,15.0,32.51,0.0,0.0,0.0,270.82,4.34,333.0,1006.24,
2006,3,17,22,14.15,34.39,0.0,0.0,0.0,270.45,4.26,337.0,1006.61,
2006,3,17,23,13.46,37.27,0.0,0.0,0.0,269.92,3.98,340.0,1006.54,
2006,3,18,0,12.78,40.14,0.0,0.0,0.0,269.38,3.69,343.0,1006.47,
2006,3,18,1,12.09,43.02,0.0,0.0,0.0,268.85,3.41,347.0,1006.41,
2006,3,18,2,11.72,44.31,0.0,0.0,0.0,267.67,3.29,349.0,1006.44,
2006,3,18,3,11.35,45.6,0.0,0.0,0.0,266.48,3.18,350.0,1006.47,
2006,3,18,4,10.97,46.89,0.0,0.0,0.0,265.3,3.06,352.0,1006.51,
2006,3,18,5,12.1,43.49,0.0,0.0,0.0,266.77,2.76,355.0,1007.04,
2006,3,18,6,13.22,40.09,0.0,0.0,0.0,268.23,2.46,358.0,1007.57,
2006,3,18,7,14.34,36.69,219.0,572.71,74.0,269.7,2.15,0.0,1008.1,
2006,3,18,8,16.3,32.77,471.0,791.46,102.0,275.3,2.54,355.0,1008.16,
2006,3,18,9,18.25,28.84,689.0,868.63,127.0,280.9,2.92,349.0,1008.23,
2006,3,18,10,20.21,24.92,862.0,929.54,134.0,286.5,3.31,343.0,1008.29,
2006,3,18,11,21.33,22.9,958.0,926.64,156.0,286.52,3.74,338.0,1007.76,
2006,3,18,12,22.45,20.88,988.0,934.34,158.0,286.53,4.17,333.0,1007.24,
2006,3,18,13,23.57,18.86,934.0,903.4,166.0,286.55,4.59,327.0,1006.71,
2006,3,18,14,23.22,18.68,811.0,867.97,157.0,284.57,4.44,329.0,1006.51,
2006,3,18,15,22.86,18.49,630.0,818.18,135.0,282.58,4.29,330.0,1006.31,
2006,3,18,16,22.51,18.31,403.0,713.62,107.0,280.6,4.14,331.0,1006.11,
2006,3,18,17,20.5,24.02,158.0,490.27,62.0,277.85,3.84,331.0,1006.41,
2006,3,18,18,18.49,29.74,0.0,0.0,0.0,275.1,3.54,330.0,1006.71,
2006,3,18,19,16.47,35.45,0.0,0.0,0.0,272.35,3.24,330.0,1007.0,
2006,3,18,20,15.43,38.88,0.0,0.0,0.0,271.2,3.03,336.0,1007.24,
2006,3,18,21,14.38,42.31,0.0,0.0,0.0,270.05,2.83,341.0,1007.47,
2006,3,18,22,13.34,45.74,0.0,0.0,0.0,268.9,2.62,347.0,1007.7,
2006,3,18,23,13.78,43.33,0.0,0.0,0.0,269.85,2.22,357.0,1007.4,
2006,3,19,0,14.22,40.92,0.0,0.0,0.0,270.8,1.82,7.0,1007.1,
2006,3,19,1,14.66,38.51,0.0,0.0,0.0,271.75,1.42,16.0,1006.81,
2006,3,19,2,13.67,42.0,0.0,0.0,0.0,272.88,1.43,21.0,1006.87,
2006,3,19,3,12.68,45.49,0.0,0.0,0.0,274.02,1.45,25.0,1006.94,
2006,3,19,4,11.68,48.98,0.0,0.0,0.0,275.15,1.46,30.0,1007.0,
2006,3,19,5,12.96,45.81,0.0,0.0,0.0,278.48,1.15,55.0,1007.5,
2006,3,19,6,14.23,42.65,0.0,0.0,0.0,281.82,0.84,80.0,1008.0,
2006,3,19,7,15.51,39.48,209.0,458.44,91.0,285.15,0.52,105.0,1008.49,
2006,3,19,8,18.6,32.41,458.0,697.38,130.0,289.73,1.14,133.0,1008.53,
2006,3,19,9,21.69,25.34,679.0,808.08,153.0,294.32,1.75,161.0,1008.56,
2006,3,19,10,24.78,18.27,843.0,847.66,176.0,298.9,2.36,188.0,1008.59,
2006,3,19,11,26.19,16.38,952.0,893.08,176.0,297.98,2.54,201.0,1007.73,
2006,3,19,12,27.61,14.5,986.0,917.63,168.0,297.07,2.73,213.0,1006.87,
2006,3,19,13,29.02,12.61,932.0,887.54,175.0,296.15,2.91,225.0,1006.01,
2006,3,19,14,28.61,12.73,823.0,902.12,141.0,292.65,3.11,234.0,1005.78,
2006,3,19,15,28.21,12.84,639.0,849.72,123.0,289.15,3.31,242.0,1005.55,
2006,3,19,16,27.8,12.96,405.0,714.88,107.0,285.65,3.52,250.0,1005.32,
2006,3,19,17,25.52,17.37,159.0,485.46,63.0,281.93,3.2,249.0,1005.58,
2006,3,19,18,23.24,21.79,0.0,0.0,0.0,278.22,2.87,249.0,1005.85,
2006,3,19,19,20.95,26.2,0.0,0.0,0.0,274.5,2.55,248.0,1006.11,
2006,3,19,20,20.64,25.77,0.0,0.0,0.0,275.77,2.32,254.0,1006.11,
2006,3,19,21,20.33,25.34,0.0,0.0,0.0,277.03,2.09,259.0,1006.11,
2006,3,19,22,20.02,24.91,0.0,0.0,0.0,278.3,1.86,265.0,1006.11,
2006,3,19,23,17.88,32.01,0.0,0.0,0.0,279.68,2.17,289.0,1005.98,
2006,3,20,0,15.75,39.1,0.0,0.0,0.0,281.07,2.47,314.0,1005.85,
2006,3,20,1,13.62,46.2,0.0,0.0,0.0,282.45,2.77,338.0,1005.71,
2006,3,20,2,13.48,45.77,0.0,0.0,0.0,283.77,2.75,344.0,1005.98,
2006,3,20,3,13.34,45.35,0.0,0.0,0.0,285.08,2.73,350.0,1006.24,
2006,3,20,4,13.2,44.92,0.0,0.0,0.0,286.4,2.7,356.0,1006.51,
2006,3,20,5,14.47,40.56,0.0,0.0,0.0,287.55,2.4,2.0,1007.1,
2006,3,20,6,15.74,36.19,0.0,0.0,0.0,288.7,2.11,8.0,1007.7,
2006,3,20,7,17.01,31.83,137.0,84.1,115.0,289.85,1.81,13.0,1008.29,
2006,3,20,8,20.04,27.06,314.0,166.52,235.0,295.73,1.86,16.0,1008.36,
2006,3,20,9,23.08,22.3,556.0,392.47,299.0,301.62,1.91,19.0,1008.43,
2006,3,20,10,26.11,17.53,742.0,533.82,320.0,307.5,1.96,21.0,1008.49,
2006,3,20,11,27.4,16.25,853.0,604.17,326.0,308.63,2.24,18.0,1007.76,
2006,3,20,12,28.7,14.96,906.0,679.72,298.0,309.77,2.52,15.0,1007.04,
2006,3,20,13,29.99,13.68,887.0,743.27,251.0,310.9,2.8,12.0,1006.31,
2006,3,20,14,29.48,14.05,789.0,773.93,202.0,310.32,2.92,15.0,1006.31,
2006,3,20,15,28.98,14.43,631.3,802.65,142.1,309.73,3.05,17.0,1006.31,
2006,3,20,16,28.47,14.8,392.0,627.85,129.0,309.15,3.17,19.0,1006.31,
2006,3,20,17,25.9,20.38,152.0,400.67,72.0,305.78,3.06,20.0,1006.67,
2006,3,20,18,23.33,25.97,0.0,0.0,0.0,302.42,2.94,21.0,1007.04,
2006,3,20,19,20.75,31.55,0.0,0.0,0.0,299.05,2.83,22.0,1007.4,
2006,3,20,20,19.48,33.27,0.0,0.0,0.0,296.33,2.77,24.0,1007.83,
2006,3,20,21,18.22,35.0,0.0,0.0,0.0,293.62,2.71,27.0,1008.26,
2006,3,20,22,16.95,36.72,0.0,0.0,0.0,290.9,2.65,29.0,1008.69,
2006,3,20,23,16.45,39.24,0.0,0.0,0.0,290.03,2.64,27.0,1008.59,
2006,3,21,0,15.95,41.77,0.0,0.0,0.0,289.17,2.64,25.0,1008.49,
2006,3,21,1,15.45,44.29,0.0,0.0,0.0,288.3,2.63,23.0,1008.39,
2006,3,21,2,15.19,46.47,0.0,0.0,0.0,289.05,2.51,23.0,1008.39,
2006,3,21,3,14.93,48.65,0.0,0.0,0.0,289.8,2.4,23.0,1008.39,
2006,3,21,4,14.67,50.83,0.0,0.0,0.0,290.55,2.28,22.0,1008.39,
2006,3,21,5,16.02,46.14,0.0,0.0,0.0,292.53,1.97,22.0,1008.76,
2006,3,21,6,17.36,41.44,0.0,0.0,0.0,294.52,1.66,22.0,1009.12,
2006,3,21,7,18.7,36.75,166.0,173.05,120.0,296.5,1.35,22.0,1009.48,
2006,3,21,8,22.17,29.21,406.0,432.6,199.0,303.43,1.49,21.0,1009.42,
2006,3,21,9,25.64,21.68,629.0,598.15,235.0,310.37,1.62,20.0,1009.35,
2006,3,21,10,29.11,14.14,798.0,681.24,257.0,317.3,1.75,19.0,1009.29,
2006,3,21,11,30.17,12.67,911.0,748.06,256.0,318.3,1.85,14.0,1008.59,
2006,3,21,12,31.23,11.21,948.0,785.51,243.0,319.3,1.94,8.0,1007.9,
2006,3,21,13,32.29,9.74,901.0,774.72,236.0,320.3,2.04,2.0,1007.2,
2006,3,21,14,31.98,15.42,806.0,821.41,181.0,317.58,1.86,9.0,1006.74,
2006,3,21,15,31.66,21.09,634.0,804.37,142.0,314.87,1.68,17.0,1006.28,
2006,3,21,16,31.35,26.77,394.0,627.25,130.0,312.15,1.5,24.0,1005.81,
2006,3,21,17,29.44,22.67,155.0,411.8,72.0,307.18,1.27,11.0,1006.18,
2006,3,21,18,27.54,18.56,0.0,0.0,0.0,302.22,1.03,358.0,1006.54,
2006,3,21,19,25.63,14.46,0.0,0.0,0.0,297.25,0.8,345.0,1006.9,
2006,3,21,20,23.79,18.6,0.0,0.0,0.0,294.9,1.18,347.0,1007.27,
2006,3,21,21,21.95,22.73,0.0,0.0,0.0,292.55,1.56,348.0,1007.63,
2006,3,21,22,20.11,26.87,0.0,0.0,0.0,290.2,1.94,350.0,1008.0,
2006,3,21,23,19.52,32.8,0.0,0.0,0.0,291.3,2.18,355.0,1007.83,
2006,3,22,0,18.94,38.73,0.0,0.0,0.0,292.4,2.42,360.0,1007.67,
2006,3,22,1,18.35,44.66,0.0,0.0,0.0,293.5,2.66,5.0,1007.5,
2006,3,22,2,18.55,46.54,0.0,0.0,0.0,294.85,2.5,6.0,1007.47,
2006,3,22,3,18.75,48.43,0.0,0.0,0.0,296.2,2.34,8.0,1007.43,
2006,3,22,4,18.94,50.31,0.0,0.0,0.0,297.55,2.18,9.0,1007.4,
2006,3,22,5,19.34,46.31,0.0,0.0,0.0,300.08,1.8,13.0,1007.73,
2006,3,22,6,19.74,42.31,0.0,0.0,0.0,302.62,1.43,17.0,1008.06,
2006,3,22,7,20.14,38.31,201.0,329.61,112.0,305.15,1.05,21.0,1008.39,
2006,3,22,8,23.67,30.15,447.0,588.53,163.0,310.82,1.18,18.0,1008.29,
2006,3,22,9,27.21,22.0,672.0,736.55,184.0,316.48,1.31,14.0,1008.19,
2006,3,22,10,30.74,13.84,846.0,817.32,194.0,322.15,1.45,11.0,1008.1,
2006,3,22,11,31.74,11.9,952.0,861.33,195.0,321.68,2.01,2.0,1007.27,
2006,3,22,12,32.75,9.96,979.0,867.32,198.0,321.22,2.58,354.0,1006.44,
2006,3,22,13,33.75,8.02,941.0,888.47,176.0,320.75,3.14,345.0,1005.61,
2006,3,22,14,33.2,8.54,826.0,886.99,149.0,317.52,3.16,346.0,1005.22,
2006,3,22,15,32.64,9.06,639.0,821.11,135.0,314.28,3.17,346.0,1004.82,
2006,3,22,16,32.09,9.58,405.0,678.72,118.0,311.05,3.19,347.0,1004.42,
2006,3,22,17,29.26,13.87,161.0,457.18,68.0,306.15,3.33,346.0,1004.75,
2006,3,22,18,26.43,18.16,0.0,0.0,0.0,301.25,3.48,346.0,1005.09,
2006,3,22,19,23.6,22.45,0.0,0.0,0.0,296.35,3.63,346.0,1005.42,
2006,3,22,20,22.72,23.07,0.0,0.0,0.0,294.88,3.7,353.0,1005.61,
2006,3,22,21,21.85,23.7,0.0,0.0,0.0,293.42,3.77,359.0,1005.81,
2006,3,22,22,20.97,24.32,0.0,0.0,0.0,291.95,3.83,6.0,1006.01,
2006,3,22,23,20.1,27.0,0.0,0.0,0.0,292.75,3.6,12.0,1005.81,
2006,3,23,0,19.23,29.68,0.0,0.0,0.0,293.55,3.37,17.0,1005.61,
2006,3,23,1,18.36,32.36,0.0,0.0,0.0,294.35,3.13,23.0,1005.42,
2006,3,23,2,17.89,35.88,0.0,0.0,0.0,295.97,2.89,26.0,1005.35,
2006,3,23,3,17.42,39.4,0.0,0.0,0.0,297.58,2.64,29.0,1005.28,
2006,3,23,4,16.95,42.92,0.0,0.0,0.0,299.2,2.4,32.0,1005.22,
2006,3,23,5,18.52,38.76,0.0,0.0,0.0,301.25,2.04,37.0,1005.52,
2006,3,23,6,20.08,34.61,2.0,0.0,2.0,303.3,1.67,41.0,1005.81,
2006,3,23,7,21.65,30.45,214.0,390.21,107.0,305.35,1.31,45.0,1006.11,
2006,3,23,8,25.04,24.38,468.0,665.85,144.0,311.27,1.45,53.0,1005.88,
2006,3,23,9,28.44,18.32,688.0,781.85,167.0,317.18,1.6,60.0,1005.65,
2006,3,23,10,31.83,12.25,864.0,867.37,169.0,323.1,1.74,68.0,1005.42,
2006,3,23,11,32.71,10.87,967.0,895.57,177.0,322.92,1.88,57.0,1004.79,
2006,3,23,12,33.58,9.48,999.0,918.76,169.0,322.73,2.02,47.0,1004.16,
2006,3,23,13,34.46,8.1,949.0,906.62,166.0,322.55,2.17,37.0,1003.53,
2006,3,23,14,33.9,9.18,829.0,886.9,150.0,318.02,2.2,40.0,1003.1,
2006,3,23,15,33.35,10.27,652.0,868.65,117.0,313.48,2.24,43.0,1002.67,
2006,3,23,16,32.79,11.35,418.0,746.26,101.0,308.95,2.28,46.0,1002.24,
2006,3,23,17,31.08,12.77,168.0,511.52,63.0,304.43,2.21,53.0,1002.6,
2006,3,23,18,29.38,14.18,0.0,0.0,0.0,299.92,2.14,61.0,1002.97,
2006,3,23,19,27.67,15.6,0.0,0.0,0.0,295.4,2.07,68.0,1003.33,
2006,3,23,20,25.74,17.38,0.0,0.0,0.0,294.52,1.98,71.0,1003.3,
2006,3,23,21,23.81,19.16,0.0,0.0,0.0,293.63,1.89,73.0,1003.27,
2006,3,23,22,21.88,20.94,0.0,0.0,0.0,292.75,1.81,76.0,1003.23,
2006,3,23,23,20.5,22.57,0.0,0.0,0.0,293.42,1.72,75.0,1002.87,
2006,3,24,0,19.13,24.2,0.0,0.0,0.0,294.08,1.63,74.0,1002.51,
2006,3,24,1,17.76,25.83,0.0,0.0,0.0,294.75,1.54,74.0,1002.14,
2006,3,24,2,17.18,30.95,0.0,0.0,0.0,296.0,1.65,64.0,1002.17,
2006,3,24,3,16.59,36.07,0.0,0.0,0.0,297.25,1.75,54.0,1002.21,
2006,3,24,4,16.0,41.19,0.0,0.0,0.0,298.5,1.85,44.0,1002.24,
2006,3,24,5,17.65,39.37,0.0,0.0,0.0,301.53,1.44,50.0,1002.64,
2006,3,24,6,19.3,37.56,2.0,0.0,2.0,304.57,1.04,56.0,1003.03,
2006,3,24,7,20.95,35.74,222.0,420.27,105.0,307.6,0.63,61.0,1003.43,
2006,3,24,8,24.71,27.77,475.0,680.78,141.0,312.5,0.76,92.0,1003.43,
2006,3,24,9,28.48,19.8,696.0,798.32,161.0,317.4,0.88,122.0,1003.43,
2006,3,24,10,32.24,11.83,831.6,796.18,190.85,322.3,1.01,153.0,1003.43,
2006,3,24,11,32.93,10.5,970.0,895.73,177.0,320.02,1.09,191.0,1002.67,
2006,3,24,12,33.62,9.16,997.0,902.61,179.0,317.73,1.17,229.0,1001.91,
2006,3,24,13,34.31,7.83,946.0,890.09,175.0,315.45,1.26,267.0,1001.15,
2006,3,24,14,33.66,8.14,831.0,888.17,149.0,310.55,2.06,271.0,1000.72,
2006,3,24,15,33.01,8.44,658.0,885.17,111.0,305.65,2.86,275.0,1000.29,
2006,3,24,16,32.36,8.75,415.0,721.83,107.0,300.75,3.66,280.0,999.86,
2006,3,24,17,30.0,11.41,166.0,478.04,67.0,296.77,3.96,291.0,1000.42,
2006,3,24,18,27.64,14.06,0.0,0.0,0.0,292.78,4.26,303.0,1000.98,
2006,3,24,19,25.27,16.72,0.0,0.0,0.0,288.8,4.57,314.0,1001.55,
2006,3,24,20,24.04,19.83,0.0,0.0,0.0,288.87,4.76,321.0,1002.04,
2006,3,24,21,22.82,22.95,0.0,0.0,0.0,288.93,4.95,327.0,1002.54,
2006,3,24,22,21.59,26.06,0.0,0.0,0.0,289.0,5.14,334.0,1003.03,
2006,3,24,23,20.69,29.6,0.0,0.0,0.0,290.35,4.97,335.0,1003.17,
2006,3,25,0,19.79,33.13,0.0,0.0,0.0,291.7,4.79,336.0,1003.3,
2006,3,25,1,18.89,36.67,0.0,0.0,0.0,293.05,4.61,337.0,1003.43,
2006,3,25,2,18.4,38.67,0.0,0.0,0.0,293.1,4.51,338.0,1003.76,
2006,3,25,3,17.9,40.66,0.0,0.0,0.0,293.15,4.41,339.0,1004.09,
2006,3,25,4,17.4,42.66,0.0,0.0,0.0,293.2,4.32,340.0,1004.42,
2006,3,25,5,18.09,40.9,0.0,0.0,0.0,293.45,4.33,341.0,1005.09,
2006,3,25,6,18.78,39.13,3.0,0.0,3.0,293.7,4.34,341.0,1005.75,
2006,3,25,7,19.47,37.37,247.0,569.78,86.0,293.95,4.36,341.0,1006.41,
2006,3,25,8,21.05,32.13,503.0,808.72,103.0,299.72,4.96,337.0,1006.41,
2006,3,25,9,22.64,26.9,724.0,894.78,121.0,305.48,5.55,333.0,1006.41,
2006,3,25,10,24.22,21.66,891.0,936.6,134.0,311.25,6.15,329.0,1006.41,
2006,3,25,11,25.02,19.75,989.0,947.71,147.0,311.73,6.14,325.0,1005.81,
2006,3,25,12,25.82,17.83,1000.0,903.11,179.0,312.22,6.12,321.0,1005.22,
2006,3,25,13,26.62,15.92,943.0,872.55,185.0,312.7,6.11,317.0,1004.62,
2006,3,25,14,25.77,16.34,829.0,871.31,158.0,308.27,5.95,315.0,1004.59,
2006,3,25,15,24.93,16.75,649.0,837.12,130.0,303.83,5.8,313.0,1004.56,
2006,3,25,16,24.08,17.17,415.0,709.35,111.0,299.4,5.64,312.0,1004.52,
2006,3,25,17,22.59,19.87,173.0,526.57,63.0,296.45,5.35,316.0,1005.22,
2006,3,25,18,21.1,22.58,0.0,0.0,0.0,293.5,5.06,321.0,1005.91,
2006,3,25,19,19.61,25.28,0.0,0.0,0.0,290.55,4.77,325.0,1006.61,
2006,3,25,20,18.68,27.2,0.0,0.0,0.0,289.08,4.51,329.0,1006.9,
2006,3,25,21,17.75,29.13,0.0,0.0,0.0,287.62,4.24,333.0,1007.2,
2006,3,25,22,16.82,31.05,0.0,0.0,0.0,286.15,3.97,336.0,1007.5,
2006,3,25,23,16.16,33.86,0.0,0.0,0.0,284.87,3.71,337.0,1007.37,
2006,3,26,0,15.5,36.66,0.0,0.0,0.0,283.58,3.44,339.0,1007.24,
2006,3,26,1,14.84,39.47,0.0,0.0,0.0,282.3,3.17,340.0,1007.1,
2006,3,26,2,14.64,40.41,0.0,0.0,0.0,281.95,3.15,343.0,1007.1,
2006,3,26,3,14.44,41.35,0.0,0.0,0.0,281.6,3.13,347.0,1007.1,
2006,3,26,4,14.24,42.29,0.0,0.0,0.0,281.25,3.1,350.0,1007.1,
2006,3,26,5,15.45,39.7,0.0,0.0,0.0,283.32,2.93,351.0,1007.7,
2006,3,26,6,16.65,37.11,3.0,0.0,3.0,285.38,2.75,353.0,1008.29,
2006,3,26,7,17.85,34.52,263.0,673.12,70.0,287.45,2.58,354.0,1008.89,
2006,3,26,8,19.67,30.0,516.0,856.43,89.0,293.12,3.0,352.0,1008.79,
2006,3,26,9,21.5,25.49,736.0,929.71,106.0,298.78,3.42,350.0,1008.69,
2006,3,26,10,23.32,20.97,900.0,954.83,125.0,304.45,3.83,348.0,1008.59,
2006,3,26,11,24.37,18.91,998.0,966.85,136.0,304.22,3.98,343.0,1007.73,
2006,3,26,12,25.41,16.85,1019.0,955.2,148.0,303.98,4.13,338.0,1006.87,
2006,3,26,13,26.46,14.79,957.0,906.82,167.0,303.75,4.28,333.0,1006.01,
2006,3,26,14,25.9,14.78,831.0,871.42,158.0,300.35,4.37,333.0,1005.45,
2006,3,26,15,25.35,14.77,655.0,853.75,124.0,296.95,4.46,332.0,1004.89,
2006,3,26,16,24.79,14.76,419.0,722.57,108.0,293.55,4.55,332.0,1004.32,
2006,3,26,17,23.2,17.68,175.0,536.34,62.0,291.28,4.46,334.0,1004.72,
2006,3,26,18,21.61,20.59,0.0,0.0,0.0,289.02,4.37,335.0,1005.12,
2006,3,26,19,20.02,23.51,0.0,0.0,0.0,286.75,4.28,336.0,1005.52,
2006,3,26,20,19.17,24.89,0.0,0.0,0.0,286.17,4.26,342.0,1005.65,
2006,3,26,21,18.33,26.26,0.0,0.0,0.0,285.58,4.24,348.0,1005.78,
2006,3,26,22,17.48,27.64,0.0,0.0,0.0,285.0,4.22,353.0,1005.91,
2006,3,26,23,16.73,29.92,0.0,0.0,0.0,284.8,3.98,359.0,1005.61,
2006,3,27,0,15.99,32.19,0.0,0.0,0.0,284.6,3.74,5.0,1005.32,
2006,3,27,1,15.24,34.47,0.0,0.0,0.0,284.4,3.5,11.0,1005.02,
2006,3,27,2,14.63,38.19,0.0,0.0,0.0,283.85,3.2,14.0,1005.02,
2006,3,27,3,14.02,41.9,0.0,0.0,0.0,283.3,2.91,17.0,1005.02,
2006,3,27,4,13.4,45.62,0.0,0.0,0.0,282.75,2.61,21.0,1005.02,
2006,3,27,5,14.91,41.84,0.0,0.0,0.0,284.67,2.23,21.0,1005.38,
2006,3,27,6,16.41,38.06,3.0,0.0,3.0,286.58,1.84,22.0,1005.75,
2006,3,27,7,17.91,34.28,267.0,677.3,70.0,288.5,1.46,23.0,1006.11,
2006,3,27,8,19.89,30.05,522.0,869.62,85.0,293.63,1.51,15.0,1005.75,
2006,3,27,9,21.88,25.83,736.0,914.42,113.0,298.77,1.56,7.0,1005.38,
2006,3,27,10,23.86,21.6,903.0,955.78,124.0,303.9,1.61,359.0,1005.02,
2006,3,27,11,24.84,19.6,1002.0,966.91,137.0,302.27,2.05,341.0,1004.13,
2006,3,27,12,25.82,17.6,1017.0,938.14,159.0,300.63,2.49,323.0,1003.23,
2006,3,27,13,26.8,15.6,964.0,924.92,156.0,299.0,2.92,305.0,1002.34,
2006,3,27,14,26.37,15.63,843.0,905.16,142.0,295.35,3.15,310.0,1001.81,
2006,3,27,15,25.93,15.66,654.0,838.26,131.0,291.7,3.38,314.0,1001.28,
2006,3,27,16,25.5,15.69,419.0,710.28,112.0,288.05,3.61,319.0,1000.75,
2006,3,27,17,23.72,21.32,178.0,550.71,61.0,285.02,3.46,324.0,1001.18,
2006,3,27,18,21.95,26.95,0.0,0.0,0.0,281.98,3.3,329.0,1001.61,
2006,3,27,19,20.17,32.58,0.0,0.0,0.0,278.95,3.14,334.0,1002.04,
2006,3,27,20,19.58,33.69,0.0,0.0,0.0,279.45,3.3,347.0,1002.08,
2006,3,27,21,18.99,34.79,0.0,0.0,0.0,279.95,3.45,1.0,1002.11,
2006,3,27,22,18.4,35.9,0.0,0.0,0.0,280.45,3.6,14.0,1002.14,
2006,3,27,23,17.91,36.3,0.0,0.0,0.0,283.42,3.69,20.0,1001.84,
2006,3,28,0,17.43,36.69,0.0,0.0,0.0,286.38,3.77,26.0,1001.55,
2006,3,28,1,16.95,37.09,0.0,0.0,0.0,289.35,3.86,33.0,1001.25,
2006,3,28,2,16.28,40.25,0.0,0.0,0.0,290.73,3.58,24.0,1001.45,
2006,3,28,3,15.61,43.4,0.0,0.0,0.0,292.12,3.29,16.0,1001.65,
2006,3,28,4,14.94,46.56,0.0,0.0,0.0,293.5,3.01,8.0,1001.84,
2006,3,28,5,16.14,44.68,0.0,0.0,0.0,296.92,3.0,9.0,1002.57,
2006,3,28,6,17.33,42.81,4.0,0.0,4.0,300.33,3.0,11.0,1003.3,
2006,3,28,7,18.52,40.93,52.0,0.0,52.0,303.75,2.99,12.0,1004.03,
2006,3,28,8,20.07,35.99,285.0,80.96,244.0,307.72,3.41,360.0,1004.13,
2006,3,28,9,21.61,31.06,592.0,417.55,306.0,311.68,3.82,347.0,1004.23,
2006,3,28,10,23.16,26.12,903.0,938.45,135.0,315.65,4.23,335.0,1004.32,
2006,3,28,11,23.79,24.11,895.0,648.39,313.0,319.42,4.67,327.0,1003.86,
2006,3,28,12,24.41,22.11,1003.0,886.35,190.0,323.18,5.11,319.0,1003.4,
2006,3,28,13,25.04,20.1,956.0,890.45,176.0,326.95,5.54,311.0,1002.94,
2006,3,28,14,24.29,20.67,840.0,888.54,150.0,320.15,5.86,312.0,1002.77,
2006,3,28,15,23.53,21.25,656.0,838.91,131.0,313.35,6.17,314.0,1002.6,
2006,3,28,16,22.78,21.82,423.0,725.79,108.0,306.55,6.48,316.0,1002.44,
2006,3,28,17,21.62,25.79,178.0,532.21,64.0,303.43,6.27,320.0,1003.3,
2006,3,28,18,20.46,29.76,0.0,0.0,0.0,300.32,6.05,323.0,1004.16,
2006,3,28,19,19.29,33.73,0.0,0.0,0.0,297.2,5.83,327.0,1005.02,
2006,3,28,20,18.49,37.03,0.0,0.0,0.0,297.03,5.54,330.0,1005.52,
2006,3,28,21,17.7,40.32,0.0,0.0,0.0,296.87,5.26,334.0,1006.01,
2006,3,28,22,16.9,43.62,0.0,0.0,0.0,296.7,4.97,337.0,1006.51,
2006,3,28,23,16.27,46.99,0.0,0.0,0.0,296.15,4.6,337.0,1006.81,
2006,3,29,0,15.64,50.36,0.0,0.0,0.0,295.6,4.23,337.0,1007.1,
2006,3,29,1,15.01,53.73,0.0,0.0,0.0,295.05,3.86,337.0,1007.4,
2006,3,29,2,14.34,56.86,0.0,0.0,0.0,292.65,3.78,332.0,1007.67,
2006,3,29,3,13.67,59.98,0.0,0.0,0.0,290.25,3.71,328.0,1007.93,
2006,3,29,4,12.99,63.11,0.0,0.0,0.0,287.85,3.63,323.0,1008.19,
2006,3,29,5,13.86,60.25,0.0,0.0,0.0,287.77,3.83,324.0,1008.99,
2006,3,29,6,14.72,57.39,4.0,0.0,4.0,287.68,4.04,324.0,1009.78,
2006,3,29,7,15.58,54.53,251.0,491.51,104.0,287.6,4.25,325.0,1010.58,
2006,3,29,8,17.06,46.15,499.0,703.5,140.0,290.45,4.78,326.0,1010.64,
2006,3,29,9,18.53,37.78,729.0,851.06,143.0,293.3,5.31,326.0,1010.71,
2006,3,29,10,20.01,29.4,887.0,871.41,171.0,296.15,5.85,326.0,1010.77,
2006,3,29,11,21.06,26.46,1008.0,968.3,136.0,295.52,5.96,326.0,1010.05,
2006,3,29,12,22.1,23.53,1064.0,1080.6,70.0,294.88,6.08,326.0,1009.32,
2006,3,29,13,23.15,20.59,1009.0,1064.59,74.0,294.25,6.19,326.0,1008.59,
2006,3,29,14,22.59,20.33,847.0,906.74,141.0,291.32,6.06,328.0,1008.76,
2006,3,29,15,22.02,20.07,661.0,855.52,124.0,288.38,5.94,330.0,1008.92,
2006,3,29,16,21.46,19.81,425.0,725.16,109.0,285.45,5.81,331.0,1009.09,
2006,3,29,17,20.12,23.3,179.0,523.31,66.0,283.72,5.24,330.0,1009.55,
2006,3,29,18,18.78,26.8,0.0,0.0,0.0,281.98,4.68,330.0,1010.01,
2006,3,29,19,17.43,30.29,0.0,0.0,0.0,280.25,4.11,329.0,1010.48,
2006,3,29,20,16.62,33.02,0.0,0.0,0.0,280.0,3.94,332.0,1010.84,
2006,3,29,21,15.82,35.74,0.0,0.0,0.0,279.75,3.78,335.0,1011.2,
2006,3,29,22,15.01,38.47,0.0,0.0,0.0,279.5,3.61,338.0,1011.57,
2006,3,29,23,14.41,41.42,0.0,0.0,0.0,279.82,3.44,343.0,1011.37,
2006,3,30,0,13.82,44.37,0.0,0.0,0.0,280.13,3.27,348.0,1011.17,
2006,3,30,1,13.23,47.32,0.0,0.0,0.0,280.45,3.1,354.0,1010.97,
2006,3,30,2,12.47,49.97,0.0,0.0,0.0,278.98,2.96,357.0,1011.11,
2006,3,30,3,11.71,52.62,0.0,0.0,0.0,277.52,2.81,360.0,1011.24,
2006,3,30,4,10.94,55.27,0.0,0.0,0.0,276.05,2.66,3.0,1011.37,
2006,3,30,5,12.44,50.41,0.0,0.0,0.0,278.38,2.4,5.0,1011.87,
2006,3,30,6,13.93,45.55,4.0,0.0,4.0,280.72,2.13,8.0,1012.36,
2006,3,30,7,15.42,40.69,272.0,613.56,86.0,283.05,1.86,11.0,1012.86,
2006,3,30,8,17.55,35.53,529.0,834.38,100.0,288.28,1.91,11.0,1012.69,
2006,3,30,9,19.68,30.37,741.0,885.7,128.0,293.52,1.95,11.0,1012.53,
2006,3,30,10,21.81,25.21,900.0,905.58,153.0,298.75,2.0,12.0,1012.36,
2006,3,30,11,22.95,22.62,1011.0,968.51,136.0,298.02,2.02,1.0,1011.4,
2006,3,30,12,24.08,20.02,1031.0,957.25,148.0,297.28,2.05,350.0,1010.44,
2006,3,30,13,25.22,17.43,966.0,908.53,166.0,296.55,2.07,339.0,1009.48,
2006,3,30,14,24.78,17.16,854.0,923.61,133.0,290.25,2.03,334.0,1008.99,
2006,3,30,15,24.34,16.88,670.0,887.98,111.0,283.95,1.99,328.0,1008.49,
2006,3,30,16,23.9,16.61,427.0,726.86,109.0,277.65,1.94,323.0,1008.0,
2006,3,30,17,21.95,21.49,181.0,537.56,64.0,275.23,2.0,324.0,1008.06,
2006,3,30,18,20.0,26.36,0.0,0.0,0.0,272.82,2.06,326.0,1008.13,
2006,3,30,19,18.04,31.24,0.0,0.0,0.0,270.4,2.12,327.0,1008.19,
2006,3,30,20,16.97,36.3,0.0,0.0,0.0,271.02,2.28,331.0,1008.19,
2006,3,30,21,15.9,41.35,0.0,0.0,0.0,271.63,2.43,336.0,1008.19,
2006,3,30,22,14.83,46.41,0.0,0.0,0.0,272.25,2.58,340.0,1008.19,
2006,3,30,23,14.25,49.52,0.0,0.0,0.0,273.77,2.49,346.0,1007.73,
2006,3,31,0,13.68,52.64,0.0,0.0,0.0,275.28,2.4,353.0,1007.27,
2006,3,31,1,13.1,55.75,0.0,0.0,0.0,276.8,2.32,359.0,1006.81,
2006,3,31,2,13.16,55.67,0.0,0.0,0.0,278.77,2.09,7.0,1006.74,
2006,3,31,3,13.22,55.58,0.0,0.0,0.0,280.73,1.87,16.0,1006.67,
2006,3,31,4,13.27,55.5,0.0,0.0,0.0,282.7,1.64,24.0,1006.61,
2006,3,31,5,14.42,50.7,0.0,0.0,0.0,288.87,1.27,15.0,1006.9,
2006,3,31,6,15.57,45.9,5.0,0.0,5.0,295.03,0.91,7.0,1007.2,
2006,3,31,7,16.72,41.1,178.0,123.7,140.0,301.2,0.54,358.0,1007.5,
2006,3,31,8,19.4,32.87,225.0,19.31,215.0,306.08,1.03,330.0,1007.53,
2006,3,31,9,22.09,24.63,363.0,46.0,331.0,310.97,1.52,303.0,1007.57,
2006,3,31,10,24.77,16.4,624.0,233.07,431.0,315.85,2.01,275.0,1007.6,
2006,3,31,11,25.69,15.24,731.0,296.81,462.0,309.6,2.73,278.0,1006.51,
2006,3,31,12,26.6,14.07,1028.0,939.52,159.0,303.35,3.45,281.0,1005.42,
2006,3,31,13,27.52,12.91,974.0,925.51,157.0,297.1,4.17,283.0,1004.32,
2006,3,31,14,26.92,13.19,865.0,958.33,115.0,294.18,4.27,287.0,1003.86,
2006,3,31,15,26.31,13.48,675.0,904.45,104.0,291.27,4.38,292.0,1003.4,
2006,3,31,16,25.71,13.76,435.0,769.57,97.0,288.35,4.48,296.0,1002.94,
2006,3,31,17,23.71,18.13,188.0,583.53,60.0,285.65,4.18,301.0,1003.27,
2006,3,31,18,19.08,32.17,0.0,0.0,0.0,275.23,2.64,306.0,1003.6,
2006,3,31,19,18.9,32.78,0.0,0.0,0.0,276.54,2.71,311.0,1003.93,
2006,3,31,20,18.71,33.4,0.0,0.0,0.0,277.84,2.77,312.0,1004.06,
2006,3,31,21,18.53,34.02,0.0,0.0,0.0,279.14,2.84,313.0,1004.19,
2006,3,31,22,18.34,34.63,0.0,0.0,0.0,280.45,2.9,314.0,1004.32,
2006,3,31,23,18.16,35.25,0.0,0.0,0.0,281.75,2.97,312.0,1003.96,
2006,4,1,0,17.97,35.86,0.0,0.0,0.0,283.05,3.03,309.0,1003.6,
2006,4,1,1,17.79,36.48,0.0,0.0,0.0,284.35,3.1,307.0,1003.23,
2006,4,1,2,17.6,37.1,0.0,0.0,0.0,285.66,3.16,315.0,1003.33,
2006,4,1,3,17.42,37.71,0.0,0.0,0.0,286.96,3.23,323.0,1003.43,
2006,4,1,4,17.23,38.33,0.0,0.0,0.0,288.26,3.29,330.0,1003.53,
2006,4,1,5,17.05,38.94,0.0,0.0,0.0,289.57,3.36,327.0,1004.13,
2006,4,1,6,16.86,39.56,34.0,85.49,27.0,290.87,3.42,323.0,1004.72,
2006,4,1,7,16.68,40.18,275.0,591.25,91.0,292.17,3.49,319.0,1005.32,
2006,4,1,8,16.49,40.79,532.0,820.35,104.0,293.48,3.55,316.0,1005.55,
2006,4,1,9,16.31,41.41,744.0,878.28,130.0,294.78,3.62,312.0,1005.78,
2006,4,1,10,22.55,23.72,908.0,920.34,143.0,306.25,6.77,309.0,1006.01,
2006,4,1,11,23.28,20.87,1004.0,932.8,156.0,305.07,7.03,306.0,1005.38,
2006,4,1,12,24.0,18.03,1033.0,956.43,146.0,303.88,7.29,304.0,1004.75,
2006,4,1,13,24.73,15.18,988.0,976.35,124.0,302.7,7.54,301.0,1004.13,
2006,4,1,14,23.72,17.18,840.0,868.03,159.0,296.18,7.38,303.0,1004.23,
2006,4,1,15,22.72,19.19,651.0,799.26,145.0,289.67,7.22,306.0,1004.32,
2006,4,1,16,21.72,21.19,423.0,694.06,117.0,283.15,7.06,308.0,1004.42,
2006,4,1,17,20.45,25.67,178.0,479.55,72.0,281.7,6.29,309.0,1004.95,
2006,4,1,18,19.17,30.16,0.0,0.0,0.0,280.25,5.51,310.0,1005.48,
2006,4,1,19,17.9,34.64,0.0,0.0,0.0,278.8,4.73,311.0,1006.01,
2006,4,1,20,17.2,38.08,0.0,0.0,0.0,280.05,4.55,311.0,1006.34,
2006,4,1,21,16.5,41.52,0.0,0.0,0.0,281.3,4.36,311.0,1006.67,
2006,4,1,22,15.8,44.96,0.0,0.0,0.0,282.55,4.18,312.0,1007.0,
2006,4,1,23,15.31,47.68,0.0,0.0,0.0,283.73,4.05,313.0,1006.84,
2006,4,2,0,14.81,50.41,0.0,0.0,0.0,284.92,3.91,315.0,1006.67,
2006,4,2,1,14.32,53.13,0.0,0.0,0.0,286.1,3.78,316.0,1006.51,
2006,4,2,2,13.81,56.87,0.0,0.0,0.0,286.57,3.54,316.0,1006.54,
2006,4,2,3,13.3,60.61,0.0,0.0,0.0,287.03,3.31,315.0,1006.57,
2006,4,2,4,12.79,64.35,0.0,0.0,0.0,287.5,3.08,315.0,1006.61,
2006,4,2,5,13.89,59.0,0.0,0.0,0.0,288.02,3.19,314.0,1007.0,
2006,4,2,6,14.99,53.64,32.0,58.11,27.0,288.53,3.31,314.0,1007.4,
2006,4,2,7,16.09,48.29,271.0,533.01,103.0,289.05,3.42,314.0,1007.8,
2006,4,2,8,17.98,40.21,522.0,751.73,127.0,292.5,4.23,313.0,1007.67,
2006,4,2,9,19.87,32.13,748.0,878.28,131.0,295.95,5.05,312.0,1007.53,
2006,4,2,10,21.76,24.05,912.0,920.54,144.0,299.4,5.86,311.0,1007.4,
2006,4,2,11,22.8,21.92,1012.0,950.84,145.0,298.43,6.05,308.0,1006.64,
2006,4,2,12,23.83,19.79,1041.0,974.38,135.0,297.47,6.23,305.0,1005.88,
2006,4,2,13,24.87,17.66,991.0,976.27,125.0,296.5,6.41,303.0,1005.12,
2006,4,2,14,24.35,17.92,846.0,885.02,150.0,294.08,6.25,304.0,1004.99,
2006,4,2,15,23.84,18.19,653.0,800.23,145.0,291.67,6.08,305.0,1004.85,
2006,4,2,16,23.33,18.45,424.0,695.98,116.0,289.25,5.92,307.0,1004.72,
2006,4,2,17,21.56,22.42,175.0,449.01,75.0,287.02,5.15,308.0,1005.09,
2006,4,2,18,19.8,26.38,0.0,0.0,0.0,284.78,4.39,310.0,1005.45,
2006,4,2,19,18.03,30.35,0.0,0.0,0.0,282.55,3.63,311.0,1005.81,
2006,4,2,20,16.91,34.98,0.0,0.0,0.0,281.07,3.34,312.0,1005.98,
2006,4,2,21,15.79,39.62,0.0,0.0,0.0,279.58,3.05,314.0,1006.14,
2006,4,2,22,14.67,44.25,0.0,0.0,0.0,278.1,2.76,315.0,1006.31,
2006,4,2,23,14.13,47.15,0.0,0.0,0.0,278.52,2.68,317.0,1005.98,
2006,4,3,0,13.58,50.05,0.0,0.0,0.0,278.93,2.6,319.0,1005.65,
2006,4,3,1,13.04,52.95,0.0,0.0,0.0,279.35,2.52,321.0,1005.32,
2006,4,3,2,12.9,53.13,0.0,0.0,0.0,281.33,2.25,321.0,1005.38,
2006,4,3,3,12.75,53.31,0.0,0.0,0.0,283.32,1.98,320.0,1005.45,
2006,4,3,4,12.61,53.49,0.0,0.0,0.0,285.3,1.71,319.0,1005.52,
2006,4,3,5,14.2,48.45,0.0,0.0,0.0,288.32,1.46,312.0,1005.88,
2006,4,3,6,15.79,43.42,47.0,177.4,31.0,291.33,1.2,304.0,1006.24,
2006,4,3,7,17.39,38.38,290.0,645.49,84.0,294.35,0.95,297.0,1006.61,
2006,4,3,8,19.64,32.97,540.0,823.98,104.0,298.43,1.8,294.0,1006.51,
2006,4,3,9,21.9,27.56,760.0,912.33,116.0,302.52,2.65,290.0,1006.41,
2006,4,3,10,24.15,22.15,920.0,938.7,134.0,306.6,3.5,287.0,1006.31,
2006,4,3,11,25.15,20.46,1010.0,933.83,156.0,305.02,3.93,286.0,1005.55,
2006,4,3,12,26.15,18.76,1044.0,975.14,135.0,303.43,4.36,284.0,1004.79,
2006,4,3,13,27.15,17.07,988.0,959.38,135.0,301.85,4.79,282.0,1004.03,
2006,4,3,14,26.56,17.27,853.0,901.97,142.0,298.53,4.63,287.0,1003.6,
2006,4,3,15,25.98,17.47,658.0,815.38,139.0,295.22,4.47,292.0,1003.17,
2006,4,3,16,25.4,17.67,431.0,722.69,110.0,291.9,4.32,297.0,1002.74,
2006,4,3,17,23.65,24.21,182.0,494.71,71.0,289.07,3.69,300.0,1002.87,
2006,4,3,18,21.89,30.74,0.0,0.0,0.0,286.23,3.07,302.0,1003.0,
2006,4,3,19,20.14,37.28,0.0,0.0,0.0,283.4,2.44,305.0,1003.13,
2006,4,3,20,19.54,34.63,0.0,0.0,0.0,283.78,1.87,299.0,1003.13,
2006,4,3,21,18.94,31.99,0.0,0.0,0.0,284.17,1.3,293.0,1003.13,
2006,4,3,22,18.34,29.34,0.0,0.0,0.0,284.55,0.73,287.0,1003.13,
2006,4,3,23,17.11,31.58,0.0,0.0,0.0,287.33,0.87,253.0,1002.7,
2006,4,4,0,15.87,33.81,0.0,0.0,0.0,290.12,1.02,219.0,1002.27,
2006,4,4,1,14.64,36.05,0.0,0.0,0.0,292.9,1.16,185.0,1001.84,
2006,4,4,2,14.78,41.08,0.0,0.0,0.0,295.18,1.73,182.0,1001.71,
2006,4,4,3,14.93,46.1,0.0,0.0,0.0,297.47,2.3,179.0,1001.58,
2006,4,4,4,15.07,51.13,0.0,0.0,0.0,299.75,2.87,176.0,1001.45,
2006,4,4,5,17.14,43.23,0.0,0.0,0.0,302.17,2.96,185.0,1001.68,
2006,4,4,6,19.2,35.33,34.0,42.41,30.0,304.58,3.04,194.0,1001.91,
2006,4,4,7,21.27,27.43,243.0,331.22,136.0,307.0,3.13,203.0,1002.14,
2006,4,4,8,23.25,23.27,502.0,623.15,170.0,313.13,4.23,222.0,1002.04,
2006,4,4,9,25.23,19.11,736.0,803.72,166.0,319.27,5.32,241.0,1001.94,
2006,4,4,10,27.21,14.95,809.0,593.83,310.0,325.4,6.41,261.0,1001.84,
2006,4,4,11,27.81,14.74,874.0,560.44,360.0,326.63,6.54,267.0,1001.35,
2006,4,4,12,28.42,14.54,837.0,445.17,421.0,327.87,6.67,274.0,1000.85,
2006,4,4,13,29.02,14.33,867.0,607.08,326.0,329.1,6.8,281.0,1000.36,
2006,4,4,14,27.89,14.38,687.0,418.94,356.0,327.22,6.71,286.0,1000.45,
2006,4,4,15,26.76,14.44,468.0,235.04,318.0,325.33,6.63,291.0,1000.55,
2006,4,4,16,25.63,14.49,185.0,17.95,177.0,323.45,6.54,297.0,1000.65,
2006,4,4,17,23.91,16.64,95.0,35.39,87.0,319.57,5.87,305.0,1001.38,
2006,4,4,18,22.18,18.79,0.0,0.0,0.0,315.68,5.2,313.0,1002.11,
2006,4,4,19,20.46,20.94,0.0,0.0,0.0,311.8,4.54,321.0,1002.84,
2006,4,4,20,19.37,24.29,0.0,0.0,0.0,308.77,4.19,325.0,1003.1,
2006,4,4,21,18.29,27.63,0.0,0.0,0.0,305.73,3.85,328.0,1003.37,
2006,4,4,22,17.2,30.98,0.0,0.0,0.0,302.7,3.5,332.0,1003.63,
2006,4,4,23,16.48,34.48,0.0,0.0,0.0,298.0,3.41,331.0,1003.5,
2006,4,5,0,15.75,37.97,0.0,0.0,0.0,293.3,3.31,330.0,1003.37,
2006,4,5,1,15.03,41.47,0.0,0.0,0.0,288.6,3.21,329.0,1003.23,
2006,4,5,2,14.5,43.22,0.0,0.0,0.0,284.22,3.21,329.0,1003.46,
2006,4,5,3,13.97,44.96,0.0,0.0,0.0,279.83,3.2,329.0,1003.7,
2006,4,5,4,13.44,46.71,0.0,0.0,0.0,275.45,3.2,330.0,1003.93,
2006,4,5,5,14.75,43.53,0.0,0.0,0.0,276.72,2.79,332.0,1004.59,
2006,4,5,6,16.05,40.36,38.0,50.81,33.0,277.98,2.38,334.0,1005.25,
2006,4,5,7,17.36,37.18,256.0,382.35,131.0,279.25,1.97,336.0,1005.91,
2006,4,5,8,19.28,33.06,497.0,587.28,182.0,285.57,2.4,327.0,1005.91,
2006,4,5,9,21.21,28.93,711.0,701.78,211.0,291.88,2.82,319.0,1005.91,
2006,4,5,10,23.13,24.81,882.0,793.38,213.0,298.2,3.24,310.0,1005.91,
2006,4,5,11,24.12,22.66,999.0,883.97,186.0,297.5,3.75,305.0,1005.35,
2006,4,5,12,25.12,20.5,1027.0,906.34,178.0,296.8,4.26,300.0,1004.79,
2006,4,5,13,26.11,18.35,976.0,908.05,165.0,296.1,4.77,295.0,1004.23,
2006,4,5,14,25.43,18.64,843.0,853.7,167.0,294.12,5.16,298.0,1004.23,
2006,4,5,15,24.75,18.94,658.0,800.24,146.0,292.13,5.55,302.0,1004.23,
2006,4,5,16,24.07,19.23,423.0,659.4,128.0,290.15,5.94,306.0,1004.23,
2006,4,5,17,22.4,22.7,181.0,461.21,76.0,288.23,5.25,310.0,1004.82,
2006,4,5,18,20.74,26.17,0.0,0.0,0.0,286.32,4.56,315.0,1005.42,
2006,4,5,19,19.07,29.64,0.0,0.0,0.0,284.4,3.86,320.0,1006.01,
2006,4,5,20,18.1,32.41,0.0,0.0,0.0,283.08,3.71,324.0,1006.41,
2006,4,5,21,17.13,35.18,0.0,0.0,0.0,281.77,3.55,329.0,1006.81,
2006,4,5,22,16.16,37.95,0.0,0.0,0.0,280.45,3.39,334.0,1007.2,
2006,4,5,23,15.5,40.76,0.0,0.0,0.0,279.43,3.25,338.0,1007.14,
2006,4,6,0,14.85,43.58,0.0,0.0,0.0,278.42,3.1,342.0,1007.07,
2006,4,6,1,14.19,46.39,0.0,0.0,0.0,277.4,2.95,346.0,1007.0,
2006,4,6,2,13.78,48.99,0.0,0.0,0.0,277.75,2.8,348.0,1007.27,
2006,4,6,3,13.37,51.58,0.0,0.0,0.0,278.1,2.65,350.0,1007.53,
2006,4,6,4,12.96,54.18,0.0,0.0,0.0,278.45,2.5,352.0,1007.8,
2006,4,6,5,14.55,48.26,0.0,0.0,0.0,280.98,2.33,352.0,1008.53,
2006,4,6,6,16.13,42.33,49.0,117.12,37.0,283.52,2.17,352.0,1009.25,
2006,4,6,7,17.72,36.41,289.0,556.3,105.0,286.05,2.0,352.0,1009.98,
2006,4,6,8,19.52,31.39,542.0,772.34,125.0,290.32,2.68,346.0,1010.01,
2006,4,6,9,21.33,26.38,763.0,883.06,131.0,294.58,3.35,340.0,1010.05,
2006,4,6,10,23.14,21.36,925.0,924.25,143.0,298.85,4.03,334.0,1010.08,
2006,4,6,11,24.03,19.62,1018.0,934.68,156.0,297.37,4.14,332.0,1009.39,
2006,4,6,12,24.92,17.89,1040.0,940.43,157.0,295.88,4.26,330.0,1008.69,
2006,4,6,13,25.81,16.15,983.0,925.09,155.0,294.4,4.37,327.0,1008.0,
2006,4,6,14,25.31,16.15,845.0,854.37,167.0,291.3,4.41,328.0,1007.86,
2006,4,6,15,24.81,16.14,656.0,785.76,152.0,288.2,4.45,329.0,1007.73,
2006,4,6,16,24.31,16.14,426.0,672.68,124.0,285.1,4.48,330.0,1007.6,
2006,4,6,17,22.6,20.11,183.0,462.3,77.0,283.32,4.24,331.0,1008.16,
2006,4,6,18,20.88,24.07,0.0,0.0,0.0,281.53,4.0,332.0,1008.72,
2006,4,6,19,19.17,28.04,0.0,0.0,0.0,279.75,3.77,333.0,1009.29,
2006,4,6,20,18.31,30.64,0.0,0.0,0.0,279.47,3.67,339.0,1009.52,
2006,4,6,21,17.46,33.23,0.0,0.0,0.0,279.18,3.57,344.0,1009.75,
2006,4,6,22,16.6,35.83,0.0,0.0,0.0,278.9,3.48,350.0,1009.98,
2006,4,6,23,15.9,38.53,0.0,0.0,0.0,278.67,3.38,356.0,1009.72,
2006,4,7,0,15.2,41.24,0.0,0.0,0.0,278.43,3.28,1.0,1009.45,
2006,4,7,1,14.5,43.94,0.0,0.0,0.0,278.2,3.19,7.0,1009.19,
2006,4,7,2,13.91,46.58,0.0,0.0,0.0,278.53,3.01,9.0,1009.32,
2006,4,7,3,13.31,49.23,0.0,0.0,0.0,278.87,2.83,11.0,1009.45,
2006,4,7,4,12.72,51.87,0.0,0.0,0.0,279.2,2.65,13.0,1009.58,
2006,4,7,5,14.38,47.28,0.0,0.0,0.0,282.02,2.28,21.0,1010.15,
2006,4,7,6,16.04,42.68,53.0,131.48,39.0,284.83,1.9,29.0,1010.71,
2006,4,7,7,17.71,38.09,291.0,550.0,107.0,287.65,1.53,38.0,1011.27,
2006,4,7,8,19.99,32.69,546.0,774.73,125.0,293.55,1.64,55.0,1011.07,
2006,4,7,9,22.28,27.29,755.0,837.44,153.0,299.45,1.74,73.0,1010.87,
2006,4,7,10,24.57,21.89,918.0,890.56,162.0,305.35,1.85,90.0,1010.68,
2006,4,7,11,25.68,19.57,1015.0,918.13,166.0,304.57,1.43,85.0,1009.75,
2006,4,7,12,26.8,17.24,1037.0,923.4,168.0,303.78,1.01,80.0,1008.82,
2006,4,7,13,27.91,14.92,980.0,908.65,165.0,303.0,0.59,75.0,1007.9,
2006,4,7,14,27.77,14.51,842.0,838.72,175.0,299.03,0.8,54.0,1007.47,
2006,4,7,15,27.63,14.1,654.0,771.4,158.0,295.07,1.01,32.0,1007.04,
2006,4,7,16,27.49,13.69,432.0,699.23,117.0,291.1,1.21,11.0,1006.61,
2006,4,7,17,25.39,17.13,185.0,472.05,76.0,287.65,1.5,12.0,1006.81,
2006,4,7,18,23.3,20.58,0.0,0.0,0.0,284.2,1.78,13.0,1007.0,
2006,4,7,19,21.2,24.02,0.0,0.0,0.0,280.75,2.07,14.0,1007.2,
2006,4,7,20,19.97,27.32,0.0,0.0,0.0,280.68,2.08,22.0,1007.27,
2006,4,7,21,18.75,30.63,0.0,0.0,0.0,280.62,2.09,29.0,1007.33,
2006,4,7,22,17.52,33.93,0.0,0.0,0.0,280.55,2.1,37.0,1007.4,
2006,4,7,23,17.29,36.78,0.0,0.0,0.0,281.27,2.01,41.0,1007.1,
2006,4,8,0,17.05,39.64,0.0,0.0,0.0,281.98,1.93,45.0,1006.81,
2006,4,8,1,16.82,42.49,0.0,0.0,0.0,282.7,1.85,49.0,1006.51,
2006,4,8,2,15.69,45.73,0.0,0.0,0.0,283.43,1.81,52.0,1006.44,
2006,4,8,3,14.55,48.98,0.0,0.0,0.0,284.17,1.77,55.0,1006.38,
2006,4,8,4,13.42,52.22,0.0,0.0,0.0,284.9,1.74,58.0,1006.31,
2006,4,8,5,15.6,47.35,0.0,0.0,0.0,287.7,1.44,74.0,1006.74,
2006,4,8,6,17.78,42.47,60.0,181.05,40.0,290.5,1.14,91.0,1007.17,
2006,4,8,7,19.96,37.6,301.0,594.16,100.0,293.3,0.84,107.0,1007.6,
2006,4,8,8,22.73,29.8,547.0,762.53,130.0,298.33,1.14,118.0,1007.4,
2006,4,8,9,25.51,22.0,758.0,837.99,153.0,303.37,1.43,130.0,1007.2,
2006,4,8,10,28.29,14.2,917.0,874.76,172.0,308.4,1.72,142.0,1007.0,
2006,4,8,11,29.28,12.81,1018.0,918.98,166.0,306.58,1.43,168.0,1006.14,
2006,4,8,12,30.28,11.41,1033.0,906.51,178.0,304.77,1.14,194.0,1005.28,
2006,4,8,13,31.27,10.02,992.0,943.51,144.0,302.95,0.84,221.0,1004.42,
2006,4,8,14,30.95,10.08,852.0,870.87,158.0,299.0,1.0,236.0,1003.83,
2006,4,8,15,30.64,10.15,670.0,831.61,134.0,295.05,1.15,252.0,1003.23,
2006,4,8,16,30.33,10.21,439.0,725.62,111.0,291.1,1.31,268.0,1002.64,
2006,4,8,17,29.48,11.52,187.0,477.38,76.0,287.27,1.34,279.0,1002.77,
2006,4,8,18,28.62,12.82,0.0,0.0,0.0,283.43,1.37,291.0,1002.9,
2006,4,8,19,27.77,14.13,0.0,0.0,0.0,279.6,1.39,302.0,1003.03,
2006,4,8,20,26.72,16.31,0.0,0.0,0.0,280.77,1.38,313.0,1003.07,
2006,4,8,21,25.66,18.49,0.0,0.0,0.0,281.93,1.37,324.0,1003.1,
2006,4,8,22,24.61,20.67,0.0,0.0,0.0,283.1,1.35,335.0,1003.13,
2006,4,8,23,23.65,22.79,0.0,0.0,0.0,284.93,1.32,352.0,1002.8,
2006,4,9,0,22.68,24.9,0.0,0.0,0.0,286.77,1.29,8.0,1002.47,
2006,4,9,1,21.72,27.02,0.0,0.0,0.0,288.6,1.26,25.0,1002.14,
2006,4,9,2,19.07,30.83,0.0,0.0,0.0,289.95,1.4,50.0,1002.08,
2006,4,9,3,16.41,34.64,0.0,0.0,0.0,291.3,1.54,74.0,1002.01,
2006,4,9,4,13.76,38.45,0.0,0.0,0.0,292.65,1.68,99.0,1001.94,
2006,4,9,5,15.85,36.46,0.0,0.0,0.0,297.4,1.32,125.0,1002.47,
2006,4,9,6,17.93,34.46,58.0,139.84,42.0,302.15,0.96,152.0,1003.0,
2006,4,9,7,20.02,32.47,290.0,502.93,118.0,306.9,0.59,178.0,1003.53,
2006,4,9,8,22.97,25.4,536.0,694.22,154.0,310.88,1.51,214.0,1003.56,
2006,4,9,9,25.93,18.33,749.0,793.09,174.0,314.87,2.42,249.0,1003.6,
2006,4,9,10,28.88,11.26,910.0,842.74,190.0,318.85,3.34,285.0,1003.63,
2006,4,9,11,29.78,10.38,998.0,852.1,206.0,315.03,3.78,288.0,1002.94,
2006,4,9,12,30.68,9.5,1013.0,841.07,218.0,311.22,4.23,291.0,1002.24,
2006,4,9,13,31.58,8.62,973.0,875.01,185.0,307.4,4.68,294.0,1001.55,
2006,4,9,14,30.31,10.33,845.0,839.06,175.0,304.97,4.87,299.0,1001.58,
2006,4,9,15,29.05,12.04,657.0,772.39,158.0,302.53,5.07,304.0,1001.61,
2006,4,9,16,27.78,13.75,431.0,674.69,125.0,300.1,5.27,310.0,1001.65,
2006,4,9,17,25.84,17.62,181.0,418.59,83.0,298.78,5.13,314.0,1002.24,
2006,4,9,18,23.89,21.5,0.0,0.0,0.0,297.47,4.99,318.0,1002.84,
2006,4,9,19,21.95,25.37,0.0,0.0,0.0,296.15,4.86,322.0,1003.43,
2006,4,9,20,20.86,27.97,0.0,0.0,0.0,296.2,4.62,324.0,1003.83,
2006,4,9,21,19.78,30.58,0.0,0.0,0.0,296.25,4.38,326.0,1004.23,
2006,4,9,22,18.69,33.18,0.0,0.0,0.0,296.3,4.14,328.0,1004.62,
2006,4,9,23,17.99,35.86,0.0,0.0,0.0,295.08,4.0,330.0,1004.59,
2006,4,10,0,17.29,38.55,0.0,0.0,0.0,293.87,3.86,331.0,1004.56,
2006,4,10,1,16.59,41.23,0.0,0.0,0.0,292.65,3.72,333.0,1004.52,
2006,4,10,2,16.07,43.62,0.0,0.0,0.0,291.47,3.67,336.0,1004.59,
2006,4,10,3,15.55,46.01,0.0,0.0,0.0,290.28,3.62,338.0,1004.66,
2006,4,10,4,15.03,48.4,0.0,0.0,0.0,289.1,3.57,341.0,1004.72,
2006,4,10,5,16.23,46.55,0.0,0.0,0.0,290.08,3.71,342.0,1005.45,
2006,4,10,6,17.42,44.71,68.0,211.28,43.0,291.07,3.86,344.0,1006.18,
2006,4,10,7,18.62,42.86,313.0,624.91,97.0,292.05,4.0,345.0,1006.9,
2006,4,10,8,20.4,37.04,557.0,780.35,125.0,297.93,4.35,340.0,1006.9,
2006,4,10,9,22.18,31.23,773.0,870.87,139.0,303.82,4.7,334.0,1006.9,
2006,4,10,10,23.96,25.41,927.0,892.66,162.0,309.7,5.05,329.0,1006.9,
2006,4,10,11,24.78,22.65,1023.0,918.69,167.0,308.8,5.24,324.0,1006.34,
2006,4,10,12,25.61,19.88,1043.0,924.82,167.0,307.9,5.43,319.0,1005.78,
2006,4,10,13,26.43,17.12,985.0,908.79,165.0,307.0,5.63,314.0,1005.22,
2006,4,10,14,25.6,17.16,851.0,854.91,167.0,302.62,5.92,316.0,1005.22,
2006,4,10,15,24.77,17.2,655.0,758.26,164.0,298.23,6.22,317.0,1005.22,
2006,4,10,16,23.94,17.24,428.0,650.5,132.0,293.85,6.51,319.0,1005.22,
2006,4,10,17,22.43,20.0,181.0,411.51,84.0,291.62,6.17,320.0,1005.88,
2006,4,10,18,20.92,22.77,0.0,0.0,0.0,289.38,5.84,322.0,1006.54,
2006,4,10,19,19.41,25.53,0.0,0.0,0.0,287.15,5.5,323.0,1007.2,
2006,4,10,20,18.61,28.31,0.0,0.0,0.0,285.98,5.39,326.0,1007.5,
2006,4,10,21,17.8,31.1,0.0,0.0,0.0,284.82,5.28,328.0,1007.8,
2006,4,10,22,17.0,33.88,0.0,0.0,0.0,283.65,5.17,331.0,1008.1,
2006,4,10,23,16.46,36.86,0.0,0.0,0.0,282.6,5.02,334.0,1008.0,
2006,4,11,0,15.92,39.83,0.0,0.0,0.0,281.55,4.87,338.0,1007.9,
2006,4,11,1,15.38,42.81,0.0,0.0,0.0,280.5,4.72,341.0,1007.8,
2006,4,11,2,14.81,45.94,0.0,0.0,0.0,279.62,4.44,343.0,1007.9,
2006,4,11,3,14.24,49.07,0.0,0.0,0.0,278.73,4.17,346.0,1008.0,
2006,4,11,4,13.67,52.2,0.0,0.0,0.0,277.85,3.89,348.0,1008.1,
2006,4,11,5,14.73,50.15,0.0,0.0,0.0,279.37,3.94,348.0,1008.69,
2006,4,11,6,15.79,48.1,78.0,294.61,42.0,280.88,4.0,347.0,1009.29,
2006,4,11,7,16.85,46.05,320.0,649.96,93.0,282.4,4.06,347.0,1009.88,
2006,4,11,8,18.54,38.74,567.0,809.86,116.0,286.4,4.42,343.0,1009.65,
2006,4,11,9,20.24,31.43,784.0,904.31,123.0,290.4,4.78,340.0,1009.42,
2006,4,11,10,21.94,24.12,935.0,909.76,153.0,294.4,5.14,336.0,1009.19,
2006,4,11,11,23.19,20.95,1031.0,936.83,156.0,293.95,5.5,334.0,1008.53,
2006,4,11,12,24.45,17.78,1045.0,925.04,167.0,293.5,5.86,333.0,1007.86,
2006,4,11,13,25.7,14.61,982.0,892.7,175.0,293.05,6.22,331.0,1007.2,
2006,4,11,14,25.2,14.11,852.0,854.52,167.0,290.75,6.16,332.0,1006.67,
2006,4,11,15,24.71,13.61,653.0,744.23,170.0,288.45,6.09,333.0,1006.14,
2006,4,11,16,24.22,13.11,429.0,650.58,132.0,286.15,6.03,334.0,1005.61,
2006,4,11,17,22.6,15.59,188.0,455.11,80.0,284.18,5.71,334.0,1006.04,
2006,4,11,18,20.99,18.06,0.0,0.0,0.0,282.22,5.39,335.0,1006.47,
2006,4,11,19,19.37,20.54,0.0,0.0,0.0,280.25,5.08,335.0,1006.9,
2006,4,11,20,18.62,23.36,0.0,0.0,0.0,280.43,4.89,340.0,1007.1,
2006,4,11,21,17.87,26.19,0.0,0.0,0.0,280.62,4.71,346.0,1007.3,
2006,4,11,22,17.12,29.01,0.0,0.0,0.0,280.8,4.52,351.0,1007.5,
2006,4,11,23,16.57,32.82,0.0,0.0,0.0,281.58,4.28,356.0,1007.3,
2006,4,12,0,16.03,36.64,0.0,0.0,0.0,282.37,4.04,360.0,1007.1,
2006,4,12,1,15.48,40.45,0.0,0.0,0.0,283.15,3.79,4.0,1006.9,
2006,4,12,2,14.95,42.91,0.0,0.0,0.0,283.47,3.65,5.0,1006.74,
2006,4,12,3,14.43,45.36,0.0,0.0,0.0,283.78,3.5,6.0,1006.57,
2006,4,12,4,13.9,47.82,0.0,0.0,0.0,284.1,3.35,7.0,1006.41,
2006,4,12,5,15.46,44.97,0.0,0.0,0.0,287.07,3.34,8.0,1006.61,
2006,4,12,6,17.02,42.11,55.0,71.42,46.0,290.03,3.33,8.0,1006.81,
2006,4,12,7,18.58,39.26,296.0,481.86,126.0,293.0,3.32,8.0,1007.0,
2006,4,12,8,20.88,32.49,519.0,585.6,191.0,298.67,3.41,12.0,1006.74,
2006,4,12,9,23.19,25.72,729.0,693.63,220.0,304.33,3.49,15.0,1006.47,
2006,4,12,10,25.49,18.95,779.0,475.59,369.0,310.0,3.57,19.0,1006.21,
2006,4,12,11,27.04,16.41,920.0,628.08,332.0,311.52,3.46,19.0,1005.25,
2006,4,12,12,28.59,13.86,1030.0,873.78,199.0,313.03,3.35,20.0,1004.29,
2006,4,12,13,30.14,11.32,967.0,843.59,203.0,314.55,3.24,21.0,1003.33,
2006,4,12,14,29.8,11.26,840.0,808.09,191.0,311.05,3.28,26.0,1002.74,
2006,4,12,15,29.46,11.19,643.0,702.61,186.0,307.55,3.32,30.0,1002.14,
2006,4,12,16,29.12,11.13,426.0,626.66,139.0,304.05,3.37,35.0,1001.55,
2006,4,12,17,26.59,15.57,184.0,414.42,85.0,301.0,3.1,35.0,1001.84,
2006,4,12,18,24.05,20.01,0.0,0.0,0.0,297.95,2.83,35.0,1002.14,
2006,4,12,19,21.52,24.45,0.0,0.0,0.0,294.9,2.57,35.0,1002.44,
2006,4,12,20,20.27,25.62,0.0,0.0,0.0,294.22,2.4,33.0,1002.51,
2006,4,12,21,19.02,26.8,0.0,0.0,0.0,293.53,2.23,31.0,1002.57,
2006,4,12,22,17.77,27.97,0.0,0.0,0.0,292.85,2.06,30.0,1002.64,
2006,4,12,23,17.07,32.01,0.0,0.0,0.0,294.12,2.09,23.0,1002.24,
2006,4,13,0,16.37,36.05,0.0,0.0,0.0,295.38,2.13,16.0,1001.84,
2006,4,13,1,15.67,40.09,0.0,0.0,0.0,296.65,2.17,10.0,1001.45,
2006,4,13,2,15.32,44.02,0.0,0.0,0.0,298.02,2.14,13.0,1001.38,
2006,4,13,3,14.97,47.96,0.0,0.0,0.0,299.38,2.12,16.0,1001.31,
2006,4,13,4,14.62,51.89,0.0,0.0,0.0,300.75,2.1,19.0,1001.25,
2006,4,13,5,16.79,44.1,0.0,0.0,0.0,302.47,1.85,21.0,1001.71,
2006,4,13,6,18.96,36.31,89.0,369.82,41.0,304.18,1.61,23.0,1002.17,
2006,4,13,7,21.13,28.52,312.0,555.71,114.0,305.9,1.37,24.0,1002.64,
2006,4,13,8,24.24,22.58,562.0,756.28,136.0,310.3,1.73,41.0,1002.57,
2006,4,13,9,27.36,16.65,770.0,826.73,161.0,314.7,2.1,57.0,1002.51,
2006,4,13,10,30.47,10.71,931.0,877.91,172.0,319.1,2.47,74.0,1002.44,
2006,4,13,11,31.53,9.87,1024.0,902.69,177.0,316.98,2.29,79.0,1001.45,
2006,4,13,12,32.58,9.02,1037.0,890.99,188.0,314.87,2.1,85.0,1000.45,
2006,4,13,13,33.64,8.18,985.0,892.79,175.0,312.75,1.92,90.0,999.46,
2006,4,13,14,33.08,8.54,864.0,887.41,150.0,306.63,1.71,76.0,999.13,
2006,4,13,15,32.53,8.91,673.0,817.68,140.0,300.52,1.49,62.0,998.8,
2006,4,13,16,31.98,9.27,439.0,689.98,122.0,294.4,1.28,47.0,998.47,
2006,4,13,17,30.79,10.28,196.0,503.18,75.0,291.42,1.17,47.0,998.7,
2006,4,13,18,29.6,11.3,0.0,0.0,0.0,288.43,1.05,48.0,998.93,
2006,4,13,19,28.41,12.31,0.0,0.0,0.0,285.45,0.94,48.0,999.16,
2006,4,13,20,27.11,14.31,0.0,0.0,0.0,286.77,0.94,48.0,999.2,
2006,4,13,21,25.81,16.31,0.0,0.0,0.0,288.08,0.94,48.0,999.23,
2006,4,13,22,24.51,18.31,0.0,0.0,0.0,289.4,0.94,49.0,999.26,
2006,4,13,23,23.64,20.45,0.0,0.0,0.0,291.1,0.9,49.0,999.0,
2006,4,14,0,22.78,22.6,0.0,0.0,0.0,292.8,0.86,50.0,998.73,
2006,4,14,1,21.91,24.74,0.0,0.0,0.0,294.5,0.81,51.0,998.47,
2006,4,14,2,20.01,29.03,0.0,0.0,0.0,296.8,1.14,57.0,998.57,
2006,4,14,3,18.11,33.31,0.0,0.0,0.0,299.1,1.47,64.0,998.67,
2006,4,14,4,16.21,37.6,0.0,0.0,0.0,301.4,1.79,70.0,998.77,
2006,4,14,5,18.55,35.56,0.0,0.0,0.0,305.7,1.51,75.0,999.2,
2006,4,14,6,20.89,33.53,78.0,209.7,50.0,310.0,1.22,81.0,999.63,
2006,4,14,7,23.24,31.49,314.0,547.62,117.0,314.3,0.94,86.0,1000.06,
2006,4,14,8,26.63,24.87,560.0,729.18,147.0,319.5,1.17,111.0,1000.16,
2006,4,14,9,30.03,18.25,769.0,812.83,168.0,324.7,1.4,135.0,1000.26,
2006,4,14,10,33.42,11.63,928.0,861.64,181.0,329.9,1.63,160.0,1000.36,
2006,4,14,11,34.25,10.3,1026.0,902.83,177.0,328.75,1.83,178.0,999.69,
2006,4,14,12,35.08,8.97,1045.0,908.18,178.0,327.6,2.03,197.0,999.03,
2006,4,14,13,35.91,7.64,1002.0,944.06,144.0,326.45,2.23,216.0,998.37,
2006,4,14,14,35.43,8.17,861.0,870.94,159.0,322.12,2.25,224.0,998.01,
2006,4,14,15,34.96,8.69,678.0,834.32,133.0,317.78,2.26,233.0,997.64,
2006,4,14,16,34.48,9.22,445.0,718.21,114.0,313.45,2.28,241.0,997.28,
2006,4,14,17,33.42,11.61,196.0,483.39,79.0,307.92,2.24,252.0,997.84,
2006,4,14,18,32.36,14.01,0.0,0.0,0.0,302.38,2.21,262.0,998.4,
2006,4,14,19,31.3,16.4,0.0,0.0,0.0,296.85,2.18,273.0,998.97,
2006,4,14,20,29.98,16.71,0.0,0.0,0.0,297.42,1.95,284.0,999.2,
2006,4,14,21,28.66,17.02,0.0,0.0,0.0,297.98,1.72,295.0,999.43,
2006,4,14,22,27.34,17.33,0.0,0.0,0.0,298.55,1.49,306.0,999.66,
2006,4,14,23,25.38,18.94,0.0,0.0,0.0,299.73,1.2,321.0,999.43,
2006,4,15,0,23.43,20.54,0.0,0.0,0.0,300.92,0.9,335.0,999.2,
2006,4,15,1,21.47,22.15,0.0,0.0,0.0,302.1,0.61,350.0,998.97,
2006,4,15,2,20.0,23.66,0.0,0.0,0.0,303.25,0.85,321.0,999.26,
2006,4,15,3,18.52,25.17,0.0,0.0,0.0,304.4,1.09,292.0,999.56,
2006,4,15,4,17.05,26.68,0.0,0.0,0.0,305.55,1.32,264.0,999.86,
2006,4,15,5,18.51,25.3,0.0,0.0,0.0,307.8,2.21,278.0,1000.88,
2006,4,15,6,19.96,23.92,71.0,138.48,52.0,310.05,3.1,293.0,1001.91,
2006,4,15,7,21.42,22.54,247.0,223.06,166.0,312.3,3.99,308.0,1002.94,
2006,4,15,8,23.09,23.16,494.0,463.61,230.0,315.93,5.11,311.0,1003.3,
2006,4,15,9,24.76,23.78,703.0,588.88,266.0,319.57,6.24,315.0,1003.66,
2006,4,15,10,26.43,24.4,868.0,679.87,277.0,323.2,7.37,318.0,1004.03,
2006,4,15,11,27.26,23.57,966.0,729.0,279.0,325.73,7.77,318.0,1003.83,
2006,4,15,12,28.09,22.73,983.0,731.91,283.0,328.27,8.17,318.0,1003.63,
2006,4,15,13,28.92,21.9,960.0,811.76,221.0,330.8,8.58,318.0,1003.43,
2006,4,15,14,27.79,22.11,834.0,777.78,206.0,328.57,8.27,317.0,1003.56,
2006,4,15,15,26.66,22.33,658.0,745.5,170.0,326.33,7.95,316.0,1003.7,
2006,4,15,16,25.53,22.54,428.0,616.5,143.0,324.1,7.64,314.0,1003.83,
2006,4,15,17,23.91,23.08,189.0,418.7,87.0,319.63,7.34,317.0,1004.69,
2006,4,15,18,22.28,23.62,0.0,0.0,0.0,315.17,7.04,319.0,1005.55,
2006,4,15,19,20.66,24.16,0.0,0.0,0.0,310.7,6.74,321.0,1006.41,
2006,4,15,20,19.79,26.33,0.0,0.0,0.0,305.47,6.64,324.0,1006.81,
2006,4,15,21,18.91,28.49,0.0,0.0,0.0,300.23,6.54,326.0,1007.2,
2006,4,15,22,18.04,30.66,0.0,0.0,0.0,295.0,6.44,328.0,1007.6,
2006,4,15,23,17.49,33.99,0.0,0.0,0.0,291.47,6.21,328.0,1007.3,
2006,4,16,0,16.95,37.33,0.0,0.0,0.0,287.93,5.98,328.0,1007.0,
2006,4,16,1,16.4,40.66,0.0,0.0,0.0,284.4,5.75,327.0,1006.71,
2006,4,16,2,15.73,42.23,0.0,0.0,0.0,282.9,5.62,325.0,1006.54,
2006,4,16,3,15.05,43.81,0.0,0.0,0.0,281.4,5.49,322.0,1006.38,
2006,4,16,4,14.38,45.38,0.0,0.0,0.0,279.9,5.37,319.0,1006.21,
2006,4,16,5,15.36,44.25,0.0,0.0,0.0,281.35,6.02,319.0,1006.57,
2006,4,16,6,16.34,43.12,56.0,42.61,50.0,282.8,6.67,318.0,1006.94,
2006,4,16,7,17.32,41.99,266.0,283.8,162.0,284.25,7.32,317.0,1007.3,
2006,4,16,8,18.82,37.99,525.0,566.01,201.0,288.85,7.51,316.0,1006.94,
2006,4,16,9,20.32,33.98,749.0,725.11,209.0,293.45,7.7,314.0,1006.57,
2006,4,16,10,21.82,29.98,923.0,829.54,200.0,298.05,7.89,313.0,1006.21,
2006,4,16,11,23.07,28.04,1008.0,837.62,217.0,300.53,7.95,312.0,1005.32,
2006,4,16,12,24.33,26.09,1037.0,874.67,199.0,303.02,8.02,311.0,1004.42,
2006,4,16,13,25.58,24.15,978.0,859.79,194.0,305.5,8.08,310.0,1003.53,
2006,4,16,14,24.91,25.04,845.0,807.38,192.0,303.8,7.86,311.0,1003.3,
2006,4,16,15,24.25,25.93,663.0,759.22,165.0,302.1,7.64,312.0,1003.07,
2006,4,16,16,23.58,26.82,436.0,653.44,133.0,300.4,7.42,313.0,1002.84,
2006,4,16,17,22.45,30.38,195.0,452.73,84.0,299.7,6.66,312.0,1003.13,
2006,4,16,18,21.32,33.95,0.0,0.0,0.0,299.0,5.9,312.0,1003.43,
2006,4,16,19,20.19,37.51,0.0,0.0,0.0,298.3,5.14,312.0,1003.73,
2006,4,16,20,19.6,39.94,0.0,0.0,0.0,299.08,5.0,315.0,1003.86,
2006,4,16,21,19.0,42.37,0.0,0.0,0.0,299.87,4.85,318.0,1003.99,
2006,4,16,22,18.41,44.8,0.0,0.0,0.0,300.65,4.7,320.0,1004.13,
2006,4,16,23,17.88,46.87,0.0,0.0,0.0,301.18,4.51,325.0,1003.93,
2006,4,17,0,17.36,48.95,0.0,0.0,0.0,301.72,4.31,330.0,1003.73,
2006,4,17,1,16.83,51.02,0.0,0.0,0.0,302.25,4.11,334.0,1003.53,
2006,4,17,2,16.32,52.32,0.0,0.0,0.0,301.75,3.94,336.0,1003.66,
2006,4,17,3,15.82,53.61,0.0,0.0,0.0,301.25,3.76,337.0,1003.8,
2006,4,17,4,15.31,54.91,0.0,0.0,0.0,300.75,3.59,338.0,1003.93,
2006,4,17,5,16.48,50.9,0.0,0.0,0.0,301.45,3.65,339.0,1004.46,
2006,4,17,6,17.64,46.9,78.0,152.35,56.0,302.15,3.71,339.0,1004.99,
2006,4,17,7,18.81,42.89,308.0,462.5,137.0,302.85,3.78,340.0,1005.52,
2006,4,17,8,20.66,38.51,553.0,665.67,170.0,307.85,3.87,339.0,1005.22,
2006,4,17,9,22.52,34.13,761.0,754.73,197.0,312.85,3.96,339.0,1004.92,
2006,4,17,10,24.38,29.75,920.0,814.85,208.0,317.85,4.06,338.0,1004.62,
2006,4,17,11,25.66,27.72,1015.0,853.9,207.0,320.53,4.26,336.0,1003.76,
2006,4,17,12,26.94,25.69,1026.0,841.92,218.0,323.22,4.47,333.0,1002.9,
2006,4,17,13,28.22,23.66,963.0,811.35,222.0,325.9,4.68,330.0,1002.04,
2006,4,17,14,27.73,22.91,846.0,808.52,191.0,323.45,4.9,328.0,1001.88,
2006,4,17,15,27.24,22.16,604.0,549.25,243.0,321.0,5.12,326.0,1001.71,
2006,4,17,16,26.75,21.41,418.0,559.02,158.0,318.55,5.34,325.0,1001.55,
2006,4,17,17,25.06,23.77,209.0,563.33,70.0,316.07,4.95,322.0,1001.88,
2006,4,17,18,23.37,26.14,0.0,0.0,0.0,313.58,4.57,320.0,1002.21,
2006,4,17,19,21.68,28.5,0.0,0.0,0.0,311.1,4.18,318.0,1002.54,
2006,4,17,20,20.68,29.94,0.0,0.0,0.0,309.2,3.97,321.0,1002.84,
2006,4,17,21,19.67,31.39,0.0,0.0,0.0,307.3,3.77,324.0,1003.13,
2006,4,17,22,18.67,32.83,0.0,0.0,0.0,305.4,3.56,327.0,1003.43,
2006,4,17,23,18.01,35.15,0.0,0.0,0.0,304.63,3.39,330.0,1003.2,
2006,4,18,0,17.35,37.46,0.0,0.0,0.0,303.87,3.23,332.0,1002.97,
2006,4,18,1,16.69,39.78,0.0,0.0,0.0,303.1,3.06,335.0,1002.74,
2006,4,18,2,16.29,42.83,0.0,0.0,0.0,302.57,2.82,342.0,1002.97,
2006,4,18,3,15.88,45.87,0.0,0.0,0.0,302.03,2.57,350.0,1003.2,
2006,4,18,4,15.48,48.92,0.0,0.0,0.0,301.5,2.33,357.0,1003.43,
2006,4,18,5,17.54,42.9,0.0,0.0,0.0,304.45,2.12,358.0,1003.96,
2006,4,18,6,19.59,36.87,75.0,114.93,58.0,307.4,1.91,359.0,1004.49,
2006,4,18,7,21.65,30.85,307.0,445.12,141.0,310.35,1.7,0.0,1005.02,
2006,4,18,8,23.86,27.02,557.0,667.56,171.0,316.52,1.78,2.0,1004.99,
2006,4,18,9,26.08,23.18,763.0,754.88,197.0,322.68,1.86,4.0,1004.95,
2006,4,18,10,28.29,19.35,927.0,831.11,199.0,328.85,1.94,6.0,1004.92,
2006,4,18,11,29.53,17.34,1011.0,837.48,217.0,329.78,2.06,360.0,1004.29,
2006,4,18,12,30.76,15.34,1028.0,841.57,219.0,330.72,2.17,354.0,1003.66,
2006,4,18,13,32.0,13.33,975.0,842.91,204.0,331.65,2.29,348.0,1003.03,
2006,4,18,14,31.69,13.29,838.0,777.64,207.0,327.97,2.49,340.0,1002.77,
2006,4,18,15,31.38,13.26,662.0,745.57,171.0,324.28,2.69,332.0,1002.51,
2006,4,18,16,31.07,13.22,434.0,630.25,140.0,320.6,2.88,324.0,1002.24,
2006,4,18,17,28.76,17.42,196.0,447.02,85.0,316.65,3.09,324.0,1002.7,
2006,4,18,18,26.45,21.61,0.0,0.0,0.0,312.7,3.31,324.0,1003.17,
2006,4,18,19,24.14,25.81,0.0,0.0,0.0,308.75,3.52,323.0,1003.63,
2006,4,18,20,23.12,27.99,0.0,0.0,0.0,307.18,3.44,328.0,1003.89,
2006,4,18,21,22.1,30.16,0.0,0.0,0.0,305.62,3.36,333.0,1004.16,
2006,4,18,22,21.08,32.34,0.0,0.0,0.0,304.05,3.28,338.0,1004.42,
2006,4,18,23,20.18,34.59,0.0,0.0,0.0,304.05,3.14,344.0,1004.26,
2006,4,19,0,19.28,36.84,0.0,0.0,0.0,304.05,3.01,350.0,1004.09,
2006,4,19,1,18.38,39.09,0.0,0.0,0.0,304.05,2.87,356.0,1003.93,
2006,4,19,2,18.14,42.67,0.0,0.0,0.0,305.78,2.56,1.0,1004.13,
2006,4,19,3,17.89,46.26,0.0,0.0,0.0,307.52,2.25,5.0,1004.32,
2006,4,19,4,17.65,49.84,0.0,0.0,0.0,309.25,1.94,10.0,1004.52,
2006,4,19,5,19.65,43.09,0.0,0.0,0.0,312.33,1.68,12.0,1004.95,
2006,4,19,6,21.64,36.34,72.0,85.88,59.0,315.42,1.41,14.0,1005.38,
2006,4,19,7,23.64,29.59,304.0,417.46,147.0,318.5,1.14,16.0,1005.81,
2006,4,19,8,26.56,24.12,550.0,629.92,184.0,325.13,1.07,11.0,1005.81,
2006,4,19,9,29.49,18.66,761.0,740.47,204.0,331.77,1.0,5.0,1005.81,
2006,4,19,10,32.41,13.19,919.0,799.51,217.0,338.4,0.92,360.0,1005.81,
2006,4,19,11,33.36,12.3,1013.0,838.01,217.0,337.52,1.56,348.0,1005.15,
2006,4,19,12,34.3,11.41,1023.0,825.68,228.0,336.63,2.2,336.0,1004.49,
2006,4,19,13,35.25,10.52,982.0,860.21,194.0,335.75,2.84,324.0,1003.83,
2006,4,19,14,34.7,10.7,858.0,839.17,176.0,330.43,2.9,321.0,1003.43,
2006,4,19,15,34.15,10.88,670.0,774.44,159.0,325.12,2.95,317.0,1003.03,
2006,4,19,16,33.6,11.06,438.0,643.35,137.0,319.8,3.01,314.0,1002.64,
2006,4,19,17,30.99,15.57,201.0,476.25,82.0,316.3,3.1,317.0,1002.87,
2006,4,19,18,28.38,20.08,0.0,0.0,0.0,312.8,3.2,320.0,1003.1,
2006,4,19,19,25.77,24.59,0.0,0.0,0.0,309.3,3.3,323.0,1003.33,
2006,4,19,20,24.87,26.09,0.0,0.0,0.0,308.3,3.31,327.0,1003.53,
2006,4,19,21,23.97,27.59,0.0,0.0,0.0,307.3,3.33,332.0,1003.73,
2006,4,19,22,23.07,29.09,0.0,0.0,0.0,306.3,3.35,336.0,1003.93,
2006,4,19,23,22.26,31.63,0.0,0.0,0.0,307.12,3.19,340.0,1003.73,
2006,4,20,0,21.45,34.18,0.0,0.0,0.0,307.93,3.03,344.0,1003.53,
2006,4,20,1,20.64,36.72,0.0,0.0,0.0,308.75,2.87,348.0,1003.33,
2006,4,20,2,20.26,39.08,0.0,0.0,0.0,310.4,2.56,354.0,1003.17,
2006,4,20,3,19.89,41.45,0.0,0.0,0.0,312.05,2.24,360.0,1003.0,
2006,4,20,4,19.51,43.81,0.0,0.0,0.0,313.7,1.93,6.0,1002.84,
2006,4,20,5,21.49,38.45,0.0,0.0,0.0,316.2,1.62,360.0,1003.2,
2006,4,20,6,23.47,33.1,82.0,129.22,62.0,318.7,1.31,354.0,1003.56,
2006,4,20,7,25.45,27.74,313.0,448.35,143.0,321.2,0.99,348.0,1003.93,
2006,4,20,8,28.35,22.11,559.0,656.1,176.0,326.15,1.17,340.0,1003.83,
2006,4,20,9,31.26,16.47,764.0,740.78,205.0,331.1,1.35,333.0,1003.73,
2006,4,20,10,34.16,10.84,926.0,815.84,208.0,336.05,1.53,325.0,1003.63,
2006,4,20,11,35.08,10.1,1020.0,854.35,207.0,334.1,1.91,322.0,1002.87,
2006,4,20,12,35.99,9.35,1036.0,857.59,209.0,332.15,2.29,319.0,1002.11,
2006,4,20,13,36.91,8.61,983.0,860.06,194.0,330.2,2.66,316.0,1001.35,
2006,4,20,14,36.38,8.88,854.0,823.15,184.0,327.62,3.03,317.0,1001.02,
2006,4,20,15,35.86,9.15,656.0,718.5,181.0,325.03,3.41,318.0,1000.69,
2006,4,20,16,35.33,9.42,444.0,669.18,130.0,322.45,3.78,320.0,1000.36,
2006,4,20,17,32.96,12.09,204.0,485.23,82.0,319.13,3.95,319.0,1000.82,
2006,4,20,18,30.58,14.76,0.0,0.0,0.0,315.82,4.13,318.0,1001.28,
2006,4,20,19,28.21,17.43,0.0,0.0,0.0,312.5,4.3,318.0,1001.74,
2006,4,20,20,27.34,18.03,0.0,0.0,0.0,311.67,4.45,322.0,1002.08,
2006,4,20,21,26.46,18.64,0.0,0.0,0.0,310.83,4.59,327.0,1002.41,
2006,4,20,22,25.59,19.24,0.0,0.0,0.0,310.0,4.73,332.0,1002.74,
2006,4,20,23,24.89,20.31,0.0,0.0,0.0,311.25,4.65,337.0,1002.67,
2006,4,21,0,24.18,21.38,0.0,0.0,0.0,312.5,4.57,343.0,1002.6,
2006,4,21,1,23.48,22.45,0.0,0.0,0.0,313.75,4.5,348.0,1002.54,
2006,4,21,2,22.48,25.15,0.0,0.0,0.0,313.08,4.17,352.0,1002.51,
2006,4,21,3,21.49,27.85,0.0,0.0,0.0,312.42,3.85,356.0,1002.47,
2006,4,21,4,20.49,30.55,0.0,0.0,0.0,311.75,3.53,359.0,1002.44,
2006,4,21,5,21.99,29.09,0.0,0.0,0.0,313.68,3.32,358.0,1003.1,
2006,4,21,6,23.49,27.63,89.0,164.43,63.0,315.62,3.11,357.0,1003.76,
2006,4,21,7,24.99,26.17,334.0,539.0,128.0,317.55,2.9,355.0,1004.42,
2006,4,21,8,27.56,22.83,575.0,711.09,158.0,324.92,3.03,354.0,1004.36,
2006,4,21,9,30.14,19.48,784.0,801.94,177.0,332.28,3.17,353.0,1004.29,
2006,4,21,10,32.72,16.14,939.0,848.03,191.0,339.65,3.31,352.0,1004.23,
2006,4,21,11,33.92,13.95,1034.0,887.46,188.0,341.1,3.31,349.0,1003.43,
2006,4,21,12,35.13,11.77,1044.0,874.95,199.0,342.55,3.32,347.0,1002.64,
2006,4,21,13,36.33,9.58,979.0,843.62,204.0,344.0,3.32,344.0,1001.84,
2006,4,21,14,35.87,9.77,851.0,808.42,192.0,340.1,3.2,344.0,1001.38,
2006,4,21,15,35.42,9.97,673.0,776.04,159.0,336.2,3.09,344.0,1000.92,
2006,4,21,16,34.97,10.16,443.0,656.62,134.0,332.3,2.97,344.0,1000.45,
2006,4,21,17,32.69,13.59,210.0,525.72,77.0,328.38,3.22,343.0,1000.72,
2006,4,21,18,30.4,17.03,0.0,0.0,0.0,324.47,3.48,342.0,1000.98,
2006,4,21,19,28.12,20.46,0.0,0.0,0.0,320.55,3.74,341.0,1001.25,
2006,4,21,20,26.98,21.54,0.0,0.0,0.0,318.9,3.71,348.0,1001.55,
2006,4,21,21,25.84,22.63,0.0,0.0,0.0,317.25,3.68,355.0,1001.84,
2006,4,21,22,24.7,23.71,0.0,0.0,0.0,315.6,3.66,3.0,1002.14,
2006,4,21,23,23.53,26.38,0.0,0.0,0.0,315.5,3.39,8.0,1001.91,
2006,4,22,0,22.35,29.06,0.0,0.0,0.0,315.4,3.12,13.0,1001.68,
2006,4,22,1,21.18,31.73,0.0,0.0,0.0,315.3,2.86,18.0,1001.45,
2006,4,22,2,21.08,34.18,0.0,0.0,0.0,316.9,2.64,26.0,1001.51,
2006,4,22,3,20.98,36.64,0.0,0.0,0.0,318.5,2.42,34.0,1001.58,
2006,4,22,4,20.88,39.09,0.0,0.0,0.0,320.1,2.21,42.0,1001.65,
2006,4,22,5,23.07,33.9,0.0,0.0,0.0,324.07,2.07,61.0,1002.01,
2006,4,22,6,25.26,28.7,56.0,18.59,53.0,328.03,1.93,80.0,1002.37,
2006,4,22,7,27.45,23.51,263.0,220.7,178.0,332.0,1.79,98.0,1002.74,
2006,4,22,8,30.73,19.04,496.0,417.64,250.0,338.13,2.78,109.0,1002.41,
2006,4,22,9,34.01,14.58,715.0,579.58,275.0,344.27,3.76,120.0,1002.08,
2006,4,22,10,37.29,10.11,872.0,653.88,294.0,350.4,4.74,131.0,1001.74,
2006,4,22,11,38.17,9.35,966.0,699.55,298.0,350.82,4.32,136.0,1000.85,
2006,4,22,12,39.04,8.58,992.0,732.03,284.0,351.23,3.89,141.0,999.96,
2006,4,22,13,39.92,7.82,952.0,765.29,248.0,351.65,3.46,146.0,999.07,
2006,4,22,14,39.34,8.14,837.0,761.92,215.0,346.4,2.87,164.0,998.7,
2006,4,22,15,38.77,8.47,655.0,703.78,188.0,341.15,2.28,181.0,998.34,
2006,4,22,16,38.2,8.79,434.0,608.13,147.0,335.9,1.68,199.0,997.97,
2006,4,22,17,37.12,9.83,194.0,392.85,94.0,329.97,1.64,213.0,998.24,
2006,4,22,18,36.04,10.88,0.0,0.0,0.0,324.03,1.6,228.0,998.5,
2006,4,22,19,34.96,11.92,0.0,0.0,0.0,318.1,1.56,242.0,998.77,
2006,4,22,20,32.01,13.67,0.0,0.0,0.0,319.48,1.46,225.0,998.73,
2006,4,22,21,29.05,15.41,0.0,0.0,0.0,320.87,1.36,208.0,998.7,
2006,4,22,22,26.1,17.16,0.0,0.0,0.0,322.25,1.26,190.0,998.67,
2006,4,22,23,25.27,22.12,0.0,0.0,0.0,323.83,1.59,200.0,998.34,
2006,4,23,0,24.45,27.08,0.0,0.0,0.0,325.42,1.92,209.0,998.01,
2006,4,23,1,23.62,32.04,0.0,0.0,0.0,327.0,2.25,218.0,997.68,
2006,4,23,2,23.31,28.72,0.0,0.0,0.0,326.13,3.02,250.0,998.3,
2006,4,23,3,22.99,25.39,0.0,0.0,0.0,325.27,3.78,281.0,998.93,
2006,4,23,4,22.68,22.07,0.0,0.0,0.0,324.4,4.55,312.0,999.56,
2006,4,23,5,23.14,23.38,0.0,0.0,0.0,325.02,4.91,315.0,1000.42,
2006,4,23,6,23.6,24.69,68.0,42.52,61.0,325.63,5.27,317.0,1001.28,
2006,4,23,7,24.07,26.0,277.0,262.87,175.0,326.25,5.63,320.0,1002.14,
2006,4,23,8,25.75,23.74,518.0,480.08,234.0,329.9,6.06,316.0,1002.14,
2006,4,23,9,27.44,21.47,726.0,605.5,265.0,333.55,6.48,313.0,1002.14,
2006,4,23,10,29.13,19.21,889.0,695.41,273.0,337.2,6.91,309.0,1002.14,
2006,4,23,11,29.94,17.22,1002.0,790.4,246.0,338.27,7.1,307.0,1001.51,
2006,4,23,12,30.75,15.24,1028.0,826.0,228.0,339.33,7.29,304.0,1000.88,
2006,4,23,13,31.56,13.25,975.0,827.25,213.0,340.4,7.48,301.0,1000.26,
2006,4,23,14,30.35,13.68,857.0,823.22,184.0,334.22,7.48,302.0,1000.45,
2006,4,23,15,29.15,14.1,675.0,776.21,159.0,328.03,7.48,304.0,1000.65,
2006,4,23,16,27.95,14.53,443.0,646.55,137.0,321.85,7.48,305.0,1000.85,
2006,4,23,17,26.38,17.55,206.0,472.46,85.0,316.85,6.89,308.0,1001.58,
2006,4,23,18,24.8,20.56,0.0,0.0,0.0,311.85,6.3,311.0,1002.31,
2006,4,23,19,23.23,23.58,0.0,0.0,0.0,306.85,5.71,314.0,1003.03,
2006,4,23,20,22.32,26.52,0.0,0.0,0.0,304.55,5.43,316.0,1003.33,
2006,4,23,21,21.4,29.47,0.0,0.0,0.0,302.25,5.16,318.0,1003.63,
2006,4,23,22,20.49,32.41,0.0,0.0,0.0,299.95,4.88,320.0,1003.93,
2006,4,23,23,19.84,35.14,0.0,0.0,0.0,299.28,4.6,320.0,1003.66,
2006,4,24,0,19.18,37.88,0.0,0.0,0.0,298.62,4.32,320.0,1003.4,
2006,4,24,1,18.53,40.61,0.0,0.0,0.0,297.95,4.04,320.0,1003.13,
2006,4,24,2,18.17,43.03,0.0,0.0,0.0,299.07,3.97,322.0,1003.17,
2006,4,24,3,17.82,45.44,0.0,0.0,0.0,300.18,3.9,325.0,1003.2,
2006,4,24,4,17.46,47.86,0.0,0.0,0.0,301.3,3.83,327.0,1003.23,
2006,4,24,5,18.64,45.31,0.0,0.0,0.0,303.73,4.17,327.0,1003.73,
2006,4,24,6,19.82,42.76,118.0,351.67,59.0,306.17,4.51,327.0,1004.23,
2006,4,24,7,21.0,40.21,354.0,611.48,115.0,308.6,4.84,326.0,1004.72,
2006,4,24,8,22.53,34.55,587.0,727.23,155.0,312.68,5.48,324.0,1004.62,
2006,4,24,9,24.07,28.89,791.0,802.92,178.0,316.77,6.12,321.0,1004.52,
2006,4,24,10,25.61,23.23,933.0,816.8,208.0,320.85,6.76,318.0,1004.42,
2006,4,24,11,26.57,20.68,974.0,715.04,289.0,320.3,6.75,316.0,1003.73,
2006,4,24,12,27.54,18.13,988.0,717.66,292.0,319.75,6.75,314.0,1003.03,
2006,4,24,13,28.5,15.58,954.0,764.39,249.0,319.2,6.74,312.0,1002.34,
2006,4,24,14,27.91,15.31,844.0,778.1,207.0,316.65,6.72,309.0,1002.27,
2006,4,24,15,27.32,15.03,653.0,690.73,193.0,314.1,6.7,306.0,1002.21,
2006,4,24,16,26.73,14.76,442.0,634.19,141.0,311.55,6.68,303.0,1002.14,
2006,4,24,17,25.23,16.94,206.0,461.84,87.0,309.27,5.95,305.0,1002.57,
2006,4,24,18,23.72,19.13,0.0,0.0,0.0,306.98,5.22,308.0,1003.0,
2006,4,24,19,22.22,21.31,0.0,0.0,0.0,304.7,4.5,310.0,1003.43,
2006,4,24,20,21.31,23.39,0.0,0.0,0.0,303.28,4.28,312.0,1003.53,
2006,4,24,21,20.39,25.47,0.0,0.0,0.0,301.87,4.06,315.0,1003.63,
2006,4,24,22,19.48,27.55,0.0,0.0,0.0,300.45,3.83,317.0,1003.73,
2006,4,24,23,18.95,29.47,0.0,0.0,0.0,299.48,3.79,317.0,1003.23,
2006,4,25,0,18.43,31.4,0.0,0.0,0.0,298.52,3.74,317.0,1002.74,
2006,4,25,1,17.9,33.32,0.0,0.0,0.0,297.55,3.7,317.0,1002.24,
2006,4,25,2,17.26,35.17,0.0,0.0,0.0,296.88,3.76,318.0,1002.54,
2006,4,25,3,16.61,37.01,0.0,0.0,0.0,296.22,3.83,320.0,1002.84,
2006,4,25,4,15.97,38.86,0.0,0.0,0.0,295.55,3.89,321.0,1003.13,
2006,4,25,5,17.22,36.47,0.0,0.0,0.0,298.57,4.17,321.0,1003.37,
2006,4,25,6,18.47,34.08,89.0,117.05,69.0,301.58,4.44,320.0,1003.6,
2006,4,25,7,19.72,31.69,325.0,444.61,150.0,304.6,4.72,320.0,1003.83,
2006,4,25,8,21.46,27.16,566.0,635.44,187.0,308.05,5.37,316.0,1003.56,
2006,4,25,9,23.2,22.64,780.0,758.96,199.0,311.5,6.03,313.0,1003.3,
2006,4,25,10,24.94,18.11,935.0,816.34,209.0,314.95,6.69,310.0,1003.03,
2006,4,25,11,26.02,16.46,1028.0,854.65,208.0,314.82,7.03,309.0,1002.41,
2006,4,25,12,27.1,14.82,1030.0,825.88,228.0,314.68,7.38,308.0,1001.78,
2006,4,25,13,28.18,13.17,938.0,720.13,273.0,314.55,7.72,308.0,1001.15,
2006,4,25,14,27.67,13.3,864.0,839.25,176.0,313.22,7.46,309.0,1000.95,
2006,4,25,15,27.17,13.44,677.0,776.45,159.0,311.88,7.2,310.0,1000.75,
2006,4,25,16,26.66,13.57,453.0,684.95,127.0,310.55,6.94,312.0,1000.55,
2006,4,25,17,25.02,16.21,210.0,482.21,85.0,307.32,6.04,313.0,1000.95,
2006,4,25,18,23.37,18.84,0.0,0.0,0.0,304.08,5.14,314.0,1001.35,
2006,4,25,19,21.73,21.48,0.0,0.0,0.0,300.85,4.25,315.0,1001.74,
2006,4,25,20,20.76,24.34,0.0,0.0,0.0,299.1,4.03,318.0,1001.91,
2006,4,25,21,19.8,27.2,0.0,0.0,0.0,297.35,3.81,320.0,1002.08,
2006,4,25,22,18.83,30.06,0.0,0.0,0.0,295.6,3.59,322.0,1002.24,
2006,4,25,23,18.25,32.8,0.0,0.0,0.0,294.98,3.51,325.0,1001.81,
2006,4,26,0,17.66,35.55,0.0,0.0,0.0,294.37,3.44,328.0,1001.38,
2006,4,26,1,17.08,38.29,0.0,0.0,0.0,293.75,3.37,331.0,1000.95,
2006,4,26,2,16.56,40.64,0.0,0.0,0.0,293.33,3.25,334.0,1001.28,
2006,4,26,3,16.04,43.0,0.0,0.0,0.0,292.92,3.14,336.0,1001.61,
2006,4,26,4,15.52,45.35,0.0,0.0,0.0,292.5,3.02,338.0,1001.94,
2006,4,26,5,16.97,42.18,0.0,0.0,0.0,295.17,2.9,342.0,1002.51,
2006,4,26,6,18.41,39.02,126.0,379.57,60.0,297.83,2.77,346.0,1003.07,
2006,4,26,7,19.86,35.85,358.0,605.61,118.0,300.5,2.65,350.0,1003.63,
2006,4,26,8,21.67,30.55,604.0,784.95,134.0,304.43,2.75,348.0,1003.66,
2006,4,26,9,23.49,25.26,804.0,835.17,163.0,308.37,2.85,347.0,1003.7,
2006,4,26,10,25.31,19.96,953.0,865.31,182.0,312.3,2.95,345.0,1003.73,
2006,4,26,11,26.47,17.61,1041.0,887.74,188.0,310.37,3.0,339.0,1003.0,
2006,4,26,12,27.63,15.26,1049.0,874.21,199.0,308.43,3.05,334.0,1002.27,
2006,4,26,13,28.79,12.91,995.0,876.1,185.0,306.5,3.1,328.0,1001.55,
2006,4,26,14,28.31,12.69,870.0,855.2,168.0,302.3,3.35,322.0,1001.35,
2006,4,26,15,27.84,12.47,682.0,791.55,153.0,298.1,3.6,317.0,1001.15,
2006,4,26,16,27.36,12.25,454.0,685.14,127.0,293.9,3.85,311.0,1000.95,
2006,4,26,17,25.38,15.89,213.0,494.66,84.0,291.22,3.71,313.0,1001.45,
2006,4,26,18,23.39,19.54,0.0,0.0,0.0,288.53,3.56,315.0,1001.94,
2006,4,26,19,21.41,23.18,0.0,0.0,0.0,285.85,3.42,317.0,1002.44,
2006,4,26,20,20.35,25.77,0.0,0.0,0.0,284.67,3.35,323.0,1002.7,
2006,4,26,21,19.3,28.37,0.0,0.0,0.0,283.48,3.28,329.0,1002.97,
2006,4,26,22,18.24,30.96,0.0,0.0,0.0,282.3,3.21,335.0,1003.23,
2006,4,26,23,17.36,34.22,0.0,0.0,0.0,282.97,3.04,342.0,1002.94,
2006,4,27,0,16.47,37.49,0.0,0.0,0.0,283.63,2.87,349.0,1002.64,
2006,4,27,1,15.59,40.75,0.0,0.0,0.0,284.3,2.7,356.0,1002.34,
2006,4,27,2,15.15,43.22,0.0,0.0,0.0,285.57,2.48,6.0,1002.47,
2006,4,27,3,14.71,45.68,0.0,0.0,0.0,286.83,2.26,15.0,1002.6,
2006,4,27,4,14.27,48.15,0.0,0.0,0.0,288.1,2.04,25.0,1002.74,
2006,4,27,5,16.48,41.18,0.0,0.0,0.0,292.05,1.71,40.0,1003.2,
2006,4,27,6,18.69,34.22,128.0,384.54,60.0,296.0,1.38,56.0,1003.66,
2006,4,27,7,20.9,27.25,363.0,619.19,116.0,299.95,1.05,71.0,1004.13,
2006,4,27,8,23.5,22.7,594.0,730.41,155.0,305.3,1.52,96.0,1003.93,
2006,4,27,9,26.11,18.15,783.0,759.0,199.0,310.65,1.99,121.0,1003.73,
2006,4,27,10,28.71,13.6,922.0,770.76,234.0,316.0,2.46,146.0,1003.53,
2006,4,27,11,29.98,12.22,1013.0,806.47,237.0,315.5,2.21,158.0,1002.77,
2006,4,27,12,31.26,10.83,1032.0,824.88,229.0,315.0,1.97,170.0,1002.01,
2006,4,27,13,32.53,9.45,979.0,827.55,213.0,314.5,1.72,182.0,1001.25,
2006,4,27,14,32.06,9.23,856.0,807.85,192.0,309.58,1.39,215.0,1001.05,
2006,4,27,15,31.6,9.0,679.0,776.75,159.0,304.67,1.05,248.0,1000.85,
2006,4,27,16,31.14,8.78,453.0,672.81,131.0,299.75,0.72,280.0,1000.65,
2006,4,27,17,29.6,9.44,213.0,484.1,86.0,296.57,0.63,327.0,1000.82,
2006,4,27,18,28.07,10.09,0.0,0.0,0.0,293.38,0.55,13.0,1000.98,
2006,4,27,19,26.53,10.75,0.0,0.0,0.0,290.2,0.47,59.0,1001.15,
2006,4,27,20,24.89,15.23,0.0,0.0,0.0,295.75,1.03,69.0,1001.28,
2006,4,27,21,23.26,19.7,0.0,0.0,0.0,301.3,1.6,79.0,1001.41,
2006,4,27,22,21.62,24.18,0.0,0.0,0.0,306.85,2.17,90.0,1001.55,
2006,4,27,23,21.66,25.37,0.0,0.0,0.0,316.48,2.48,96.0,1000.95,
2006,4,28,0,21.69,26.55,0.0,0.0,0.0,326.12,2.79,103.0,1000.36,
2006,4,28,1,21.73,27.74,0.0,0.0,0.0,335.75,3.1,109.0,999.76,
2006,4,28,2,20.73,32.84,0.0,0.0,0.0,329.0,2.95,105.0,999.93,
2006,4,28,3,19.74,37.93,0.0,0.0,0.0,322.25,2.79,101.0,1000.09,
2006,4,28,4,18.74,43.03,0.0,0.0,0.0,315.5,2.63,97.0,1000.26,
2006,4,28,5,21.0,37.83,0.0,0.0,0.0,321.23,2.54,101.0,1000.45,
2006,4,28,6,23.25,32.63,85.0,77.9,71.0,326.97,2.45,105.0,1000.65,
2006,4,28,7,25.51,27.43,255.0,166.89,188.0,332.7,2.36,110.0,1000.85,
2006,4,28,8,28.44,22.14,87.0,0.0,87.0,341.45,2.96,122.0,1000.59,
2006,4,28,9,31.37,16.85,172.0,0.0,172.0,350.2,3.56,134.0,1000.32,
2006,4,28,10,34.3,11.56,287.0,0.0,287.0,358.95,4.17,146.0,1000.06,
2006,4,28,11,35.64,10.46,868.0,467.03,418.0,359.9,4.05,156.0,999.23,
2006,4,28,12,36.97,9.36,962.0,645.39,333.0,360.85,3.94,166.0,998.4,
2006,4,28,13,38.31,8.26,941.0,719.78,274.0,361.8,3.82,176.0,997.58,
2006,4,28,14,37.82,8.45,626.0,256.39,415.0,358.77,3.77,178.0,997.28,
2006,4,28,15,37.33,8.65,509.0,274.38,325.0,355.73,3.71,180.0,996.98,
2006,4,28,16,36.84,8.84,252.0,66.68,220.0,352.7,3.66,182.0,996.68,
2006,4,28,17,34.35,11.45,226.0,579.75,73.0,345.73,3.71,175.0,996.78,
2006,4,28,18,31.87,14.05,0.0,0.0,0.0,338.77,3.77,167.0,996.88,
2006,4,28,19,29.38,16.66,0.0,0.0,0.0,331.8,3.83,160.0,996.98,
2006,4,28,20,28.62,17.47,0.0,0.0,0.0,329.42,3.79,159.0,996.98,
2006,4,28,21,27.85,18.27,0.0,0.0,0.0,327.03,3.75,158.0,996.98,
2006,4,28,22,27.09,19.08,0.0,0.0,0.0,324.65,3.71,157.0,996.98,
2006,4,28,23,26.63,20.6,0.0,0.0,0.0,326.03,3.43,161.0,996.65,
2006,4,29,0,26.18,22.13,0.0,0.0,0.0,327.42,3.15,166.0,996.32,
2006,4,29,1,25.72,23.65,0.0,0.0,0.0,328.8,2.87,171.0,995.99,
2006,4,29,2,24.33,21.86,0.0,0.0,0.0,327.75,2.1,207.0,996.49,
2006,4,29,3,22.95,20.07,0.0,0.0,0.0,326.7,1.33,244.0,996.98,
2006,4,29,4,21.56,18.28,0.0,0.0,0.0,325.65,0.57,280.0,997.48,
2006,4,29,5,23.65,19.33,0.0,0.0,0.0,332.45,0.77,314.0,998.11,
2006,4,29,6,25.74,20.38,19.0,0.0,19.0,339.25,0.97,348.0,998.73,
2006,4,29,7,27.83,21.43,282.0,240.14,185.0,346.05,1.17,22.0,999.36,
2006,4,29,8,30.7,17.23,511.0,421.24,256.0,354.13,1.42,20.0,999.33,
2006,4,29,9,33.58,13.02,702.0,509.65,308.0,362.22,1.66,17.0,999.3,
2006,4,29,10,36.46,8.82,797.0,455.52,389.0,370.3,1.9,14.0,999.26,
2006,4,29,11,36.92,8.51,875.0,478.86,413.0,376.52,2.01,358.0,998.8,
2006,4,29,12,37.39,8.19,571.0,75.84,497.0,382.73,2.12,342.0,998.34,
2006,4,29,13,37.85,7.88,593.0,118.58,483.0,388.95,2.23,326.0,997.87,
2006,4,29,14,36.51,9.8,631.0,264.56,413.0,386.6,3.09,327.0,998.01,
2006,4,29,15,35.18,11.71,590.0,470.44,274.0,384.25,3.94,328.0,998.14,
2006,4,29,16,33.85,13.63,159.0,2.08,158.0,381.9,4.8,329.0,998.27,
2006,4,29,17,32.5,15.32,105.0,22.6,99.0,381.8,4.76,332.0,998.8,
2006,4,29,18,31.14,17.02,0.0,0.0,0.0,381.7,4.73,335.0,999.33,
2006,4,29,19,29.79,18.71,0.0,0.0,0.0,381.6,4.69,337.0,999.86,
2006,4,29,20,28.95,19.79,0.0,0.0,0.0,380.13,4.38,341.0,999.99,
2006,4,29,21,28.11,20.88,0.0,0.0,0.0,378.67,4.07,345.0,1000.12,
2006,4,29,22,27.27,21.96,0.0,0.0,0.0,377.2,3.77,349.0,1000.26,
2006,4,29,23,26.5,23.78,0.0,0.0,0.0,377.5,3.54,350.0,1000.06,
2006,4,30,0,25.72,25.6,0.0,0.0,0.0,377.8,3.31,351.0,999.86,
2006,4,30,1,24.95,27.42,0.0,0.0,0.0,378.1,3.08,353.0,999.66,
2006,4,30,2,23.89,32.07,0.0,0.0,0.0,372.95,2.8,358.0,999.89,
2006,4,30,3,22.83,36.71,0.0,0.0,0.0,367.8,2.53,3.0,1000.12,
2006,4,30,4,21.77,41.36,0.0,0.0,0.0,362.65,2.26,8.0,1000.36,
2006,4,30,5,23.32,36.35,0.0,0.0,0.0,369.15,2.03,16.0,1001.02,
2006,4,30,6,24.87,31.35,12.0,0.0,12.0,375.65,1.79,23.0,1001.68,
2006,4,30,7,26.43,26.34,79.0,0.0,79.0,382.15,1.56,30.0,1002.34,
2006,4,30,8,28.69,22.26,139.0,0.0,139.0,387.5,1.92,56.0,1002.41,
2006,4,30,9,30.96,18.17,103.0,0.0,103.0,392.85,2.28,81.0,1002.47,
2006,4,30,10,33.22,14.09,161.0,0.0,161.0,398.2,2.63,107.0,1002.54,
2006,4,30,11,34.03,14.14,207.0,0.0,207.0,397.47,2.49,112.0,1001.81,
2006,4,30,12,34.85,14.2,723.0,218.07,510.0,396.73,2.34,117.0,1001.08,
2006,4,30,13,35.66,14.25,864.0,530.87,371.0,396.0,2.19,122.0,1000.36,
2006,4,30,14,34.99,13.45,675.0,341.82,393.0,385.9,2.57,86.0,1000.12,
2006,4,30,15,34.33,12.65,451.0,166.46,339.0,375.8,2.95,49.0,999.89,
2006,4,30,16,33.67,11.85,274.0,95.33,228.0,365.7,3.32,13.0,999.66,
2006,4,30,17,31.99,14.75,209.0,426.92,95.0,361.85,3.41,10.0,1000.12,
2006,4,30,18,28.43,19.4,1.0,24.35,0.0,372.11,3.32,7.0,1000.59,
2006,4,30,19,27.67,20.79,0.0,0.0,0.0,366.67,3.36,5.0,1001.05,
2006,4,30,20,26.91,22.18,0.0,0.0,0.0,361.22,3.4,10.0,1001.35,
2006,4,30,21,26.15,23.57,0.0,0.0,0.0,355.78,3.45,16.0,1001.65,
2006,4,30,22,25.39,24.97,0.0,0.0,0.0,350.34,3.49,21.0,1001.94,
2006,4,30,23,24.63,26.36,0.0,0.0,0.0,344.9,3.53,28.0,1001.74,
2008,5,1,0,23.87,27.75,0.0,0.0,0.0,339.46,3.58,34.0,1001.55,
2008,5,1,1,23.11,29.14,0.0,0.0,0.0,334.02,3.62,40.0,1001.35,
2008,5,1,2,22.35,30.53,0.0,0.0,0.0,328.58,3.66,348.0,1004.89,
2008,5,1,3,21.59,31.93,0.0,0.0,0.0,323.13,3.71,354.0,1005.15,
2008,5,1,4,20.83,33.32,0.0,0.0,0.0,317.69,3.75,359.0,1005.42,
2008,5,1,5,20.07,34.71,0.0,0.0,0.0,312.25,3.8,360.0,1006.01,
2008,5,1,6,19.31,36.1,144.0,446.91,60.0,306.81,3.84,0.0,1006.61,
2008,5,1,7,18.55,37.5,391.0,734.09,91.0,301.37,3.88,1.0,1007.2,
2008,5,1,8,17.79,38.89,620.0,805.71,129.0,295.93,3.93,354.0,1007.07,
2008,5,1,9,17.03,40.28,818.0,853.86,155.0,290.49,3.97,347.0,1006.94,
2008,5,1,10,24.06,23.89,961.0,867.01,182.0,313.2,4.65,340.0,1006.81,
2008,5,1,11,25.0,21.63,1047.0,888.18,188.0,312.57,4.91,337.0,1006.24,
2008,5,1,12,25.95,19.37,1054.0,875.47,198.0,311.93,5.18,335.0,1005.68,
2008,5,1,13,26.89,17.11,1005.0,892.84,175.0,311.3,5.45,332.0,1005.12,
2008,5,1,14,26.5,16.34,870.0,840.21,176.0,308.38,5.47,332.0,1004.85,
2008,5,1,15,26.12,15.57,687.0,792.37,153.0,305.47,5.49,333.0,1004.59,
2008,5,1,16,25.74,14.8,466.0,715.15,120.0,302.55,5.52,333.0,1004.32,
2008,5,1,17,24.36,16.3,224.0,528.68,82.0,300.7,5.29,332.0,1004.99,
2008,5,1,18,22.97,17.81,2.0,0.0,2.0,298.85,5.06,330.0,1005.65,
2008,5,1,19,21.59,19.31,0.0,0.0,0.0,297.0,4.83,329.0,1006.31,
2008,5,1,20,20.84,20.45,0.0,0.0,0.0,296.42,4.83,333.0,1006.57,
2008,5,1,21,20.09,21.6,0.0,0.0,0.0,295.83,4.83,336.0,1006.84,
2008,5,1,22,19.34,22.74,0.0,0.0,0.0,295.25,4.83,340.0,1007.1,
2008,5,1,23,18.81,24.61,0.0,0.0,0.0,294.45,4.72,344.0,1006.97,
2008,5,2,0,18.29,26.49,0.0,0.0,0.0,293.65,4.62,348.0,1006.84,
2008,5,2,1,17.76,28.36,0.0,0.0,0.0,292.85,4.51,352.0,1006.71,
2008,5,2,2,17.37,31.02,0.0,0.0,0.0,292.2,4.57,355.0,1006.81,
2008,5,2,3,16.98,33.69,0.0,0.0,0.0,291.55,4.62,358.0,1006.9,
2008,5,2,4,16.59,36.35,0.0,0.0,0.0,290.9,4.68,2.0,1007.0,
2008,5,2,5,18.0,35.24,0.0,0.0,0.0,293.35,4.99,4.0,1007.47,
2008,5,2,6,19.41,34.12,123.0,257.13,74.0,295.8,5.3,7.0,1007.93,
2008,5,2,7,20.82,33.01,341.0,457.49,153.0,298.25,5.61,10.0,1008.39,
2008,5,2,8,23.03,28.09,588.0,678.86,173.0,303.63,5.78,9.0,1008.1,
2008,5,2,9,25.25,23.18,786.0,753.14,200.0,309.02,5.95,9.0,1007.8,
2008,5,2,10,27.46,18.26,940.0,813.5,208.0,314.4,6.12,8.0,1007.5,
2008,5,2,11,28.5,16.42,1025.0,835.52,216.0,316.82,6.17,5.0,1006.74,
2008,5,2,12,29.55,14.57,1020.0,791.84,245.0,319.23,6.23,2.0,1005.98,
2008,5,2,13,30.59,12.73,955.0,761.92,246.0,321.65,6.28,358.0,1005.22,
2008,5,2,14,30.16,12.4,821.0,698.96,243.0,318.87,6.07,357.0,1004.89,
2008,5,2,15,29.72,12.07,636.0,616.28,220.0,316.08,5.87,355.0,1004.56,
2008,5,2,16,29.29,11.74,425.0,527.72,169.0,313.3,5.67,353.0,1004.23,
2008,5,2,17,27.53,13.49,201.0,362.75,103.0,310.87,5.55,352.0,1004.72,
2008,5,2,18,25.77,15.24,4.0,0.0,4.0,308.43,5.44,351.0,1005.22,
2008,5,2,19,24.01,16.99,0.0,0.0,0.0,306.0,5.32,349.0,1005.71,
2008,5,2,20,23.13,18.53,0.0,0.0,0.0,305.05,5.42,353.0,1006.01,
2008,5,2,21,22.26,20.08,0.0,0.0,0.0,304.1,5.52,356.0,1006.31,
2008,5,2,22,21.38,21.62,0.0,0.0,0.0,303.15,5.61,0.0,1006.61,
2008,5,2,23,20.68,23.9,0.0,0.0,0.0,301.87,5.39,1.0,1006.41,
2008,5,3,0,19.98,26.17,0.0,0.0,0.0,300.58,5.16,2.0,1006.21,
2008,5,3,1,19.29,28.45,0.0,0.0,0.0,299.3,4.94,2.0,1006.01,
2008,5,3,2,18.77,29.59,0.0,0.0,0.0,297.22,4.92,3.0,1005.88,
2008,5,3,3,18.25,30.73,0.0,0.0,0.0,295.13,4.9,3.0,1005.75,
2008,5,3,4,17.72,31.87,0.0,0.0,0.0,293.05,4.88,3.0,1005.61,
2008,5,3,5,19.27,28.67,0.0,0.0,0.0,294.02,5.03,3.0,1006.01,
2008,5,3,6,20.82,25.47,121.0,233.05,76.0,294.98,5.18,3.0,1006.41,
2008,5,3,7,22.36,22.27,326.0,384.87,167.0,295.95,5.32,3.0,1006.81,
2008,5,3,8,24.55,19.08,577.0,627.88,192.0,300.78,5.89,2.0,1006.44,
2008,5,3,9,26.73,15.88,703.0,507.95,307.0,305.62,6.46,1.0,1006.08,
2008,5,3,10,28.92,12.69,909.0,723.57,257.0,310.45,7.02,360.0,1005.71,
2008,5,3,11,29.81,11.85,991.0,743.82,270.0,313.23,7.17,359.0,1004.79,
2008,5,3,12,30.71,11.0,1021.0,792.1,245.0,316.02,7.31,357.0,1003.86,
2008,5,3,13,31.6,10.16,934.0,703.22,279.0,318.8,7.46,356.0,1002.94,
2008,5,3,14,31.11,9.99,822.0,699.37,243.0,317.27,7.22,354.0,1002.41,
2008,5,3,15,30.62,9.81,641.0,630.09,215.0,315.73,6.98,352.0,1001.88,
2008,5,3,16,30.13,9.64,422.0,507.82,175.0,314.2,6.74,350.0,1001.35,
2008,5,3,17,28.36,10.98,188.0,283.38,111.0,312.7,6.35,349.0,1001.68,
2008,5,3,18,26.59,12.31,11.0,21.41,10.0,311.2,5.96,348.0,1002.01,
2008,5,3,19,24.82,13.65,0.0,0.0,0.0,309.7,5.57,346.0,1002.34,
2008,5,3,20,23.93,14.83,0.0,0.0,0.0,308.85,5.52,349.0,1002.51,
2008,5,3,21,23.04,16.01,0.0,0.0,0.0,308.0,5.46,352.0,1002.67,
2008,5,3,22,22.15,17.19,0.0,0.0,0.0,307.15,5.41,356.0,1002.84,
2008,5,3,23,21.42,19.03,0.0,0.0,0.0,307.22,5.1,357.0,1002.57,
2008,5,4,0,20.69,20.88,0.0,0.0,0.0,307.28,4.8,358.0,1002.31,
2008,5,4,1,19.97,22.72,0.0,0.0,0.0,307.35,4.5,359.0,1002.04,
2008,5,4,2,19.32,24.26,0.0,0.0,0.0,308.4,4.28,359.0,1001.98,
2008,5,4,3,18.67,25.81,0.0,0.0,0.0,309.45,4.06,358.0,1001.91,
2008,5,4,4,18.01,27.35,0.0,0.0,0.0,310.5,3.85,358.0,1001.84,
2008,5,4,5,19.48,25.44,0.0,0.0,0.0,311.8,3.91,359.0,1002.17,
2008,5,4,6,20.94,23.54,53.0,5.11,52.0,313.1,3.97,0.0,1002.51,
2008,5,4,7,22.4,21.63,320.0,354.01,173.0,314.4,4.03,1.0,1002.84,
2008,5,4,8,24.76,18.21,589.0,666.71,179.0,315.68,4.26,0.0,1002.64,
2008,5,4,9,27.11,14.79,789.0,752.8,201.0,316.97,4.5,359.0,1002.44,
2008,5,4,10,29.47,11.37,905.0,709.3,265.0,318.25,4.73,357.0,1002.24,
2008,5,4,11,30.6,9.91,871.0,469.94,415.0,322.1,5.07,356.0,1001.38,
2008,5,4,12,31.74,8.46,917.0,542.54,385.0,325.95,5.41,355.0,1000.52,
2008,5,4,13,32.87,7.0,673.0,204.87,482.0,329.8,5.75,354.0,999.66,
2008,5,4,14,32.27,7.19,304.0,3.62,301.0,332.4,5.41,354.0,999.2,
2008,5,4,15,31.67,7.37,312.0,26.58,294.0,335.0,5.07,355.0,998.73,
2008,5,4,16,31.08,7.56,184.0,10.25,179.0,337.6,4.73,355.0,998.27,
2008,5,4,17,29.57,8.79,87.0,7.32,85.0,338.98,4.44,352.0,998.6,
2008,5,4,18,28.07,10.01,2.0,0.0,2.0,340.37,4.15,349.0,998.93,
2008,5,4,19,26.56,11.24,0.0,0.0,0.0,341.75,3.86,346.0,999.26,
2008,5,4,20,25.8,11.89,0.0,0.0,0.0,340.2,4.02,347.0,999.53,
2008,5,4,21,25.04,12.54,0.0,0.0,0.0,338.65,4.17,348.0,999.79,
2008,5,4,22,24.28,13.19,0.0,0.0,0.0,337.1,4.33,350.0,1000.06,
2008,5,4,23,23.48,14.51,0.0,0.0,0.0,333.4,4.28,352.0,999.79,
2008,5,5,0,22.68,15.84,0.0,0.0,0.0,329.7,4.22,355.0,999.53,
2008,5,5,1,21.89,17.16,0.0,0.0,0.0,326.0,4.17,357.0,999.26,
2008,5,5,2,21.2,18.35,0.0,0.0,0.0,318.72,3.98,357.0,999.59,
2008,5,5,3,20.52,19.54,0.0,0.0,0.0,311.43,3.8,356.0,999.93,
2008,5,5,4,19.83,20.73,0.0,0.0,0.0,304.15,3.61,356.0,1000.26,
2008,5,5,5,21.74,19.45,0.0,0.0,0.0,306.52,3.6,358.0,1000.88,
2008,5,5,6,23.64,18.17,81.0,40.42,73.0,308.88,3.58,360.0,1001.51,
2008,5,5,7,25.54,16.89,231.0,95.86,191.0,311.25,3.56,2.0,1002.14,
2008,5,5,8,27.79,15.17,537.0,480.0,241.0,319.15,4.06,2.0,1001.88,
2008,5,5,9,30.04,13.45,777.0,710.55,221.0,327.05,4.55,2.0,1001.61,
2008,5,5,10,32.29,11.73,901.0,695.11,273.0,334.95,5.05,1.0,1001.35,
2008,5,5,11,33.17,11.26,1004.0,773.18,253.0,334.52,5.3,358.0,1000.62,
2008,5,5,12,34.04,10.79,1010.0,761.13,263.0,334.08,5.55,355.0,999.89,
2008,5,5,13,34.92,10.32,946.0,731.94,263.0,333.65,5.81,352.0,999.16,
2008,5,5,14,34.45,10.41,823.0,699.03,243.0,331.18,5.68,350.0,999.03,
2008,5,5,15,33.98,10.5,643.0,629.59,216.0,328.72,5.56,348.0,998.9,
2008,5,5,16,33.51,10.59,431.0,539.91,167.0,326.25,5.43,346.0,998.77,
2008,5,5,17,31.52,12.66,203.0,352.91,106.0,324.48,5.03,343.0,999.36,
2008,5,5,18,29.54,14.73,14.0,39.62,12.0,322.72,4.62,341.0,999.96,
2008,5,5,19,27.55,16.8,0.0,0.0,0.0,320.95,4.21,339.0,1000.55,
2008,5,5,20,26.56,18.32,0.0,0.0,0.0,320.05,4.08,343.0,1001.05,
2008,5,5,21,25.57,19.84,0.0,0.0,0.0,319.15,3.96,347.0,1001.55,
2008,5,5,22,24.58,21.36,0.0,0.0,0.0,318.25,3.83,351.0,1002.04,
2008,5,5,23,23.64,23.79,0.0,0.0,0.0,318.77,3.48,357.0,1001.84,
2008,5,6,0,22.69,26.21,0.0,0.0,0.0,319.28,3.13,4.0,1001.65,
2008,5,6,1,21.75,28.64,0.0,0.0,0.0,319.8,2.77,11.0,1001.45,
2008,5,6,2,21.41,29.85,0.0,0.0,0.0,320.15,2.61,18.0,1001.81,
2008,5,6,3,21.07,31.05,0.0,0.0,0.0,320.5,2.44,26.0,1002.17,
2008,5,6,4,20.72,32.26,0.0,0.0,0.0,320.85,2.28,34.0,1002.54,
2008,5,6,5,23.05,28.15,0.0,0.0,0.0,324.07,1.89,50.0,1003.07,
2008,5,6,6,25.38,24.05,111.0,144.82,82.0,327.28,1.5,66.0,1003.6,
2008,5,6,7,27.7,19.94,328.0,372.08,172.0,330.5,1.12,82.0,1004.13,
2008,5,6,8,30.1,17.28,569.0,580.61,210.0,336.93,1.06,107.0,1003.96,
2008,5,6,9,32.51,14.61,774.0,697.85,227.0,343.37,1.01,132.0,1003.8,
2008,5,6,10,34.91,11.95,912.0,724.11,257.0,349.8,0.95,156.0,1003.63,
2008,5,6,11,35.67,10.8,1005.0,773.48,253.0,349.85,1.54,196.0,1002.9,
2008,5,6,12,36.43,9.66,1022.0,792.05,244.0,349.9,2.13,235.0,1002.17,
2008,5,6,13,37.19,8.51,958.0,761.28,247.0,349.95,2.72,275.0,1001.45,
2008,5,6,14,36.84,8.46,829.0,712.73,237.0,346.42,3.0,278.0,1001.18,
2008,5,6,15,36.49,8.41,647.0,643.33,210.0,342.88,3.29,282.0,1000.92,
2008,5,6,16,36.15,8.36,428.0,520.14,173.0,339.35,3.57,286.0,1000.65,
2008,5,6,17,33.6,11.04,205.0,361.77,105.0,333.55,3.29,281.0,1000.88,
2008,5,6,18,31.06,13.72,15.0,38.2,13.0,327.75,3.0,276.0,1001.12,
2008,5,6,19,28.52,16.4,0.0,0.0,0.0,321.95,2.72,271.0,1001.35,
2008,5,6,20,27.32,17.61,0.0,0.0,0.0,321.78,2.6,262.0,1001.48,
2008,5,6,21,26.13,18.83,0.0,0.0,0.0,321.62,2.49,253.0,1001.61,
2008,5,6,22,24.93,20.04,0.0,0.0,0.0,321.45,2.37,244.0,1001.74,
2008,5,6,23,24.07,22.71,0.0,0.0,0.0,322.85,2.44,256.0,1001.35,
2008,5,7,0,23.21,25.39,0.0,0.0,0.0,324.25,2.5,267.0,1000.95,
2008,5,7,1,22.36,28.06,0.0,0.0,0.0,325.65,2.57,279.0,1000.55,
2008,5,7,2,21.83,28.05,0.0,0.0,0.0,325.18,2.58,301.0,1001.25,
2008,5,7,3,21.3,28.05,0.0,0.0,0.0,324.72,2.6,323.0,1001.94,
2008,5,7,4,20.77,28.04,0.0,0.0,0.0,324.25,2.62,345.0,1002.64,
2008,5,7,5,22.65,25.72,0.0,0.0,0.0,327.03,2.43,347.0,1003.13,
2008,5,7,6,24.52,23.4,93.0,69.14,79.0,329.82,2.23,349.0,1003.63,
2008,5,7,7,26.39,21.08,313.0,308.67,183.0,332.6,2.04,351.0,1004.13,
2008,5,7,8,28.79,18.75,567.0,569.45,214.0,338.83,2.45,342.0,1003.99,
2008,5,7,9,31.18,16.43,771.0,683.96,234.0,345.07,2.85,333.0,1003.86,
2008,5,7,10,33.58,14.1,913.0,723.27,258.0,351.3,3.26,323.0,1003.73,
2008,5,7,11,34.38,13.27,999.0,758.39,261.0,351.52,4.15,316.0,1003.13,
2008,5,7,12,35.17,12.45,1005.0,746.65,271.0,351.73,5.05,309.0,1002.54,
2008,5,7,13,35.97,11.62,953.0,746.72,255.0,351.95,5.94,302.0,1001.94,
2008,5,7,14,35.17,12.04,834.0,727.61,229.0,348.35,5.91,305.0,1001.65,
2008,5,7,15,34.37,12.47,648.0,642.35,211.0,344.75,5.88,308.0,1001.35,
2008,5,7,16,33.58,12.89,434.0,541.17,168.0,341.15,5.85,311.0,1001.05,
2008,5,7,17,31.51,15.05,205.0,356.13,106.0,337.85,5.37,319.0,1001.58,
2008,5,7,18,29.44,17.2,16.0,36.87,14.0,334.55,4.9,326.0,1002.11,
2008,5,7,19,27.37,19.36,0.0,0.0,0.0,331.25,4.43,334.0,1002.64,
2008,5,7,20,26.21,21.11,0.0,0.0,0.0,329.53,4.22,338.0,1002.9,
2008,5,7,21,25.05,22.85,0.0,0.0,0.0,327.82,4.0,342.0,1003.17,
2008,5,7,22,23.89,24.6,0.0,0.0,0.0,326.1,3.79,346.0,1003.43,
2008,5,7,23,23.07,26.5,0.0,0.0,0.0,324.12,3.63,348.0,1003.1,
2008,5,8,0,22.24,28.41,0.0,0.0,0.0,322.13,3.46,349.0,1002.77,
2008,5,8,1,21.42,30.31,0.0,0.0,0.0,320.15,3.3,351.0,1002.44,
2008,5,8,2,21.08,31.08,0.0,0.0,0.0,320.42,3.25,352.0,1002.67,
2008,5,8,3,20.74,31.85,0.0,0.0,0.0,320.68,3.2,352.0,1002.9,
2008,5,8,4,20.39,32.62,0.0,0.0,0.0,320.95,3.14,352.0,1003.13,
2008,5,8,5,21.94,30.31,0.0,0.0,0.0,323.33,3.14,352.0,1003.56,
2008,5,8,6,23.49,28.01,125.0,205.24,83.0,325.72,3.14,351.0,1003.99,
2008,5,8,7,25.03,25.7,340.0,406.63,168.0,328.1,3.14,350.0,1004.42,
2008,5,8,8,27.01,22.76,582.0,617.96,198.0,333.8,3.73,340.0,1004.29,
2008,5,8,9,28.99,19.83,790.0,740.12,208.0,339.5,4.31,330.0,1004.16,
2008,5,8,10,30.97,16.89,924.0,753.36,241.0,345.2,4.9,320.0,1004.03,
2008,5,8,11,31.78,16.05,1012.0,788.54,244.0,346.2,5.36,316.0,1003.27,
2008,5,8,12,32.58,15.22,1023.0,791.82,244.0,347.2,5.82,311.0,1002.51,
2008,5,8,13,33.39,14.38,964.0,776.04,238.0,348.2,6.28,307.0,1001.74,
2008,5,8,14,32.81,14.55,839.0,741.27,222.0,345.22,6.33,310.0,1001.51,
2008,5,8,15,32.23,14.71,661.0,682.47,196.0,342.23,6.39,313.0,1001.28,
2008,5,8,16,31.65,14.88,440.0,564.12,162.0,339.25,6.44,316.0,1001.05,
2008,5,8,17,29.74,17.34,211.0,379.18,105.0,335.52,5.54,322.0,1001.48,
2008,5,8,18,27.83,19.81,17.0,35.63,15.0,331.78,4.64,328.0,1001.91,
2008,5,8,19,25.92,22.27,0.0,0.0,0.0,328.05,3.74,335.0,1002.34,
2008,5,8,20,24.62,25.8,0.0,0.0,0.0,326.1,3.24,347.0,1002.47,
2008,5,8,21,23.32,29.32,0.0,0.0,0.0,324.15,2.74,358.0,1002.6,
2008,5,8,22,22.02,32.85,0.0,0.0,0.0,322.2,2.23,10.0,1002.74,
2008,5,8,23,21.47,33.67,0.0,0.0,0.0,321.92,2.02,34.0,1002.21,
2008,5,9,0,20.92,34.5,0.0,0.0,0.0,321.63,1.81,58.0,1001.68,
2008,5,9,1,20.38,35.32,0.0,0.0,0.0,321.35,1.6,81.0,1001.15,
2008,5,9,2,20.19,37.95,0.0,0.0,0.0,323.85,1.58,88.0,1001.12,
2008,5,9,3,20.01,40.57,0.0,0.0,0.0,326.35,1.56,94.0,1001.08,
2008,5,9,4,19.82,43.2,0.0,0.0,0.0,328.85,1.54,100.0,1001.05,
2008,5,9,5,22.28,36.94,0.0,0.0,0.0,333.02,1.54,110.0,1001.35,
2008,5,9,6,24.74,30.67,111.0,125.77,85.0,337.18,1.54,120.0,1001.65,
2008,5,9,7,27.19,24.41,322.0,331.96,181.0,341.35,1.54,130.0,1001.94,
2008,5,9,8,29.54,21.16,546.0,491.29,240.0,347.27,1.93,162.0,1001.68,
2008,5,9,9,31.9,17.92,755.0,631.09,258.0,353.18,2.31,193.0,1001.41,
2008,5,9,10,34.25,14.67,883.0,640.19,302.0,359.1,2.69,225.0,1001.15,
2008,5,9,11,35.11,13.82,1001.0,758.14,262.0,358.78,3.44,238.0,1000.29,
2008,5,9,12,35.98,12.98,1012.0,760.76,263.0,358.47,4.2,251.0,999.43,
2008,5,9,13,36.84,12.13,904.0,620.55,323.0,358.15,4.95,265.0,998.57,
2008,5,9,14,36.38,12.12,792.0,606.1,287.0,356.1,4.82,269.0,998.24,
2008,5,9,15,35.92,12.1,481.0,211.03,337.0,354.05,4.69,274.0,997.91,
2008,5,9,16,35.46,12.09,357.0,265.14,226.0,352.0,4.57,278.0,997.58,
2008,5,9,17,33.28,14.66,151.0,106.72,121.0,347.28,4.24,300.0,997.84,
2008,5,9,18,31.11,17.22,22.0,86.17,17.0,342.57,3.92,322.0,998.11,
2008,5,9,19,28.94,19.79,0.0,0.0,0.0,337.85,3.6,344.0,998.37,
2008,5,9,20,27.85,21.35,0.0,0.0,0.0,335.8,3.8,352.0,998.67,
2008,5,9,21,26.76,22.91,0.0,0.0,0.0,333.75,4.0,359.0,998.97,
2008,5,9,22,25.67,24.47,0.0,0.0,0.0,331.7,4.19,7.0,999.26,
2008,5,9,23,25.01,25.78,0.0,0.0,0.0,334.08,4.03,6.0,999.1,
2008,5,10,0,24.34,27.1,0.0,0.0,0.0,336.47,3.86,5.0,998.93,
2008,5,10,1,23.68,28.41,0.0,0.0,0.0,338.85,3.7,5.0,998.77,
2008,5,10,2,23.09,29.02,0.0,0.0,0.0,339.52,3.89,4.0,999.26,
2008,5,10,3,22.51,29.63,0.0,0.0,0.0,340.18,4.08,3.0,999.76,
2008,5,10,4,21.92,30.24,0.0,0.0,0.0,340.85,4.28,3.0,1000.26,
2008,5,10,5,22.99,28.66,0.0,0.0,0.0,342.22,4.54,2.0,1000.88,
2008,5,10,6,24.06,27.08,115.0,134.14,87.0,343.58,4.81,2.0,1001.51,
2008,5,10,7,25.12,25.5,328.0,349.41,179.0,344.95,5.08,1.0,1002.14,
2008,5,10,8,26.79,23.03,581.0,607.15,202.0,348.1,5.23,355.0,1002.24,
2008,5,10,9,28.46,20.56,783.0,711.36,222.0,351.25,5.38,349.0,1002.34,
2008,5,10,10,30.13,18.09,920.0,738.62,249.0,354.4,5.53,342.0,1002.44,
2008,5,10,11,30.82,17.01,1024.0,819.06,225.0,354.13,5.68,334.0,1001.91,
2008,5,10,12,31.5,15.93,1036.0,822.13,226.0,353.87,5.83,327.0,1001.38,
2008,5,10,13,32.19,14.85,971.0,791.9,229.0,353.6,5.97,319.0,1000.85,
2008,5,10,14,31.21,14.7,836.0,727.79,229.0,347.62,6.19,319.0,1000.75,
2008,5,10,15,30.22,14.56,662.0,681.89,196.0,341.63,6.4,318.0,1000.65,
2008,5,10,16,29.24,14.41,445.0,575.36,160.0,335.65,6.62,318.0,1000.55,
2008,5,10,17,27.49,15.52,216.0,396.21,104.0,330.53,6.13,320.0,1001.28,
2008,5,10,18,25.74,16.64,20.0,50.08,17.0,325.42,5.65,322.0,1002.01,
2008,5,10,19,23.99,17.75,0.0,0.0,0.0,320.3,5.16,325.0,1002.74,
2008,5,10,20,23.04,19.23,0.0,0.0,0.0,316.53,4.89,328.0,1003.13,
2008,5,10,21,22.09,20.72,0.0,0.0,0.0,312.77,4.62,331.0,1003.53,
2008,5,10,22,21.14,22.2,0.0,0.0,0.0,309.0,4.34,334.0,1003.93,
2008,5,10,23,20.57,24.16,0.0,0.0,0.0,307.42,4.1,338.0,1003.73,
2008,5,11,0,19.99,26.13,0.0,0.0,0.0,305.83,3.85,341.0,1003.53,
2008,5,11,1,19.42,28.09,0.0,0.0,0.0,304.25,3.6,345.0,1003.33,
2008,5,11,2,18.84,30.37,0.0,0.0,0.0,303.7,3.49,349.0,1003.7,
2008,5,11,3,18.26,32.65,0.0,0.0,0.0,303.15,3.38,353.0,1004.06,
2008,5,11,4,17.68,34.93,0.0,0.0,0.0,302.6,3.27,357.0,1004.42,
2008,5,11,5,19.18,33.9,0.0,0.0,0.0,306.68,3.15,2.0,1004.79,
2008,5,11,6,20.68,32.87,120.0,156.64,87.0,310.77,3.04,7.0,1005.15,
2008,5,11,7,22.17,31.84,338.0,383.14,174.0,314.85,2.92,12.0,1005.52,
2008,5,11,8,24.02,27.77,582.0,607.48,202.0,320.57,3.01,2.0,1005.32,
2008,5,11,9,25.88,23.69,788.0,725.61,215.0,326.28,3.1,352.0,1005.12,
2008,5,11,10,27.73,19.62,921.0,737.94,250.0,332.0,3.19,342.0,1004.92,
2008,5,11,11,28.85,17.25,996.0,742.66,271.0,331.78,3.48,337.0,1004.19,
2008,5,11,12,29.98,14.87,1042.0,837.81,216.0,331.57,3.77,331.0,1003.46,
2008,5,11,13,31.1,12.5,955.0,746.52,255.0,331.35,4.07,326.0,1002.74,
2008,5,11,14,30.94,12.26,827.0,699.53,243.0,329.78,4.41,325.0,1002.54,
2008,5,11,15,30.78,12.01,667.0,695.49,191.0,328.22,4.75,324.0,1002.34,
2008,5,11,16,30.63,11.77,469.0,682.64,130.0,326.65,5.09,323.0,1002.14,
2008,5,11,17,28.9,13.31,219.0,404.59,104.0,324.85,4.94,324.0,1002.6,
2008,5,11,18,27.17,14.84,22.0,64.73,18.0,323.05,4.8,324.0,1003.07,
2008,5,11,19,25.44,16.38,0.0,0.0,0.0,321.25,4.65,324.0,1003.53,
2008,5,11,20,24.51,17.18,0.0,0.0,0.0,320.63,4.47,329.0,1003.89,
2008,5,11,21,23.58,17.97,0.0,0.0,0.0,320.02,4.3,334.0,1004.26,
2008,5,11,22,22.65,18.77,0.0,0.0,0.0,319.4,4.12,339.0,1004.62,
2008,5,11,23,21.8,20.35,0.0,0.0,0.0,319.52,3.7,346.0,1004.03,
2008,5,12,0,20.94,21.93,0.0,0.0,0.0,319.63,3.28,353.0,1003.43,
2008,5,12,1,20.09,23.51,0.0,0.0,0.0,319.75,2.86,0.0,1002.84,
2008,5,12,2,19.48,24.33,0.0,0.0,0.0,320.7,2.75,2.0,1003.07,
2008,5,12,3,18.88,25.15,0.0,0.0,0.0,321.65,2.65,3.0,1003.3,
2008,5,12,4,18.27,25.97,0.0,0.0,0.0,322.6,2.55,5.0,1003.53,
2008,5,12,5,20.46,23.13,0.0,0.0,0.0,326.62,2.4,8.0,1003.86,
2008,5,12,6,22.64,20.28,139.0,258.79,84.0,330.63,2.25,12.0,1004.19,
2008,5,12,7,24.82,17.44,357.0,456.25,161.0,334.65,2.1,15.0,1004.52,
2008,5,12,8,27.16,15.15,601.0,670.09,181.0,338.53,2.3,13.0,1004.19,
2008,5,12,9,29.5,12.87,798.0,755.06,201.0,342.42,2.51,11.0,1003.86,
2008,5,12,10,31.84,10.58,943.0,797.73,217.0,346.3,2.72,9.0,1003.53,
2008,5,12,11,33.02,10.55,1036.0,850.65,205.0,346.25,2.7,5.0,1002.87,
2008,5,12,12,34.19,10.53,1043.0,838.28,216.0,346.2,2.69,1.0,1002.21,
2008,5,12,13,35.37,10.5,972.0,791.8,229.0,346.15,2.68,357.0,1001.55,
2008,5,12,14,35.33,10.71,847.0,756.29,215.0,344.98,2.51,9.0,1001.15,
2008,5,12,15,35.28,10.92,664.0,682.8,196.0,343.82,2.35,22.0,1000.75,
2008,5,12,16,35.24,11.13,406.0,411.76,201.0,342.65,2.19,35.0,1000.36,
2008,5,12,17,34.04,12.83,210.0,346.4,111.0,339.8,2.06,49.0,1000.55,
2008,5,12,18,32.85,14.54,27.0,125.65,19.0,336.95,1.93,63.0,1000.75,
2008,5,12,19,31.65,16.24,0.0,0.0,0.0,334.1,1.79,78.0,1000.95,
2008,5,12,20,29.91,18.37,0.0,0.0,0.0,333.57,1.77,80.0,1001.22,
2008,5,12,21,28.17,20.49,0.0,0.0,0.0,333.03,1.76,82.0,1001.48,
2008,5,12,22,26.43,22.62,0.0,0.0,0.0,332.5,1.74,84.0,1001.74,
2008,5,12,23,25.1,26.14,0.0,0.0,0.0,333.97,1.89,85.0,1001.41,
2008,5,13,0,23.77,29.65,0.0,0.0,0.0,335.43,2.04,85.0,1001.08,
2008,5,13,1,22.45,33.17,0.0,0.0,0.0,336.9,2.19,86.0,1000.75,
2008,5,13,2,22.57,33.67,0.0,0.0,0.0,338.03,2.12,86.0,1000.85,
2008,5,13,3,22.69,34.18,0.0,0.0,0.0,339.17,2.05,86.0,1000.95,
2008,5,13,4,22.8,34.68,0.0,0.0,0.0,340.3,1.97,87.0,1001.05,
2008,5,13,5,25.33,29.75,0.0,0.0,0.0,344.88,1.79,94.0,1001.58,
2008,5,13,6,27.86,24.81,117.0,130.65,89.0,349.47,1.6,102.0,1002.11,
2008,5,13,7,30.38,19.88,330.0,343.34,182.0,354.05,1.42,110.0,1002.64,
2008,5,13,8,33.04,16.95,574.0,571.69,215.0,362.17,1.94,127.0,1002.34,
2008,5,13,9,35.7,14.01,490.0,114.96,399.0,370.28,2.45,144.0,1002.04,
2008,5,13,10,38.36,11.08,763.0,374.38,422.0,378.4,2.97,161.0,1001.74,
2008,5,13,11,38.98,10.59,927.0,577.98,362.0,380.5,3.4,182.0,1001.05,
2008,5,13,12,39.59,10.09,850.0,406.22,449.0,382.6,3.84,204.0,1000.36,
2008,5,13,13,40.21,9.6,681.0,211.92,482.0,384.7,4.28,225.0,999.66,
2008,5,13,14,39.78,9.67,828.0,699.38,243.0,379.37,4.21,228.0,999.36,
2008,5,13,15,39.35,9.75,661.0,670.16,201.0,374.03,4.15,231.0,999.07,
2008,5,13,16,38.93,9.82,405.0,402.71,204.0,368.7,4.08,234.0,998.77,
2008,5,13,17,37.02,11.68,223.0,417.6,103.0,361.18,3.42,231.0,998.8,
2008,5,13,18,35.12,13.55,18.0,15.26,17.0,353.67,2.75,228.0,998.83,
2008,5,13,19,33.21,15.41,0.0,0.0,0.0,346.15,2.08,226.0,998.87,
2008,5,13,20,31.26,15.97,0.0,0.0,0.0,345.07,1.89,246.0,998.93,
2008,5,13,21,29.31,16.53,0.0,0.0,0.0,343.98,1.7,267.0,999.0,
2008,5,13,22,27.36,17.09,0.0,0.0,0.0,342.9,1.5,288.0,999.07,
2008,5,13,23,27.15,20.34,0.0,0.0,0.0,342.45,2.23,303.0,999.07,
2008,5,14,0,26.94,23.58,0.0,0.0,0.0,342.0,2.96,317.0,999.07,
2008,5,14,1,26.74,26.83,0.0,0.0,0.0,341.55,3.68,332.0,999.07,
2008,5,14,2,25.88,27.19,0.0,0.0,0.0,338.42,3.6,332.0,999.76,
2008,5,14,3,25.03,27.54,0.0,0.0,0.0,335.28,3.52,333.0,1000.45,
2008,5,14,4,24.17,27.9,0.0,0.0,0.0,332.15,3.43,333.0,1001.15,
2008,5,14,5,25.83,25.19,0.0,0.0,0.0,334.65,3.4,335.0,1001.78,
2008,5,14,6,27.49,22.47,127.0,171.28,90.0,337.15,3.37,336.0,1002.41,
2008,5,14,7,29.14,19.76,340.0,376.92,177.0,339.65,3.34,338.0,1003.03,
2008,5,14,8,31.47,16.51,592.0,632.68,194.0,345.68,3.66,337.0,1002.8,
2008,5,14,9,33.8,13.26,800.0,754.59,202.0,351.72,3.99,337.0,1002.57,
2008,5,14,10,36.13,10.01,944.0,797.55,217.0,357.75,4.32,336.0,1002.34,
2008,5,14,11,36.85,8.62,1031.0,835.26,214.0,355.72,4.49,331.0,1001.78,
2008,5,14,12,37.57,7.23,1043.0,837.27,216.0,353.68,4.67,326.0,1001.22,
2008,5,14,13,38.29,5.84,983.0,821.56,211.0,351.65,4.84,321.0,1000.65,
2008,5,14,14,37.61,5.94,858.0,785.92,200.0,344.98,5.01,325.0,1000.32,
2008,5,14,15,36.93,6.04,670.0,696.83,191.0,338.32,5.18,330.0,999.99,
2008,5,14,16,36.25,6.14,452.0,589.56,157.0,331.65,5.35,334.0,999.66,
2008,5,14,17,34.06,7.81,227.0,436.12,101.0,327.58,5.09,336.0,1000.22,
2008,5,14,18,31.88,9.48,31.0,163.18,20.0,323.52,4.82,338.0,1000.79,
2008,5,14,19,29.69,11.15,0.0,0.0,0.0,319.45,4.55,339.0,1001.35,
2008,5,14,20,28.75,12.44,0.0,0.0,0.0,319.17,4.56,350.0,1001.91,
2008,5,14,21,27.82,13.72,0.0,0.0,0.0,318.88,4.57,0.0,1002.47,
2008,5,14,22,26.88,15.01,0.0,0.0,0.0,318.6,4.58,11.0,1003.03,
2008,5,14,23,25.98,17.46,0.0,0.0,0.0,320.83,4.08,18.0,1002.77,
2008,5,15,0,25.08,19.91,0.0,0.0,0.0,323.07,3.58,24.0,1002.51,
2008,5,15,1,24.19,22.36,0.0,0.0,0.0,325.3,3.08,31.0,1002.24,
2008,5,15,2,23.57,24.31,0.0,0.0,0.0,327.13,2.9,30.0,1002.51,
2008,5,15,3,22.95,26.26,0.0,0.0,0.0,328.97,2.73,28.0,1002.77,
2008,5,15,4,22.33,28.21,0.0,0.0,0.0,330.8,2.55,27.0,1003.03,
2008,5,15,5,24.65,25.3,0.0,0.0,0.0,335.47,2.23,35.0,1003.5,
2008,5,15,6,26.96,22.39,145.0,275.67,85.0,340.13,1.91,44.0,1003.96,
2008,5,15,7,29.27,19.48,343.0,384.99,176.0,344.8,1.59,52.0,1004.42,
2008,5,15,8,31.78,16.39,576.0,572.9,215.0,351.85,1.65,61.0,1004.16,
2008,5,15,9,34.29,13.3,778.0,684.48,235.0,358.9,1.71,70.0,1003.89,
2008,5,15,10,36.8,10.21,865.0,587.59,329.0,365.95,1.77,79.0,1003.63,
2008,5,15,11,37.53,9.77,1003.0,757.13,262.0,365.4,1.62,39.0,1002.87,
2008,5,15,12,38.25,9.32,1014.0,759.9,263.0,364.85,1.48,358.0,1002.11,
2008,5,15,13,38.98,8.88,978.0,806.13,220.0,364.3,1.34,317.0,1001.35,
2008,5,15,14,38.64,9.24,858.0,785.2,200.0,361.35,2.11,323.0,1001.08,
2008,5,15,15,38.3,9.59,682.0,737.96,174.0,358.4,2.89,329.0,1000.82,
2008,5,15,16,37.97,9.95,459.0,612.01,152.0,355.45,3.67,335.0,1000.55,
2008,5,15,17,35.65,13.17,231.0,454.46,99.0,352.43,3.37,338.0,1000.75,
2008,5,15,18,33.33,16.39,34.0,187.66,21.0,349.42,3.08,341.0,1000.95,
2008,5,15,19,31.01,19.61,0.0,0.0,0.0,346.4,2.79,345.0,1001.15,
2008,5,15,20,29.9,21.31,0.0,0.0,0.0,344.18,2.75,352.0,1001.31,
2008,5,15,21,28.8,23.0,0.0,0.0,0.0,341.97,2.72,359.0,1001.48,
2008,5,15,22,27.69,24.7,0.0,0.0,0.0,339.75,2.69,6.0,1001.65,
2008,5,15,23,26.8,26.21,0.0,0.0,0.0,340.0,2.55,12.0,1001.28,
2008,5,16,0,25.91,27.73,0.0,0.0,0.0,340.25,2.41,19.0,1000.92,
2008,5,16,1,25.03,29.24,0.0,0.0,0.0,340.5,2.28,25.0,1000.55,
2008,5,16,2,24.73,30.01,0.0,0.0,0.0,342.2,2.22,43.0,1000.82,
2008,5,16,3,24.43,30.77,0.0,0.0,0.0,343.9,2.16,61.0,1001.08,
2008,5,16,4,24.12,31.54,0.0,0.0,0.0,345.6,2.1,79.0,1001.35,
2008,5,16,5,26.99,26.86,0.0,0.0,0.0,349.83,1.97,94.0,1001.78,
2008,5,16,6,29.86,22.18,137.0,214.41,90.0,354.07,1.85,110.0,1002.21,
2008,5,16,7,32.72,17.5,347.0,395.37,175.0,358.3,1.72,125.0,1002.64,
2008,5,16,8,34.91,14.93,584.0,595.77,208.0,364.1,1.83,139.0,1002.44,
2008,5,16,9,37.09,12.36,783.0,698.93,228.0,369.9,1.94,153.0,1002.24,
2008,5,16,10,39.28,9.79,929.0,752.62,242.0,375.7,2.04,168.0,1002.04,
2008,5,16,11,39.85,9.21,1009.0,772.03,253.0,376.12,2.95,207.0,1001.45,
2008,5,16,12,40.41,8.62,1026.0,790.85,244.0,376.53,3.86,247.0,1000.85,
2008,5,16,13,40.98,8.04,962.0,760.97,246.0,376.95,4.77,286.0,1000.26,
2008,5,16,14,39.55,9.44,820.0,671.22,257.0,374.43,5.7,295.0,999.99,
2008,5,16,15,38.11,10.83,520.0,277.07,329.0,371.92,6.62,305.0,999.73,
2008,5,16,16,36.68,12.23,400.0,377.83,210.0,369.4,7.54,314.0,999.46,
2008,5,16,17,34.29,15.47,151.0,89.04,125.0,366.53,8.01,322.0,1000.55,
2008,5,16,18,31.91,18.71,23.0,42.18,20.0,363.67,8.47,330.0,1001.65,
2008,5,16,19,29.52,21.95,0.0,0.0,0.0,360.8,8.94,338.0,1002.74,
2008,5,16,20,28.83,21.95,0.0,0.0,0.0,362.45,7.83,342.0,1003.1,
2008,5,16,21,28.15,21.96,0.0,0.0,0.0,364.1,6.73,346.0,1003.46,
2008,5,16,22,27.46,21.96,0.0,0.0,0.0,365.75,5.63,350.0,1003.83,
2008,5,16,23,26.96,22.87,0.0,0.0,0.0,369.35,4.74,351.0,1003.43,
2008,5,17,0,26.46,23.78,0.0,0.0,0.0,372.95,3.84,351.0,1003.03,
2008,5,17,1,25.97,24.69,0.0,0.0,0.0,376.55,2.95,352.0,1002.64,
2008,5,17,2,25.08,26.37,0.0,0.0,0.0,377.45,2.91,347.0,1002.67,
2008,5,17,3,24.19,28.05,0.0,0.0,0.0,378.35,2.86,342.0,1002.7,
2008,5,17,4,23.29,29.73,0.0,0.0,0.0,379.25,2.81,337.0,1002.74,
2008,5,17,5,24.17,28.36,0.0,0.0,0.0,377.7,3.13,338.0,1003.33,
2008,5,17,6,25.05,26.99,157.0,339.84,82.0,376.15,3.44,338.0,1003.93,
2008,5,17,7,25.92,25.62,376.0,520.37,149.0,374.6,3.75,338.0,1004.52,
2008,5,17,8,27.58,23.02,619.0,724.64,161.0,378.03,4.21,334.0,1004.36,
2008,5,17,9,29.24,20.41,810.0,783.86,187.0,381.47,4.66,329.0,1004.19,
2008,5,17,10,30.9,17.81,807.0,457.64,389.0,384.9,5.12,324.0,1004.03,
2008,5,17,11,31.73,16.07,476.0,29.6,447.0,382.08,5.32,320.0,1003.4,
2008,5,17,12,32.56,14.32,985.0,687.34,305.0,379.27,5.52,315.0,1002.77,
2008,5,17,13,33.39,12.58,929.0,674.46,294.0,376.45,5.72,311.0,1002.14,
2008,5,17,14,32.7,12.82,862.35,787.24,201.45,370.8,5.81,309.0,1001.98,
2008,5,17,15,32.01,13.07,675.7,701.25,191.6,365.15,5.89,308.0,1001.81,
2008,5,17,16,31.33,13.31,465.55,616.23,154.9,359.5,5.97,306.0,1001.65,
2008,5,17,17,29.54,14.98,236.15,452.41,103.35,352.1,5.79,311.0,1002.11,
2008,5,17,18,27.76,16.66,33.5,129.5,24.05,344.7,5.61,315.0,1002.57,
2008,5,17,19,25.98,18.33,0.0,0.0,0.0,337.3,5.43,319.0,1003.03,
2008,5,17,20,24.99,20.11,0.0,0.0,0.0,332.62,5.27,322.0,1003.4,
2008,5,17,21,24.01,21.89,0.0,0.0,0.0,327.93,5.1,325.0,1003.76,
2008,5,17,22,23.02,23.67,0.0,0.0,0.0,323.25,4.94,329.0,1004.13,
2008,5,17,23,22.39,25.74,0.0,0.0,0.0,319.58,4.66,331.0,1003.86,
2008,5,18,0,21.76,27.81,0.0,0.0,0.0,315.92,4.38,334.0,1003.6,
2008,5,18,1,21.13,29.88,0.0,0.0,0.0,312.25,4.1,336.0,1003.33,
2008,5,18,2,20.46,32.34,0.0,0.0,0.0,309.42,3.93,339.0,1003.53,
2008,5,18,3,19.8,34.79,0.0,0.0,0.0,306.58,3.77,342.0,1003.73,
2008,5,18,4,19.13,37.25,0.0,0.0,0.0,303.75,3.6,344.0,1003.93,
2008,5,18,5,20.62,35.79,0.0,0.0,0.0,306.72,3.86,346.0,1004.46,
2008,5,18,6,22.1,34.33,137.85,274.21,76.95,309.68,4.12,348.0,1004.99,
2008,5,18,7,23.58,32.87,358.8,505.9,137.55,312.65,4.39,350.0,1005.52,
2008,5,18,8,25.31,28.76,602.3,681.07,171.25,318.33,4.51,347.0,1005.05,
2008,5,18,9,27.04,24.65,801.6,770.57,188.65,324.02,4.63,344.0,1004.59,
2008,5,18,10,28.77,20.54,928.95,778.75,217.25,329.7,4.76,341.0,1004.13,
2008,5,18,11,29.77,18.41,1015.3,819.03,212.5,330.42,4.86,336.0,1003.3,
2008,5,18,12,30.77,16.27,1047.25,847.35,208.55,331.13,4.97,331.0,1002.47,
2008,5,18,13,31.77,14.14,987.75,827.33,208.35,331.85,5.08,326.0,1001.65,
2008,5,18,14,31.26,13.84,866.8,799.16,195.3,329.03,5.44,326.0,1001.38,
2008,5,18,15,30.75,13.54,687.4,734.63,179.55,326.22,5.81,325.0,1001.12,
2008,5,18,16,30.25,13.24,470.25,630.46,151.65,323.4,6.18,325.0,1000.85,
2008,5,18,17,28.57,14.91,240.8,464.8,103.65,321.03,5.87,325.0,1001.38,
2008,5,18,18,26.89,16.59,35.45,122.98,26.25,318.67,5.55,325.0,1001.91,
2008,5,18,19,25.21,18.26,0.0,0.0,0.0,316.3,5.24,325.0,1002.44,
2008,5,18,20,24.29,19.94,0.0,0.0,0.0,315.02,5.0,328.0,1002.87,
2008,5,18,21,23.38,21.62,0.0,0.0,0.0,313.73,4.76,332.0,1003.3,
2008,5,18,22,22.46,23.3,0.0,0.0,0.0,312.45,4.52,336.0,1003.73,
2008,5,18,23,21.79,25.7,0.0,0.0,0.0,311.05,4.22,341.0,1003.4,
2008,5,19,0,21.11,28.09,0.0,0.0,0.0,309.65,3.91,346.0,1003.07,
2008,5,19,1,20.44,30.49,0.0,0.0,0.0,308.25,3.6,351.0,1002.74,
2008,5,19,2,19.75,32.64,0.0,0.0,0.0,306.43,3.44,350.0,1002.87,
2008,5,19,3,19.07,34.8,0.0,0.0,0.0,304.62,3.28,349.0,1003.0,
2008,5,19,4,18.38,36.95,0.0,0.0,0.0,302.8,3.12,349.0,1003.13,
2008,5,19,5,19.9,35.19,0.0,0.0,0.0,305.43,3.25,346.0,1003.4,
2008,5,19,6,21.42,33.42,140.75,267.65,80.95,308.07,3.37,343.0,1003.66,
2008,5,19,7,22.94,31.66,365.7,502.4,145.45,310.7,3.5,340.0,1003.93,
2008,5,19,8,24.92,26.91,600.2,670.82,175.1,315.22,3.81,336.0,1003.53,
2008,5,19,9,26.9,22.16,797.95,757.92,194.6,319.73,4.12,331.0,1003.13,
2008,5,19,10,28.88,17.41,930.95,782.55,215.4,324.25,4.43,326.0,1002.74,
2008,5,19,11,30.06,15.24,1033.65,842.78,207.2,324.03,4.9,324.0,1001.98,
2008,5,19,12,31.23,13.06,1049.7,853.01,205.0,323.82,5.37,322.0,1001.22,
2008,5,19,13,32.41,10.89,990.05,832.04,205.75,323.6,5.85,320.0,1000.45,
2008,5,19,14,31.99,11.08,867.65,800.43,194.5,322.85,5.97,322.0,1000.42,
2008,5,19,15,31.57,11.26,688.1,734.77,179.45,322.1,6.09,323.0,1000.39,
2008,5,19,16,31.15,11.45,473.35,639.09,149.6,321.35,6.21,325.0,1000.36,
2008,5,19,17,29.39,13.49,241.85,463.08,104.5,319.38,5.67,326.0,1000.72,
2008,5,19,18,27.64,15.53,37.0,130.49,27.0,317.42,5.14,328.0,1001.08,
2008,5,19,19,25.88,17.57,0.0,0.0,0.0,315.45,4.61,329.0,1001.45,
2008,5,19,20,25.0,19.74,0.0,0.0,0.0,314.55,4.45,335.0,1001.71,
2008,5,19,21,24.11,21.91,0.0,0.0,0.0,313.65,4.29,341.0,1001.98,
2008,5,19,22,23.23,24.08,0.0,0.0,0.0,312.75,4.14,346.0,1002.24,
2008,5,19,23,22.6,26.77,0.0,0.0,0.0,312.5,3.95,352.0,1001.84,
2008,5,20,0,21.96,29.45,0.0,0.0,0.0,312.25,3.76,357.0,1001.45,
2008,5,20,1,21.33,32.14,0.0,0.0,0.0,312.0,3.57,2.0,1001.05,
2008,5,20,2,20.62,34.35,0.0,0.0,0.0,311.4,3.38,1.0,1001.38,
2008,5,20,3,19.92,36.57,0.0,0.0,0.0,310.8,3.19,0.0,1001.71,
2008,5,20,4,19.21,38.78,0.0,0.0,0.0,310.2,2.99,359.0,1002.04,
2008,5,20,5,21.04,35.68,0.0,0.0,0.0,313.13,2.99,359.0,1002.44,
2008,5,20,6,22.87,32.57,140.8,269.49,80.25,316.07,2.98,360.0,1002.84,
2008,5,20,7,24.69,29.47,365.5,506.4,143.0,319.0,2.98,360.0,1003.23,
2008,5,20,8,26.88,24.11,596.65,662.46,176.35,323.7,2.98,1.0,1002.97,
2008,5,20,9,29.06,18.76,789.0,735.86,202.8,328.4,2.98,1.0,1002.7,
2008,5,20,10,31.25,13.4,924.1,765.23,224.05,333.1,2.98,2.0,1002.44,
2008,5,20,11,32.38,11.63,1030.1,834.69,211.25,331.68,2.89,355.0,1001.74,
2008,5,20,12,33.51,9.86,1073.0,918.55,163.0,330.27,2.8,348.0,1001.05,
2008,5,20,13,34.64,8.09,1012.0,901.21,162.0,328.85,2.72,341.0,1000.36,
2008,5,20,14,34.29,8.03,889.0,877.98,150.0,324.68,3.02,338.0,1000.09,
2008,5,20,15,33.94,7.97,697.0,780.42,156.0,320.52,3.32,335.0,999.83,
2008,5,20,16,33.59,7.91,478.0,675.45,135.0,316.35,3.63,332.0,999.56,
2008,5,20,17,31.36,9.86,246.0,513.21,93.0,313.0,3.56,333.0,999.93,
2008,5,20,18,29.13,11.82,41.0,216.7,24.0,309.65,3.5,334.0,1000.29,
2008,5,20,19,26.9,13.77,0.0,0.0,0.0,306.3,3.43,334.0,1000.65,
2008,5,20,20,25.92,14.88,0.0,0.0,0.0,304.38,3.42,339.0,1001.05,
2008,5,20,21,24.93,16.0,0.0,0.0,0.0,302.47,3.4,343.0,1001.45,
2008,5,20,22,23.95,17.11,0.0,0.0,0.0,300.55,3.38,347.0,1001.84,
2008,5,20,23,23.21,18.22,0.0,0.0,0.0,300.63,3.37,349.0,1001.74,
2008,5,21,0,22.47,19.34,0.0,0.0,0.0,300.72,3.37,350.0,1001.65,
2008,5,21,1,21.74,20.45,0.0,0.0,0.0,300.8,3.37,352.0,1001.55,
2008,5,21,2,20.9,22.88,0.0,0.0,0.0,301.72,3.18,359.0,1001.74,
2008,5,21,3,20.06,25.3,0.0,0.0,0.0,302.63,2.99,6.0,1001.94,
2008,5,21,4,19.22,27.73,0.0,0.0,0.0,303.55,2.8,13.0,1002.14,
2008,5,21,5,21.49,25.31,0.0,0.0,0.0,307.93,2.4,15.0,1002.64,
2008,5,21,6,23.75,22.88,164.0,358.61,83.0,312.32,2.0,17.0,1003.13,
2008,5,21,7,26.01,20.46,356.65,461.74,153.35,316.7,1.6,19.0,1003.63,
2008,5,21,8,28.61,17.81,593.65,647.89,182.15,322.48,1.33,9.0,1003.43,
2008,5,21,9,31.21,15.15,627.0,309.86,380.0,328.27,1.07,358.0,1003.23,
2008,5,21,10,33.81,12.5,850.0,549.59,347.0,334.05,0.8,348.0,1003.03,
2008,5,21,11,34.99,11.01,1015.0,786.64,243.0,332.6,1.25,337.0,1002.34,
2008,5,21,12,36.18,9.51,1015.0,758.75,263.0,331.15,1.69,326.0,1001.65,
2008,5,21,13,37.36,8.02,964.0,759.77,247.0,329.7,2.14,315.0,1000.95,
2008,5,21,14,36.96,7.67,141.0,0.0,141.0,324.57,2.66,320.0,1000.62,
2008,5,21,15,36.55,7.31,680.0,711.65,186.0,319.43,3.19,325.0,1000.29,
2008,5,21,16,36.15,6.96,471.5,631.6,150.0,314.3,3.71,331.0,999.96,
2008,5,21,17,33.92,8.78,242.25,464.23,103.15,312.37,3.71,331.0,1000.19,
2008,5,21,18,31.7,10.6,34.0,99.69,26.0,310.43,3.71,332.0,1000.42,
2008,5,21,19,29.48,12.42,0.0,0.0,0.0,308.5,3.71,333.0,1000.65,
2008,5,21,20,28.63,13.06,0.0,0.0,0.0,307.85,3.71,339.0,1000.95,
2008,5,21,21,27.77,13.7,0.0,0.0,0.0,307.2,3.71,345.0,1001.25,
2008,5,21,22,26.92,14.34,0.0,0.0,0.0,306.55,3.71,351.0,1001.55,
2008,5,21,23,26.19,15.6,0.0,0.0,0.0,307.92,3.61,353.0,1001.31,
2008,5,22,0,25.46,16.87,0.0,0.0,0.0,309.28,3.51,355.0,1001.08,
2008,5,22,1,24.74,18.13,0.0,0.0,0.0,310.65,3.41,357.0,1000.85,
2008,5,22,2,23.82,19.97,0.0,0.0,0.0,311.97,3.31,359.0,1000.95,
2008,5,22,3,22.9,21.82,0.0,0.0,0.0,313.28,3.22,2.0,1001.05,
2008,5,22,4,21.97,23.66,0.0,0.0,0.0,314.6,3.13,4.0,1001.15,
2008,5,22,5,24.1,21.88,0.0,0.0,0.0,319.78,2.89,4.0,1001.55,
2008,5,22,6,26.23,20.1,154.0,286.37,89.0,324.97,2.64,4.0,1001.94,
2008,5,22,7,28.36,18.32,365.0,451.11,166.0,330.15,2.4,5.0,1002.34,
2008,5,22,8,30.89,15.75,616.0,698.37,172.0,336.72,2.15,1.0,1001.91,
2008,5,22,9,33.43,13.19,825.0,828.75,164.0,343.28,1.9,357.0,1001.48,
2008,5,22,10,35.96,10.62,972.0,874.84,171.0,349.85,1.66,353.0,1001.05,
2008,5,22,11,36.98,9.52,1061.0,914.71,163.0,349.63,2.02,342.0,1000.32,
2008,5,22,12,38.0,8.42,1073.0,917.81,163.0,349.42,2.39,331.0,999.59,
2008,5,22,13,39.02,7.32,1007.0,884.33,172.0,349.2,2.76,320.0,998.87,
2008,5,22,14,38.52,7.37,890.0,877.69,150.0,344.15,3.37,324.0,998.64,
2008,5,22,15,38.02,7.42,699.0,781.18,156.0,339.1,3.99,328.0,998.4,
2008,5,22,16,37.52,7.47,473.0,640.87,146.0,334.05,4.61,332.0,998.17,
2008,5,22,17,35.65,9.25,237.0,435.02,106.0,333.22,4.68,333.0,998.44,
2008,5,22,18,33.78,11.02,38.0,134.08,27.0,332.38,4.74,334.0,998.7,
2008,5,22,19,31.91,12.8,0.0,0.0,0.0,331.55,4.81,335.0,998.97,
2008,5,22,20,31.11,13.72,0.0,0.0,0.0,332.38,5.01,342.0,999.43,
2008,5,22,21,30.3,14.63,0.0,0.0,0.0,333.22,5.21,349.0,999.89,
2008,5,22,22,29.5,15.55,0.0,0.0,0.0,334.05,5.41,356.0,1000.36,
2008,5,22,23,28.83,16.43,0.0,0.0,0.0,336.15,5.12,358.0,1000.26,
2008,5,23,0,28.16,17.3,0.0,0.0,0.0,338.25,4.84,1.0,1000.16,
2008,5,23,1,27.5,18.18,0.0,0.0,0.0,340.35,4.55,4.0,1000.06,
2008,5,23,2,26.71,19.48,0.0,0.0,0.0,340.13,4.31,4.0,1000.29,
2008,5,23,3,25.92,20.79,0.0,0.0,0.0,339.92,4.07,4.0,1000.52,
2008,5,23,4,25.13,22.09,0.0,0.0,0.0,339.7,3.83,5.0,1000.75,
2008,5,23,5,26.97,20.24,0.0,0.0,0.0,341.75,3.9,4.0,1001.15,
2008,5,23,6,28.81,18.4,149.0,245.59,93.0,343.8,3.96,4.0,1001.55,
2008,5,23,7,30.64,16.55,366.0,452.57,166.0,345.85,4.03,4.0,1001.94,
2008,5,23,8,32.75,14.6,609.0,672.6,181.0,352.0,4.47,3.0,1001.68,
2008,5,23,9,34.87,12.64,813.0,783.2,188.0,358.15,4.92,2.0,1001.41,
2008,5,23,10,36.98,10.69,962.0,842.87,190.0,364.3,5.37,1.0,1001.15,
2008,5,23,11,37.89,9.78,1055.0,898.13,173.0,365.52,5.75,360.0,1000.49,
2008,5,23,12,38.79,8.87,1073.0,917.46,163.0,366.73,6.13,359.0,999.83,
2008,5,23,13,39.7,7.96,1018.0,917.73,151.0,367.95,6.51,358.0,999.16,
2008,5,23,14,39.06,8.06,891.0,878.15,150.0,364.6,6.47,358.0,998.73,
2008,5,23,15,38.42,8.15,700.0,781.57,156.0,361.25,6.43,359.0,998.3,
2008,5,23,16,37.79,8.25,474.0,641.32,146.0,357.9,6.39,359.0,997.87,
2008,5,23,17,35.95,9.5,242.0,456.0,104.0,354.65,6.22,1.0,998.44,
2008,5,23,18,34.12,10.75,37.0,119.31,27.0,351.4,6.05,2.0,999.0,
2008,5,23,19,32.28,12.0,0.0,0.0,0.0,348.15,5.88,4.0,999.56,
2008,5,23,20,31.37,13.12,0.0,0.0,0.0,346.3,6.08,7.0,1000.22,
2008,5,23,21,30.45,14.24,0.0,0.0,0.0,344.45,6.29,11.0,1000.88,
2008,5,23,22,29.54,15.36,0.0,0.0,0.0,342.6,6.5,14.0,1001.55,
2008,5,23,23,28.71,16.35,0.0,0.0,0.0,341.43,6.13,12.0,1001.41,
2008,5,24,0,27.88,17.35,0.0,0.0,0.0,340.27,5.76,11.0,1001.28,
2008,5,24,1,27.06,18.34,0.0,0.0,0.0,339.1,5.39,10.0,1001.15,
2008,5,24,2,26.48,18.92,0.0,0.0,0.0,338.18,5.03,12.0,1001.25,
2008,5,24,3,25.9,19.49,0.0,0.0,0.0,337.27,4.67,14.0,1001.35,
2008,5,24,4,25.32,20.07,0.0,0.0,0.0,336.35,4.3,17.0,1001.45,
2008,5,24,5,26.84,18.99,0.0,0.0,0.0,338.5,4.36,17.0,1001.81,
2008,5,24,6,28.36,17.92,153.0,270.76,91.0,340.65,4.41,18.0,1002.17,
2008,5,24,7,29.88,16.84,373.0,481.2,160.0,342.8,4.47,18.0,1002.54,
2008,5,24,8,32.06,15.48,620.0,711.32,167.0,348.93,4.81,19.0,1002.14,
2008,5,24,9,34.25,14.12,821.0,814.16,171.0,355.07,5.16,19.0,1001.74,
2008,5,24,10,36.43,12.76,967.0,858.97,180.0,361.2,5.5,20.0,1001.35,
2008,5,24,11,37.33,12.02,1055.0,897.87,173.0,363.53,5.58,15.0,1000.65,
2008,5,24,12,38.23,11.28,1062.0,884.89,184.0,365.87,5.66,10.0,999.96,
2008,5,24,13,39.13,10.54,1003.0,868.59,182.0,368.2,5.74,5.0,999.26,
2008,5,24,14,38.5,10.53,882.0,846.65,167.0,365.3,5.87,2.0,998.93,
2008,5,24,15,37.87,10.53,697.0,767.61,162.0,362.4,6.0,358.0,998.6,
2008,5,24,16,37.24,10.52,472.0,630.06,149.0,359.5,6.14,355.0,998.27,
2008,5,24,17,35.35,11.91,243.0,457.07,104.0,357.18,5.96,355.0,998.83,
2008,5,24,18,33.46,13.29,41.0,140.23,29.0,354.87,5.79,355.0,999.4,
2008,5,24,19,31.57,14.68,0.0,0.0,0.0,352.55,5.61,355.0,999.96,
2008,5,24,20,30.62,15.46,0.0,0.0,0.0,351.58,5.58,2.0,1000.62,
2008,5,24,21,29.66,16.24,0.0,0.0,0.0,350.62,5.55,9.0,1001.28,
2008,5,24,22,28.71,17.02,0.0,0.0,0.0,349.65,5.52,17.0,1001.94,
2008,5,24,23,27.94,18.39,0.0,0.0,0.0,348.45,4.94,17.0,1001.81,
2008,5,25,0,27.17,19.75,0.0,0.0,0.0,347.25,4.37,18.0,1001.68,
2008,5,25,1,26.4,21.12,0.0,0.0,0.0,346.05,3.79,18.0,1001.55,
2008,5,25,2,25.79,22.22,0.0,0.0,0.0,345.63,3.7,17.0,1001.74,
2008,5,25,3,25.18,23.33,0.0,0.0,0.0,345.22,3.6,16.0,1001.94,
2008,5,25,4,24.57,24.43,0.0,0.0,0.0,344.8,3.5,15.0,1002.14,
2008,5,25,5,26.28,22.65,0.0,0.0,0.0,347.45,3.49,15.0,1002.57,
2008,5,25,6,27.98,20.88,150.0,247.96,93.0,350.1,3.47,15.0,1003.0,
2008,5,25,7,29.68,19.1,367.0,453.43,166.0,352.75,3.45,15.0,1003.43,
2008,5,25,8,31.97,16.29,610.0,673.15,181.0,359.3,3.86,13.0,1003.1,
2008,5,25,9,34.27,13.48,813.0,783.78,187.0,365.85,4.28,11.0,1002.77,
2008,5,25,10,36.56,10.67,951.0,811.81,207.0,372.4,4.69,9.0,1002.44,
2008,5,25,11,37.53,10.1,1050.0,881.35,184.0,374.13,4.91,6.0,1001.74,
2008,5,25,12,38.5,9.53,1056.0,867.46,195.0,375.87,5.12,3.0,1001.05,
2008,5,25,13,39.47,8.96,997.0,852.29,191.0,377.6,5.34,360.0,1000.36,
2008,5,25,14,38.73,9.15,878.0,830.59,176.0,374.3,5.53,356.0,1000.09,
2008,5,25,15,37.99,9.35,698.0,768.03,162.0,371.0,5.71,353.0,999.83,
2008,5,25,16,37.26,9.54,471.0,618.87,153.0,367.7,5.9,349.0,999.56,
2008,5,25,17,35.37,10.81,243.0,448.32,106.0,364.02,5.8,352.0,1000.02,
2008,5,25,18,33.49,12.09,43.0,160.35,29.0,360.33,5.69,354.0,1000.49,
2008,5,25,19,31.6,13.36,0.0,0.0,0.0,356.65,5.59,357.0,1000.95,
2008,5,25,20,30.66,14.39,0.0,0.0,0.0,354.2,5.58,5.0,1001.48,
2008,5,25,21,29.71,15.43,0.0,0.0,0.0,351.75,5.57,14.0,1002.01,
2008,5,25,22,28.77,16.46,0.0,0.0,0.0,349.3,5.56,22.0,1002.54,
2008,5,25,23,27.95,18.01,0.0,0.0,0.0,347.57,4.95,22.0,1002.41,
2008,5,26,0,27.13,19.57,0.0,0.0,0.0,345.83,4.34,22.0,1002.27,
2008,5,26,1,26.32,21.12,0.0,0.0,0.0,344.1,3.74,22.0,1002.14,
2008,5,26,2,25.67,22.62,0.0,0.0,0.0,344.3,3.54,19.0,1002.14,
2008,5,26,3,25.02,24.12,0.0,0.0,0.0,344.5,3.35,16.0,1002.14,
2008,5,26,4,24.36,25.62,0.0,0.0,0.0,344.7,3.16,14.0,1002.14,
2008,5,26,5,26.17,23.35,0.0,0.0,0.0,347.77,3.47,12.0,1002.67,
2008,5,26,6,27.98,21.08,135.0,164.72,97.0,350.83,3.77,11.0,1003.2,
2008,5,26,7,29.79,18.81,363.0,434.8,170.0,353.9,4.08,10.0,1003.73,
2008,5,26,8,31.77,16.77,614.0,685.26,177.0,359.48,4.6,9.0,1003.37,
2008,5,26,9,33.75,14.73,817.0,798.52,179.0,365.07,5.11,7.0,1003.0,
2008,5,26,10,35.73,12.69,962.0,842.16,190.0,370.65,5.63,6.0,1002.64,
2008,5,26,11,36.39,12.09,1055.0,897.42,173.0,371.83,5.71,358.0,1001.94,
2008,5,26,12,37.04,11.5,1073.0,917.54,162.0,373.02,5.79,349.0,1001.25,
2008,5,26,13,37.7,10.9,1019.0,917.4,151.0,374.2,5.88,341.0,1000.55,
2008,5,26,14,36.86,11.26,902.0,910.32,132.0,370.65,6.17,337.0,1000.39,
2008,5,26,15,36.02,11.62,710.0,811.39,143.0,367.1,6.46,334.0,1000.22,
2008,5,26,16,35.18,11.98,483.0,667.93,139.0,363.55,6.74,330.0,1000.06,
2008,5,26,17,33.29,13.71,253.0,504.81,98.0,358.93,6.38,332.0,1000.45,
2008,5,26,18,31.41,15.45,44.0,168.48,29.0,354.32,6.02,334.0,1000.85,
2008,5,26,19,29.53,17.18,0.0,0.0,0.0,349.7,5.66,336.0,1001.25,
2008,5,26,20,28.51,18.29,0.0,0.0,0.0,346.48,5.43,339.0,1001.68,
2008,5,26,21,27.5,19.39,0.0,0.0,0.0,343.27,5.2,342.0,1002.11,
2008,5,26,22,26.48,20.5,0.0,0.0,0.0,340.05,4.98,345.0,1002.54,
2008,5,26,23,25.73,21.73,0.0,0.0,0.0,336.9,4.69,348.0,1002.41,
2008,5,27,0,24.97,22.97,0.0,0.0,0.0,333.75,4.41,350.0,1002.27,
2008,5,27,1,24.22,24.2,0.0,0.0,0.0,330.6,4.12,353.0,1002.14,
2008,5,27,2,23.63,25.36,0.0,0.0,0.0,328.58,4.01,353.0,1002.24,
2008,5,27,3,23.04,26.53,0.0,0.0,0.0,326.57,3.9,354.0,1002.34,
2008,5,27,4,22.44,27.69,0.0,0.0,0.0,324.55,3.79,355.0,1002.44,
2008,5,27,5,23.77,26.41,0.0,0.0,0.0,325.65,3.91,354.0,1002.7,
2008,5,27,6,25.09,25.14,177.0,427.74,78.0,326.75,4.02,354.0,1002.97,
2008,5,27,7,26.41,23.86,402.0,609.8,131.0,327.85,4.14,353.0,1003.23,
2008,5,27,8,28.24,19.92,641.0,796.16,133.0,331.75,4.63,347.0,1002.84,
2008,5,27,9,30.08,15.99,839.0,874.61,140.0,335.65,5.11,342.0,1002.44,
2008,5,27,10,31.91,12.05,987.0,923.79,140.0,339.55,5.6,336.0,1002.04,
2008,5,27,11,32.76,10.66,1066.0,930.79,151.0,338.73,5.89,334.0,1001.31,
2008,5,27,12,33.61,9.26,1073.0,917.26,162.0,337.92,6.19,333.0,1000.59,
2008,5,27,13,34.46,7.87,1003.0,868.36,181.0,337.1,6.48,331.0,999.86,
2008,5,27,14,33.8,7.94,883.0,847.0,166.0,334.02,6.41,330.0,999.66,
2008,5,27,15,33.13,8.02,704.0,781.75,157.0,330.93,6.34,329.0,999.46,
2008,5,27,16,32.47,8.09,484.0,668.34,139.0,327.85,6.28,328.0,999.26,
2008,5,27,17,30.66,9.74,254.0,505.69,98.0,325.15,5.87,328.0,999.59,
2008,5,27,18,28.85,11.39,48.0,198.38,30.0,322.45,5.46,329.0,999.93,
2008,5,27,19,27.04,13.04,0.0,0.0,0.0,319.75,5.05,329.0,1000.26,
2008,5,27,20,26.16,15.26,0.0,0.0,0.0,318.75,4.94,333.0,1000.62,
2008,5,27,21,25.28,17.47,0.0,0.0,0.0,317.75,4.83,337.0,1000.98,
2008,5,27,22,24.4,19.69,0.0,0.0,0.0,316.75,4.72,341.0,1001.35,
2008,5,27,23,23.84,22.52,0.0,0.0,0.0,316.48,4.51,344.0,1001.25,
2008,5,28,0,23.27,25.35,0.0,0.0,0.0,316.22,4.31,347.0,1001.15,
2008,5,28,1,22.71,28.18,0.0,0.0,0.0,315.95,4.11,350.0,1001.05,
2008,5,28,2,21.98,30.8,0.0,0.0,0.0,315.08,4.0,348.0,1001.25,
2008,5,28,3,21.25,33.43,0.0,0.0,0.0,314.22,3.9,345.0,1001.45,
2008,5,28,4,20.52,36.05,0.0,0.0,0.0,313.35,3.79,342.0,1001.65,
2008,5,28,5,21.91,34.66,0.0,0.0,0.0,316.77,4.1,341.0,1002.01,
2008,5,28,6,23.3,33.28,176.0,409.25,81.0,320.18,4.41,340.0,1002.37,
2008,5,28,7,24.68,31.89,400.0,600.17,133.0,323.6,4.72,338.0,1002.74,
2008,5,28,8,26.56,27.54,641.0,795.78,133.0,329.18,4.94,337.0,1002.41,
2008,5,28,9,28.45,23.2,843.0,890.66,131.0,334.77,5.17,335.0,1002.08,
2008,5,28,10,30.33,18.85,977.0,889.83,161.0,340.35,5.39,333.0,1001.74,
2008,5,28,11,31.39,16.76,1066.0,930.62,151.0,340.92,5.59,330.0,1001.12,
2008,5,28,12,32.45,14.68,1073.0,917.0,162.0,341.48,5.79,328.0,1000.49,
2008,5,28,13,33.51,12.59,1014.0,900.69,161.0,342.05,5.99,326.0,999.86,
2008,5,28,14,33.06,12.33,889.0,862.87,158.0,339.03,6.09,325.0,999.56,
2008,5,28,15,32.6,12.06,708.0,796.45,150.0,336.02,6.19,324.0,999.26,
2008,5,28,16,32.15,11.8,490.0,693.9,131.0,333.0,6.29,323.0,998.97,
2008,5,28,17,30.49,13.67,253.0,487.22,102.0,330.48,5.86,322.0,999.33,
2008,5,28,18,28.84,15.54,48.0,183.95,31.0,327.97,5.43,320.0,999.69,
2008,5,28,19,27.19,17.41,0.0,0.0,0.0,325.45,5.01,319.0,1000.06,
2008,5,28,20,26.37,19.18,0.0,0.0,0.0,324.65,4.87,324.0,1000.32,
2008,5,28,21,25.55,20.94,0.0,0.0,0.0,323.85,4.74,329.0,1000.59,
2008,5,28,22,24.73,22.71,0.0,0.0,0.0,323.05,4.61,333.0,1000.85,
2008,5,28,23,24.18,24.67,0.0,0.0,0.0,322.32,4.48,338.0,1000.69,
2008,5,29,0,23.62,26.64,0.0,0.0,0.0,321.58,4.35,343.0,1000.52,
2008,5,29,1,23.07,28.6,0.0,0.0,0.0,320.85,4.22,347.0,1000.36,
2008,5,29,2,22.37,30.45,0.0,0.0,0.0,319.4,3.98,346.0,1000.62,
2008,5,29,3,21.67,32.3,0.0,0.0,0.0,317.95,3.73,344.0,1000.88,
2008,5,29,4,20.96,34.15,0.0,0.0,0.0,316.5,3.49,343.0,1001.15,
2008,5,29,5,22.42,32.01,0.0,0.0,0.0,319.38,3.62,343.0,1001.55,
2008,5,29,6,23.87,29.86,182.0,459.74,75.0,322.27,3.76,342.0,1001.94,
2008,5,29,7,25.32,27.72,402.0,610.85,130.0,325.15,3.89,342.0,1002.34,
2008,5,29,8,27.29,24.18,650.0,834.62,117.0,330.88,4.12,341.0,1001.91,
2008,5,29,9,29.26,20.64,851.0,918.0,117.0,336.62,4.35,340.0,1001.48,
2008,5,29,10,31.23,17.1,997.0,956.22,120.0,342.35,4.58,340.0,1001.05,
2008,5,29,11,32.28,15.44,1083.0,982.32,117.0,342.15,4.76,341.0,1000.36,
2008,5,29,12,33.32,13.79,1090.0,968.07,128.0,341.95,4.95,342.0,999.66,
2008,5,29,13,34.37,12.13,1020.0,917.16,151.0,341.75,5.13,344.0,998.97,
2008,5,29,14,34.03,12.04,903.0,910.57,131.0,338.6,5.0,346.0,998.6,
2008,5,29,15,33.69,11.95,720.0,842.47,129.0,335.45,4.86,348.0,998.24,
2008,5,29,16,33.36,11.86,499.0,732.85,119.0,332.3,4.73,350.0,997.87,
2008,5,29,17,31.71,14.01,265.0,565.3,89.0,330.1,4.45,345.0,998.07,
2008,5,29,18,30.07,16.15,50.0,201.97,31.0,327.9,4.16,340.0,998.27,
2008,5,29,19,28.43,18.3,0.0,0.0,0.0,325.7,3.88,335.0,998.47,
2008,5,29,20,27.65,19.44,0.0,0.0,0.0,324.9,4.1,339.0,998.67,
2008,5,29,21,26.88,20.59,0.0,0.0,0.0,324.1,4.32,343.0,998.87,
2008,5,29,22,26.1,21.73,0.0,0.0,0.0,323.3,4.54,347.0,999.07,
2008,5,29,23,25.39,23.47,0.0,0.0,0.0,323.88,4.42,349.0,998.87,
2008,5,30,0,24.67,25.2,0.0,0.0,0.0,324.47,4.3,351.0,998.67,
2008,5,30,1,23.96,26.94,0.0,0.0,0.0,325.05,4.18,353.0,998.47,
2008,5,30,2,23.3,29.09,0.0,0.0,0.0,324.38,3.93,351.0,998.73,
2008,5,30,3,22.64,31.25,0.0,0.0,0.0,323.72,3.68,349.0,999.0,
2008,5,30,4,21.97,33.4,0.0,0.0,0.0,323.05,3.43,347.0,999.26,
2008,5,30,5,23.31,31.52,0.0,0.0,0.0,325.9,3.43,345.0,999.56,
2008,5,30,6,24.65,29.65,180.0,445.81,76.0,328.75,3.43,343.0,999.86,
2008,5,30,7,25.99,27.77,405.0,621.59,128.0,331.6,3.42,341.0,1000.16,
2008,5,30,8,28.18,24.42,648.0,824.97,121.0,338.32,3.63,336.0,999.89,
2008,5,30,9,30.36,21.07,848.0,906.62,123.0,345.03,3.84,330.0,999.63,
2008,5,30,10,32.55,17.72,987.0,922.32,141.0,351.75,4.06,324.0,999.36,
2008,5,30,11,33.62,16.16,1071.0,946.59,140.0,352.5,4.29,324.0,998.7,
2008,5,30,12,34.69,14.6,1079.0,933.62,151.0,353.25,4.53,325.0,998.04,
2008,5,30,13,35.76,13.04,1015.0,899.87,162.0,354.0,4.77,325.0,997.38,
2008,5,30,14,35.38,12.75,894.0,878.06,149.0,350.23,4.74,325.0,997.18,
2008,5,30,15,35.0,12.45,721.0,841.41,130.0,346.47,4.7,326.0,996.98,
2008,5,30,16,34.62,12.16,498.0,719.69,124.0,342.7,4.66,326.0,996.78,
2008,5,30,17,32.77,14.01,264.0,546.78,93.0,339.28,4.6,321.0,997.01,
2008,5,30,18,30.93,15.85,52.0,208.97,32.0,335.87,4.53,315.0,997.25,
2008,5,30,19,29.09,17.7,0.0,0.0,0.0,332.45,4.47,310.0,997.48,
2008,5,30,20,28.18,18.84,0.0,0.0,0.0,331.4,4.41,316.0,997.74,
2008,5,30,21,27.27,19.98,0.0,0.0,0.0,330.35,4.36,321.0,998.01,
2008,5,30,22,26.36,21.12,0.0,0.0,0.0,329.3,4.3,327.0,998.27,
2008,5,30,23,25.72,22.36,0.0,0.0,0.0,329.4,4.18,333.0,998.21,
2008,5,31,0,25.08,23.61,0.0,0.0,0.0,329.5,4.06,338.0,998.14,
2008,5,31,1,24.45,24.85,0.0,0.0,0.0,329.6,3.93,343.0,998.07,
2008,5,31,2,23.82,25.77,0.0,0.0,0.0,329.68,3.73,345.0,998.5,
2008,5,31,3,23.2,26.7,0.0,0.0,0.0,329.77,3.53,347.0,998.93,
2008,5,31,4,22.57,27.62,0.0,0.0,0.0,329.85,3.32,349.0,999.36,
2008,5,31,5,24.09,25.36,0.0,0.0,0.0,332.78,3.26,349.0,999.93,
2008,5,31,6,25.6,23.1,174.0,389.29,83.0,335.72,3.2,348.0,1000.49,
2008,5,31,7,27.11,20.84,398.0,587.55,136.0,338.65,3.14,348.0,1001.05,
2008,5,31,8,29.4,17.92,641.0,795.04,133.0,345.48,3.35,341.0,1000.79,
2008,5,31,9,31.68,15.01,834.0,859.02,147.0,352.32,3.55,334.0,1000.52,
2008,5,31,10,33.97,12.09,987.0,922.26,141.0,359.15,3.75,326.0,1000.26,
2008,5,31,11,35.13,10.89,1077.0,963.76,129.0,359.55,4.01,323.0,999.66,
2008,5,31,12,36.29,9.68,1084.0,950.49,139.0,359.95,4.28,320.0,999.07,
2008,5,31,13,37.45,8.48,1020.0,916.34,151.0,360.35,4.54,316.0,998.47,
2008,5,31,14,37.0,8.42,886.0,846.79,167.0,356.03,4.73,319.0,998.34,
2008,5,31,15,36.54,8.36,718.0,827.56,136.0,351.72,4.92,322.0,998.21,
2008,5,31,16,36.09,8.3,502.0,733.48,120.0,347.4,5.12,324.0,998.07,
2008,5,31,17,33.99,9.1,266.0,550.74,93.0,343.43,5.01,326.0,998.47,
2008,5,31,18,27.3,11.57,52.0,195.24,33.0,327.5,4.43,327.0,998.87,
2008,5,31,19,27.25,12.4,0.0,0.0,0.0,328.26,4.35,329.0,999.26,
2008,5,31,20,27.19,13.23,0.0,0.0,0.0,329.01,4.27,335.0,999.56,
2008,5,31,21,27.14,14.05,0.0,0.0,0.0,329.76,4.18,342.0,999.86,
2008,5,31,22,27.08,14.88,0.0,0.0,0.0,330.51,4.1,348.0,1000.16,
2008,5,31,23,27.03,15.7,0.0,0.0,0.0,331.26,4.02,351.0,999.96,
2012,6,1,0,26.97,16.53,0.0,0.0,0.0,332.01,3.94,355.0,999.76,
2012,6,1,1,26.91,17.35,0.0,0.0,0.0,332.77,3.85,358.0,999.56,
2012,6,1,2,26.86,18.18,0.0,0.0,0.0,333.52,3.77,5.0,1004.66,
2012,6,1,3,26.8,19.01,0.0,0.0,0.0,334.27,3.69,5.0,1004.79,
2012,6,1,4,26.75,19.83,0.0,0.0,0.0,335.02,3.61,6.0,1004.92,
2012,6,1,5,26.69,20.66,0.0,0.0,0.0,335.77,3.52,4.0,1005.35,
2012,6,1,6,26.64,21.48,180.0,435.58,78.0,336.52,3.44,3.0,1005.78,
2012,6,1,7,26.58,22.31,409.0,647.77,120.0,337.28,3.36,2.0,1006.21,
2012,6,1,8,26.53,23.13,637.0,783.95,136.0,338.03,3.28,1.0,1005.91,
2012,6,1,9,26.47,23.96,838.0,877.73,136.0,338.78,3.19,1.0,1005.61,
2012,6,1,10,34.96,13.27,986.0,925.49,137.0,355.8,4.66,0.0,1005.32,
2012,6,1,11,35.93,12.07,1065.0,934.18,146.0,357.27,4.93,357.0,1004.52,
2012,6,1,12,36.89,10.86,1084.0,954.29,135.0,358.73,5.2,354.0,1003.73,
2012,6,1,13,37.86,9.66,1025.0,937.03,136.0,360.2,5.46,351.0,1002.94,
2012,6,1,14,37.38,9.53,904.0,912.07,129.0,358.53,5.49,351.0,1002.51,
2012,6,1,15,36.9,9.41,727.0,863.46,119.0,356.87,5.53,350.0,1002.08,
2012,6,1,16,36.43,9.28,505.0,752.98,112.0,355.2,5.56,349.0,1001.65,
2012,6,1,17,34.62,10.69,269.0,573.71,88.0,352.28,5.2,350.0,1002.08,
2012,6,1,18,32.81,12.09,54.0,212.33,33.0,349.37,4.83,350.0,1002.51,
2012,6,1,19,31.0,13.5,0.0,0.0,0.0,346.45,4.47,351.0,1002.94,
2012,6,1,20,30.14,14.59,0.0,0.0,0.0,344.87,3.94,357.0,1003.3,
2012,6,1,21,29.27,15.69,0.0,0.0,0.0,343.28,3.42,3.0,1003.66,
2012,6,1,22,28.41,16.78,0.0,0.0,0.0,341.7,2.9,9.0,1004.03,
2012,6,1,23,27.82,18.26,0.0,0.0,0.0,341.17,2.91,14.0,1003.96,
2012,6,2,0,27.23,19.73,0.0,0.0,0.0,340.63,2.93,19.0,1003.89,
2012,6,2,1,26.64,21.21,0.0,0.0,0.0,340.1,2.95,24.0,1003.83,
2012,6,2,2,26.07,22.3,0.0,0.0,0.0,340.52,2.77,23.0,1003.89,
2012,6,2,3,25.5,23.38,0.0,0.0,0.0,340.93,2.58,22.0,1003.96,
2012,6,2,4,24.93,24.47,0.0,0.0,0.0,341.35,2.4,21.0,1004.03,
2012,6,2,5,27.29,22.02,0.0,0.0,0.0,343.98,2.65,22.0,1004.42,
2012,6,2,6,29.65,19.58,182.0,452.0,76.0,346.62,2.91,22.0,1004.82,
2012,6,2,7,32.01,17.13,403.0,618.39,127.0,349.25,3.16,23.0,1005.22,
2012,6,2,8,34.01,15.24,612.0,688.44,172.0,355.32,3.55,23.0,1004.89,
2012,6,2,9,36.01,13.36,803.0,763.95,192.0,361.38,3.95,24.0,1004.56,
2012,6,2,10,38.01,11.47,938.0,789.22,214.0,367.45,4.34,24.0,1004.23,
2012,6,2,11,38.7,10.83,1018.0,808.06,223.0,369.2,4.31,21.0,1003.46,
2012,6,2,12,39.39,10.2,1031.0,811.32,224.0,370.95,4.27,18.0,1002.7,
2012,6,2,13,40.07,9.56,955.0,741.72,251.0,372.7,4.23,15.0,1001.94,
2012,6,2,14,39.79,9.5,853.0,752.64,213.0,369.57,4.39,13.0,1001.48,
2012,6,2,15,39.51,9.45,658.0,615.6,224.0,366.43,4.54,12.0,1001.02,
2012,6,2,16,39.23,9.39,434.0,443.57,202.0,363.3,4.69,10.0,1000.55,
2012,6,2,17,37.32,11.17,207.0,224.09,136.0,360.13,4.8,8.0,1001.05,
2012,6,2,18,35.4,12.96,60.0,288.68,31.0,356.97,4.91,6.0,1001.55,
2012,6,2,19,33.49,14.74,0.0,0.0,0.0,353.8,5.02,3.0,1002.04,
2012,6,2,20,32.66,15.55,0.0,0.0,0.0,351.93,4.63,5.0,1002.51,
2012,6,2,21,31.84,16.36,0.0,0.0,0.0,350.07,4.23,7.0,1002.97,
2012,6,2,22,31.02,17.17,0.0,0.0,0.0,348.2,3.83,9.0,1003.43,
2012,6,2,23,30.47,18.62,0.0,0.0,0.0,348.32,3.6,14.0,1003.37,
2012,6,3,0,29.93,20.08,0.0,0.0,0.0,348.43,3.37,18.0,1003.3,
2012,6,3,1,29.39,21.53,0.0,0.0,0.0,348.55,3.14,22.0,1003.23,
2012,6,3,2,28.56,23.56,0.0,0.0,0.0,349.78,2.92,23.0,1003.3,
2012,6,3,3,27.73,25.58,0.0,0.0,0.0,351.02,2.69,24.0,1003.37,
2012,6,3,4,26.9,27.61,0.0,0.0,0.0,352.25,2.47,24.0,1003.43,
2012,6,3,5,28.97,25.13,0.0,0.0,0.0,355.9,2.63,26.0,1003.96,
2012,6,3,6,31.05,22.65,167.0,336.47,88.0,359.55,2.79,27.0,1004.49,
2012,6,3,7,33.12,20.17,390.0,555.51,142.0,363.2,2.95,28.0,1005.02,
2012,6,3,8,35.23,17.15,606.0,663.39,182.0,369.7,3.31,29.0,1004.69,
2012,6,3,9,37.35,14.13,799.0,750.23,199.0,376.2,3.68,29.0,1004.36,
2012,6,3,10,39.46,11.11,938.0,789.23,214.0,382.7,4.04,30.0,1004.03,
2012,6,3,11,40.09,10.19,1018.0,808.01,223.0,383.4,3.91,25.0,1003.33,
2012,6,3,12,40.72,9.26,1031.0,811.15,224.0,384.1,3.77,19.0,1002.64,
2012,6,3,13,41.34,8.34,981.0,811.98,210.0,384.8,3.64,14.0,1001.94,
2012,6,3,14,41.06,8.26,854.0,753.28,213.0,380.33,3.66,15.0,1001.41,
2012,6,3,15,40.77,8.19,684.0,701.28,189.0,375.87,3.68,15.0,1000.88,
2012,6,3,16,40.48,8.11,476.0,606.72,158.0,371.4,3.7,15.0,1000.36,
2012,6,3,17,38.49,9.66,256.0,465.17,108.0,367.12,3.38,15.0,1000.75,
2012,6,3,18,36.49,11.2,56.0,205.91,35.0,362.83,3.06,15.0,1001.15,
2012,6,3,19,34.49,12.75,0.0,0.0,0.0,358.55,2.74,14.0,1001.55,
2012,6,3,20,33.7,13.98,0.0,0.0,0.0,356.02,2.91,16.0,1002.08,
2012,6,3,21,32.92,15.2,0.0,0.0,0.0,353.48,3.09,18.0,1002.6,
2012,6,3,22,32.14,16.43,0.0,0.0,0.0,350.95,3.26,20.0,1003.13,
2012,6,3,23,31.42,18.08,0.0,0.0,0.0,351.18,3.16,21.0,1002.94,
2012,6,4,0,30.7,19.73,0.0,0.0,0.0,351.42,3.06,22.0,1002.74,
2012,6,4,1,29.98,21.38,0.0,0.0,0.0,351.65,2.97,24.0,1002.54,
2012,6,4,2,28.88,23.2,0.0,0.0,0.0,350.53,2.49,22.0,1002.64,
2012,6,4,3,27.77,25.02,0.0,0.0,0.0,349.42,2.01,20.0,1002.74,
2012,6,4,4,26.66,26.84,0.0,0.0,0.0,348.3,1.53,18.0,1002.84,
2012,6,4,5,28.47,24.5,0.0,0.0,0.0,350.53,1.54,18.0,1003.17,
2012,6,4,6,30.27,22.16,176.0,400.0,82.0,352.77,1.55,18.0,1003.5,
2012,6,4,7,32.08,19.82,397.0,586.79,135.0,355.0,1.56,18.0,1003.83,
2012,6,4,8,34.6,16.97,615.0,699.42,168.0,361.67,1.84,15.0,1003.4,
2012,6,4,9,37.13,14.13,794.0,736.54,205.0,368.33,2.12,11.0,1002.97,
2012,6,4,10,39.65,11.28,938.0,788.17,215.0,375.0,2.4,8.0,1002.54,
2012,6,4,11,40.59,10.09,1023.0,822.2,214.0,375.7,3.23,3.0,1001.74,
2012,6,4,12,41.53,8.9,1036.0,825.07,215.0,376.4,4.06,357.0,1000.95,
2012,6,4,13,42.46,7.71,976.0,797.97,218.0,377.1,4.88,351.0,1000.16,
2012,6,4,14,41.95,7.92,863.0,780.93,198.0,374.08,5.41,349.0,999.73,
2012,6,4,15,41.43,8.12,663.0,626.86,220.0,371.07,5.93,347.0,999.3,
2012,6,4,16,40.91,8.33,477.0,607.38,158.0,368.05,6.46,344.0,998.87,
2012,6,4,17,39.06,9.6,255.0,457.01,109.0,365.22,6.12,342.0,999.2,
2012,6,4,18,37.21,10.86,56.0,202.93,35.0,362.38,5.79,339.0,999.53,
2012,6,4,19,35.36,12.13,0.0,0.0,0.0,359.55,5.46,337.0,999.86,
2012,6,4,20,34.35,12.69,0.0,0.0,0.0,358.78,4.7,344.0,1000.49,
2012,6,4,21,33.35,13.26,0.0,0.0,0.0,358.02,3.94,351.0,1001.12,
2012,6,4,22,32.35,13.82,0.0,0.0,0.0,357.25,3.17,358.0,1001.74,
2012,6,4,23,31.36,14.93,0.0,0.0,0.0,357.1,2.94,359.0,1001.58,
2012,6,5,0,30.37,16.03,0.0,0.0,0.0,356.95,2.71,1.0,1001.41,
2012,6,5,1,29.38,17.14,0.0,0.0,0.0,356.8,2.48,3.0,1001.25,
2012,6,5,2,28.33,18.83,0.0,0.0,0.0,354.3,2.79,357.0,1001.15,
2012,6,5,3,27.28,20.51,0.0,0.0,0.0,351.8,3.1,351.0,1001.05,
2012,6,5,4,26.23,22.2,0.0,0.0,0.0,349.3,3.41,345.0,1000.95,
2012,6,5,5,27.36,21.5,0.0,0.0,0.0,350.97,3.91,343.0,1001.38,
2012,6,5,6,28.48,20.79,148.0,216.88,97.0,352.63,4.41,342.0,1001.81,
2012,6,5,7,29.61,20.09,374.0,477.03,161.0,354.3,4.91,341.0,1002.24,
2012,6,5,8,32.04,17.37,592.0,615.0,199.0,361.25,5.47,340.0,1002.01,
2012,6,5,9,34.48,14.66,785.0,710.37,217.0,368.2,6.02,338.0,1001.78,
2012,6,5,10,36.91,11.94,928.0,759.88,231.0,375.15,6.58,336.0,1001.55,
2012,6,5,11,37.85,10.97,1012.0,792.7,232.0,377.43,6.57,332.0,1001.08,
2012,6,5,12,38.78,10.0,1031.0,810.85,224.0,379.72,6.55,328.0,1000.62,
2012,6,5,13,39.71,9.03,971.0,782.92,227.0,382.0,6.54,324.0,1000.16,
2012,6,5,14,38.89,9.35,864.0,780.38,199.0,377.55,6.28,322.0,1000.12,
2012,6,5,15,38.07,9.68,686.0,701.03,190.0,373.1,6.02,321.0,1000.09,
2012,6,5,16,37.24,10.0,483.0,630.85,151.0,368.65,5.77,319.0,1000.06,
2012,6,5,17,35.3,11.28,262.0,492.6,104.0,363.47,5.24,321.0,1000.59,
2012,6,5,18,33.36,12.57,57.0,190.56,37.0,358.28,4.71,324.0,1001.12,
2012,6,5,19,31.42,13.85,0.0,0.0,0.0,353.1,4.18,326.0,1001.65,
2012,6,5,20,30.26,14.88,0.0,0.0,0.0,348.85,4.0,329.0,1002.08,
2012,6,5,21,29.1,15.9,0.0,0.0,0.0,344.6,3.82,332.0,1002.51,
2012,6,5,22,27.94,16.93,0.0,0.0,0.0,340.35,3.64,335.0,1002.94,
2012,6,5,23,27.1,18.54,0.0,0.0,0.0,336.22,3.62,336.0,1002.77,
2012,6,6,0,26.27,20.14,0.0,0.0,0.0,332.08,3.6,337.0,1002.6,
2012,6,6,1,25.44,21.75,0.0,0.0,0.0,327.95,3.57,339.0,1002.44,
2012,6,6,2,24.71,24.22,0.0,0.0,0.0,326.08,3.69,339.0,1002.51,
2012,6,6,3,23.97,26.7,0.0,0.0,0.0,324.22,3.81,338.0,1002.57,
2012,6,6,4,23.23,29.17,0.0,0.0,0.0,322.35,3.93,338.0,1002.64,
2012,6,6,5,24.58,28.51,0.0,0.0,0.0,323.75,4.08,339.0,1002.97,
2012,6,6,6,25.94,27.86,184.0,467.62,74.0,325.15,4.23,340.0,1003.3,
2012,6,6,7,27.29,27.2,407.0,640.59,121.0,326.55,4.39,340.0,1003.63,
2012,6,6,8,29.37,21.93,621.0,724.67,158.0,331.25,4.7,338.0,1003.37,
2012,6,6,9,31.46,16.66,810.0,791.79,177.0,335.95,5.02,335.0,1003.1,
2012,6,6,10,33.54,11.39,942.0,802.48,206.0,340.65,5.34,333.0,1002.84,
2012,6,6,11,34.51,9.78,1023.0,822.15,214.0,339.42,5.35,331.0,1002.11,
2012,6,6,12,35.48,8.18,1042.0,839.84,206.0,338.18,5.37,329.0,1001.38,
2012,6,6,13,36.45,6.57,987.0,826.8,201.0,336.95,5.38,327.0,1000.65,
2012,6,6,14,35.88,6.6,864.0,781.02,198.0,333.28,5.48,328.0,1000.42,
2012,6,6,15,35.31,6.62,690.0,714.34,184.0,329.62,5.58,328.0,1000.19,
2012,6,6,16,34.74,6.65,461.0,532.88,180.0,325.95,5.68,329.0,999.96,
2012,6,6,17,32.92,7.81,266.0,512.41,101.0,323.42,5.13,328.0,1000.36,
2012,6,6,18,31.09,8.97,60.0,216.19,37.0,320.88,4.57,327.0,1000.75,
2012,6,6,19,29.27,10.13,0.0,0.0,0.0,318.35,4.01,326.0,1001.15,
2012,6,6,20,28.32,11.73,0.0,0.0,0.0,318.0,3.9,330.0,1001.55,
2012,6,6,21,27.37,13.34,0.0,0.0,0.0,317.65,3.79,335.0,1001.94,
2012,6,6,22,26.42,14.94,0.0,0.0,0.0,317.3,3.68,340.0,1002.34,
2012,6,6,23,25.74,17.3,0.0,0.0,0.0,317.13,3.58,342.0,1002.08,
2012,6,7,0,25.07,19.67,0.0,0.0,0.0,316.97,3.47,344.0,1001.81,
2012,6,7,1,24.4,22.03,0.0,0.0,0.0,316.8,3.37,346.0,1001.55,
2012,6,7,2,23.7,25.34,0.0,0.0,0.0,316.27,3.26,344.0,1001.68,
2012,6,7,3,23.0,28.65,0.0,0.0,0.0,315.73,3.16,342.0,1001.81,
2012,6,7,4,22.29,31.96,0.0,0.0,0.0,315.2,3.06,339.0,1001.94,
2012,6,7,5,23.77,30.63,0.0,0.0,0.0,318.37,3.47,338.0,1002.24,
2012,6,7,6,25.24,29.3,178.0,416.56,80.0,321.53,3.88,338.0,1002.54,
2012,6,7,7,26.72,27.97,407.0,640.72,121.0,324.7,4.29,337.0,1002.84,
2012,6,7,8,28.94,22.95,627.0,749.9,148.0,330.52,4.77,337.0,1002.41,
2012,6,7,9,31.16,17.93,814.0,804.46,171.0,336.33,5.26,337.0,1001.98,
2012,6,7,10,33.38,12.91,957.0,846.19,181.0,342.15,5.74,337.0,1001.55,
2012,6,7,11,34.64,11.06,1028.0,836.38,205.0,343.18,5.94,338.0,1000.75,
2012,6,7,12,35.9,9.2,1047.0,854.77,196.0,344.22,6.13,340.0,999.96,
2012,6,7,13,37.15,7.35,992.0,841.21,192.0,345.25,6.33,341.0,999.16,
2012,6,7,14,36.65,7.43,869.0,794.55,191.0,343.18,6.27,340.0,998.77,
2012,6,7,15,36.15,7.5,695.0,727.62,179.0,341.12,6.2,340.0,998.37,
2012,6,7,16,35.65,7.58,485.0,632.15,151.0,339.05,6.14,339.0,997.97,
2012,6,7,17,33.96,8.92,266.0,504.26,103.0,336.55,5.73,339.0,998.37,
2012,6,7,18,32.26,10.27,61.0,222.66,37.0,334.05,5.33,338.0,998.77,
2012,6,7,19,30.56,11.61,0.0,0.0,0.0,331.55,4.92,338.0,999.16,
2012,6,7,20,29.71,13.16,0.0,0.0,0.0,331.05,4.5,343.0,999.69,
2012,6,7,21,28.87,14.71,0.0,0.0,0.0,330.55,4.07,348.0,1000.22,
2012,6,7,22,28.03,16.26,0.0,0.0,0.0,330.05,3.64,353.0,1000.75,
2012,6,7,23,27.31,17.72,0.0,0.0,0.0,329.73,3.36,354.0,1000.55,
2012,6,8,0,26.6,19.18,0.0,0.0,0.0,329.42,3.07,354.0,1000.36,
2012,6,8,1,25.89,20.64,0.0,0.0,0.0,329.1,2.79,355.0,1000.16,
2012,6,8,2,25.4,20.97,0.0,0.0,0.0,328.6,2.72,355.0,1000.22,
2012,6,8,3,24.91,21.29,0.0,0.0,0.0,328.1,2.66,355.0,1000.29,
2012,6,8,4,24.41,21.62,0.0,0.0,0.0,327.6,2.59,356.0,1000.36,
2012,6,8,5,26.49,20.03,0.0,0.0,0.0,331.07,2.96,357.0,1000.49,
2012,6,8,6,28.56,18.43,188.0,501.65,70.0,334.53,3.33,358.0,1000.62,
2012,6,8,7,30.64,16.84,407.0,640.93,121.0,338.0,3.7,359.0,1000.75,
2012,6,8,8,32.92,15.24,620.0,725.07,157.0,345.33,4.41,360.0,1000.36,
2012,6,8,9,35.21,13.64,809.0,790.89,177.0,352.67,5.13,0.0,999.96,
2012,6,8,10,37.49,12.04,951.0,831.04,189.0,360.0,5.85,1.0,999.56,
2012,6,8,11,38.2,11.34,1027.0,836.39,204.0,362.9,6.12,358.0,998.87,
2012,6,8,12,38.9,10.65,1042.0,839.58,206.0,365.8,6.39,355.0,998.17,
2012,6,8,13,39.6,9.95,993.0,840.9,193.0,368.7,6.66,352.0,997.48,
2012,6,8,14,39.12,10.29,865.0,781.13,198.0,366.58,6.57,350.0,997.11,
2012,6,8,15,38.63,10.62,695.0,728.22,178.0,364.47,6.49,347.0,996.75,
2012,6,8,16,38.14,10.96,486.0,630.93,152.0,362.35,6.4,345.0,996.39,
2012,6,8,17,36.25,12.65,253.0,419.17,117.0,360.37,5.31,342.0,996.75,
2012,6,8,18,34.35,14.33,63.0,229.03,38.0,358.38,4.23,339.0,997.11,
2012,6,8,19,32.46,16.02,0.0,0.0,0.0,356.4,3.14,336.0,997.48,
2012,6,8,20,30.96,17.79,0.0,0.0,0.0,355.18,2.92,341.0,997.81,
2012,6,8,21,29.47,19.56,0.0,0.0,0.0,353.97,2.69,346.0,998.14,
2012,6,8,22,27.98,21.33,0.0,0.0,0.0,352.75,2.47,350.0,998.47,
2012,6,8,23,27.3,23.48,0.0,0.0,0.0,351.05,2.08,3.0,998.07,
2012,6,9,0,26.63,25.63,0.0,0.0,0.0,349.35,1.69,16.0,997.68,
2012,6,9,1,25.96,27.78,0.0,0.0,0.0,347.65,1.3,29.0,997.28,
2012,6,9,2,26.13,29.12,0.0,0.0,0.0,348.58,1.03,40.0,997.48,
2012,6,9,3,26.3,30.46,0.0,0.0,0.0,349.52,0.75,51.0,997.68,
2012,6,9,4,26.46,31.8,0.0,0.0,0.0,350.45,0.48,62.0,997.87,
2012,6,9,5,27.92,28.23,0.0,0.0,0.0,355.4,0.57,54.0,998.27,
2012,6,9,6,29.38,24.65,180.0,429.55,79.0,360.35,0.66,46.0,998.67,
2012,6,9,7,30.84,21.08,402.0,618.79,126.0,365.3,0.74,38.0,999.07,
2012,6,9,8,33.1,18.27,620.0,723.78,158.0,372.08,1.22,2.0,998.87,
2012,6,9,9,35.36,15.47,809.0,791.11,177.0,378.87,1.69,326.0,998.67,
2012,6,9,10,37.62,12.66,956.0,845.36,181.0,385.65,2.17,290.0,998.47,
2012,6,9,11,38.31,11.85,1038.0,865.88,186.0,383.18,2.44,292.0,997.94,
2012,6,9,12,39.0,11.03,1052.0,869.58,186.0,380.72,2.71,293.0,997.41,
2012,6,9,13,39.69,10.22,993.0,841.65,192.0,378.25,2.98,295.0,996.88,
2012,6,9,14,39.2,10.61,875.0,809.88,183.0,374.62,3.29,297.0,996.75,
2012,6,9,15,38.71,11.0,704.0,754.14,168.0,370.98,3.6,300.0,996.62,
2012,6,9,16,38.22,11.39,498.0,678.77,138.0,367.35,3.9,302.0,996.49,
2012,6,9,17,36.36,13.78,273.0,534.34,99.0,363.88,3.87,307.0,996.78,
2012,6,9,18,34.5,16.17,63.0,226.28,38.0,360.42,3.84,312.0,997.08,
2012,6,9,19,32.64,18.56,0.0,0.0,0.0,356.95,3.81,316.0,997.38,
2012,6,9,20,31.55,20.89,0.0,0.0,0.0,356.97,3.78,322.0,997.84,
2012,6,9,21,30.47,23.21,0.0,0.0,0.0,356.98,3.76,327.0,998.3,
2012,6,9,22,29.39,25.54,0.0,0.0,0.0,357.0,3.74,332.0,998.77,
2012,6,9,23,28.59,27.43,0.0,0.0,0.0,357.67,3.49,335.0,998.54,
2012,6,10,0,27.79,29.33,0.0,0.0,0.0,358.33,3.25,339.0,998.3,
2012,6,10,1,26.99,31.22,0.0,0.0,0.0,359.0,3.01,342.0,998.07,
2012,6,10,2,26.2,33.17,0.0,0.0,0.0,357.4,2.98,342.0,998.5,
2012,6,10,3,25.41,35.12,0.0,0.0,0.0,355.8,2.96,341.0,998.93,
2012,6,10,4,24.61,37.07,0.0,0.0,0.0,354.2,2.94,341.0,999.36,
2012,6,10,5,26.05,34.54,0.0,0.0,0.0,357.03,3.27,341.0,999.69,
2012,6,10,6,27.5,32.02,171.0,366.0,85.0,359.87,3.6,341.0,1000.02,
2012,6,10,7,28.94,29.49,393.0,574.26,137.0,362.7,3.93,342.0,1000.36,
2012,6,10,8,31.17,26.23,613.0,699.01,167.0,369.78,3.75,335.0,1000.12,
2012,6,10,9,33.41,22.97,804.0,776.33,184.0,376.87,3.57,329.0,999.89,
2012,6,10,10,35.64,19.71,950.0,830.24,189.0,383.95,3.39,322.0,999.66,
2012,6,10,11,36.52,17.81,1038.0,865.92,186.0,384.6,3.13,310.0,999.1,
2012,6,10,12,37.39,15.92,1047.0,854.4,196.0,385.25,2.87,296.0,998.54,
2012,6,10,13,38.26,14.02,998.0,856.05,183.0,385.9,2.61,284.0,997.97,
2012,6,10,14,37.88,13.5,880.0,823.39,176.0,378.52,2.77,286.0,997.74,
2012,6,10,15,37.49,12.97,704.0,754.73,167.0,371.13,2.94,288.0,997.51,
2012,6,10,16,37.1,12.45,496.0,668.11,141.0,363.75,3.1,291.0,997.28,
2012,6,10,17,35.29,14.79,271.0,517.15,102.0,359.17,2.99,296.0,997.58,
2012,6,10,18,33.48,17.13,63.0,214.71,39.0,354.58,2.88,300.0,997.87,
2012,6,10,19,31.67,19.47,0.0,0.0,0.0,350.0,2.77,305.0,998.17,
2012,6,10,20,30.57,21.8,0.0,0.0,0.0,348.68,2.7,309.0,998.47,
2012,6,10,21,29.48,24.12,0.0,0.0,0.0,347.37,2.63,313.0,998.77,
2012,6,10,22,28.39,26.45,0.0,0.0,0.0,346.05,2.57,318.0,999.07,
2012,6,10,23,27.58,28.69,0.0,0.0,0.0,345.48,2.57,319.0,998.9,
2012,6,11,0,26.77,30.93,0.0,0.0,0.0,344.92,2.57,321.0,998.73,
2012,6,11,1,25.96,33.17,0.0,0.0,0.0,344.35,2.58,323.0,998.57,
2012,6,11,2,25.11,36.26,0.0,0.0,0.0,341.75,2.44,324.0,999.07,
2012,6,11,3,24.26,39.34,0.0,0.0,0.0,339.15,2.29,325.0,999.56,
2012,6,11,4,23.4,42.43,0.0,0.0,0.0,336.55,2.15,326.0,1000.06,
2012,6,11,5,25.3,38.27,0.0,0.0,0.0,340.4,2.19,322.0,1000.42,
2012,6,11,6,27.19,34.11,184.0,468.56,74.0,344.25,2.23,319.0,1000.79,
2012,6,11,7,29.09,29.95,410.0,662.17,115.0,348.1,2.28,316.0,1001.15,
2012,6,11,8,31.25,25.77,625.0,749.53,147.0,355.27,2.49,308.0,1000.88,
2012,6,11,9,33.4,21.58,820.0,832.96,155.0,362.43,2.7,300.0,1000.62,
2012,6,11,10,35.56,17.4,964.0,875.15,162.0,369.6,2.91,292.0,1000.36,
2012,6,11,11,36.43,15.53,1048.0,896.45,166.0,368.52,2.91,291.0,999.79,
2012,6,11,12,37.29,13.66,1052.0,869.35,186.0,367.43,2.92,289.0,999.23,
2012,6,11,13,38.15,11.79,1003.0,871.51,173.0,366.35,2.92,288.0,998.67,
2012,6,11,14,37.92,11.59,885.0,838.06,168.0,361.62,3.04,292.0,998.27,
2012,6,11,15,37.68,11.39,709.0,767.96,162.0,356.88,3.16,296.0,997.87,
2012,6,11,16,37.44,11.19,502.0,691.33,134.0,352.15,3.28,300.0,997.48,
2012,6,11,17,35.45,13.47,278.0,555.02,96.0,347.9,3.02,300.0,997.81,
2012,6,11,18,33.46,15.76,68.0,274.26,37.0,343.65,2.75,300.0,998.14,
2012,6,11,19,31.47,18.04,0.0,0.0,0.0,339.4,2.48,300.0,998.47,
2012,6,11,20,30.33,20.13,0.0,0.0,0.0,337.43,2.55,304.0,998.87,
2012,6,11,21,29.19,22.21,0.0,0.0,0.0,335.47,2.62,307.0,999.26,
2012,6,11,22,28.06,24.3,0.0,0.0,0.0,333.5,2.69,311.0,999.66,
2012,6,11,23,27.33,26.34,0.0,0.0,0.0,333.47,2.75,313.0,999.4,
2012,6,12,0,26.61,28.39,0.0,0.0,0.0,333.43,2.81,315.0,999.13,
2012,6,12,1,25.88,30.43,0.0,0.0,0.0,333.4,2.87,317.0,998.87,
2012,6,12,2,25.36,32.47,0.0,0.0,0.0,333.52,2.68,323.0,999.36,
2012,6,12,3,24.84,34.51,0.0,0.0,0.0,333.63,2.48,330.0,999.86,
2012,6,12,4,24.31,36.55,0.0,0.0,0.0,333.75,2.29,336.0,1000.36,
2012,6,12,5,26.4,33.47,0.0,0.0,0.0,338.28,2.45,336.0,1000.75,
2012,6,12,6,28.49,30.4,189.0,520.26,67.0,342.82,2.6,337.0,1001.15,
2012,6,12,7,30.58,27.32,413.0,685.13,108.0,347.35,2.76,337.0,1001.55,
2012,6,12,8,32.61,22.69,631.0,775.04,137.0,354.72,3.25,330.0,1001.25,
2012,6,12,9,34.65,18.06,820.0,832.03,156.0,362.08,3.73,322.0,1000.95,
2012,6,12,10,36.68,13.43,954.0,844.78,180.0,369.45,4.22,314.0,1000.65,
2012,6,12,11,37.33,11.97,1042.0,881.26,175.0,368.0,4.29,312.0,1000.06,
2012,6,12,12,37.98,10.51,1052.0,869.25,186.0,366.55,4.36,309.0,999.46,
2012,6,12,13,38.62,9.05,998.0,855.47,183.0,365.1,4.43,306.0,998.87,
2012,6,12,14,38.27,9.04,881.0,823.51,176.0,361.18,4.48,308.0,998.47,
2012,6,12,15,37.92,9.04,709.0,768.56,161.0,357.27,4.54,310.0,998.07,
2012,6,12,16,37.56,9.03,501.0,680.74,138.0,353.35,4.59,312.0,997.68,
2012,6,12,17,35.64,10.79,276.0,534.93,100.0,349.58,4.34,312.0,997.97,
2012,6,12,18,33.72,12.55,69.0,262.6,39.0,345.82,4.08,312.0,998.27,
2012,6,12,19,31.8,14.31,0.0,0.0,0.0,342.05,3.82,312.0,998.57,
2012,6,12,20,30.73,15.78,0.0,0.0,0.0,340.28,3.7,316.0,998.83,
2012,6,12,21,29.66,17.25,0.0,0.0,0.0,338.52,3.57,320.0,999.1,
2012,6,12,22,28.6,18.72,0.0,0.0,0.0,336.75,3.45,324.0,999.36,
2012,6,12,23,27.83,20.09,0.0,0.0,0.0,335.43,3.17,329.0,999.07,
2012,6,13,0,27.07,21.47,0.0,0.0,0.0,334.12,2.9,334.0,998.77,
2012,6,13,1,26.31,22.84,0.0,0.0,0.0,332.8,2.62,340.0,998.47,
2012,6,13,2,25.73,24.79,0.0,0.0,0.0,332.22,2.56,343.0,998.83,
2012,6,13,3,25.14,26.75,0.0,0.0,0.0,331.63,2.5,346.0,999.2,
2012,6,13,4,24.55,28.7,0.0,0.0,0.0,331.05,2.44,349.0,999.56,
2012,6,13,5,26.48,27.17,0.0,0.0,0.0,334.47,2.77,348.0,999.99,
2012,6,13,6,28.4,25.65,189.0,520.98,67.0,337.88,3.09,347.0,1000.42,
2012,6,13,7,30.33,24.12,413.0,683.47,109.0,341.3,3.42,347.0,1000.85,
2012,6,13,8,32.34,20.29,634.0,788.06,132.0,348.1,4.21,342.0,1000.52,
2012,6,13,9,34.36,16.47,823.0,846.16,148.0,354.9,4.99,338.0,1000.19,
2012,6,13,10,36.37,12.64,968.0,889.75,153.0,361.7,5.78,333.0,999.86,
2012,6,13,11,37.04,11.47,1052.0,911.82,155.0,361.05,5.68,330.0,999.26,
2012,6,13,12,37.71,10.31,1063.0,900.26,166.0,360.4,5.59,328.0,998.67,
2012,6,13,13,38.37,9.14,1004.0,870.92,174.0,359.75,5.49,325.0,998.07,
2012,6,13,14,38.05,9.22,890.0,853.36,159.0,357.6,5.59,327.0,997.64,
2012,6,13,15,37.73,9.31,714.0,781.78,156.0,355.45,5.68,329.0,997.21,
2012,6,13,16,37.4,9.39,507.0,705.78,130.0,353.3,5.78,332.0,996.78,
2012,6,13,17,35.58,10.61,279.0,545.32,99.0,350.27,5.07,330.0,996.98,
2012,6,13,18,33.75,11.83,70.0,268.59,39.0,347.23,4.36,328.0,997.18,
2012,6,13,19,31.92,13.05,0.0,0.0,0.0,344.2,3.66,327.0,997.38,
2012,6,13,20,30.84,14.06,0.0,0.0,0.0,342.03,3.49,329.0,997.58,
2012,6,13,21,29.76,15.08,0.0,0.0,0.0,339.87,3.32,332.0,997.78,
2012,6,13,22,28.69,16.09,0.0,0.0,0.0,337.7,3.16,335.0,997.97,
2012,6,13,23,27.86,17.25,0.0,0.0,0.0,335.5,3.05,338.0,997.68,
2012,6,14,0,27.04,18.4,0.0,0.0,0.0,333.3,2.95,340.0,997.38,
2012,6,14,1,26.22,19.56,0.0,0.0,0.0,331.1,2.84,343.0,997.08,
2012,6,14,2,25.77,20.82,0.0,0.0,0.0,330.55,2.71,343.0,997.48,
2012,6,14,3,25.31,22.07,0.0,0.0,0.0,330.0,2.57,344.0,997.87,
2012,6,14,4,24.85,23.33,0.0,0.0,0.0,329.45,2.44,345.0,998.27,
2012,6,14,5,26.57,22.42,0.0,0.0,0.0,332.35,2.94,343.0,998.54,
2012,6,14,6,28.29,21.51,187.0,508.99,68.0,335.25,3.43,342.0,998.8,
2012,6,14,7,30.01,20.6,408.0,661.62,114.0,338.15,3.93,340.0,999.07,
2012,6,14,8,31.89,17.8,627.0,761.87,142.0,344.43,4.34,335.0,998.73,
2012,6,14,9,33.76,15.01,819.0,831.48,156.0,350.72,4.75,330.0,998.4,
2012,6,14,10,35.64,12.21,958.0,859.4,171.0,357.0,5.16,325.0,998.07,
2012,6,14,11,36.41,11.08,1042.0,880.38,176.0,357.22,5.05,322.0,997.44,
2012,6,14,12,37.18,9.95,1062.0,900.17,165.0,357.43,4.94,320.0,996.82,
2012,6,14,13,37.95,8.82,1004.0,870.64,174.0,357.65,4.83,317.0,996.19,
2012,6,14,14,37.55,8.84,882.0,823.68,176.0,355.35,4.77,318.0,995.86,
2012,6,14,15,37.15,8.86,715.0,782.4,156.0,353.05,4.72,318.0,995.53,
2012,6,14,16,36.74,8.88,503.0,682.18,138.0,350.75,4.66,319.0,995.2,
2012,6,14,17,34.9,10.07,279.0,537.58,101.0,347.28,4.39,317.0,995.56,
2012,6,14,18,33.05,11.27,71.0,274.57,39.0,343.82,4.11,315.0,995.92,
2012,6,14,19,31.2,12.46,0.0,0.0,0.0,340.35,3.83,313.0,996.29,
2012,6,14,20,30.17,13.48,0.0,0.0,0.0,338.2,3.76,316.0,996.55,
2012,6,14,21,29.14,14.5,0.0,0.0,0.0,336.05,3.69,318.0,996.82,
2012,6,14,22,28.12,15.52,0.0,0.0,0.0,333.9,3.61,321.0,997.08,
2012,6,14,23,27.38,17.02,0.0,0.0,0.0,331.65,3.44,323.0,996.95,
2012,6,15,0,26.64,18.53,0.0,0.0,0.0,329.4,3.26,324.0,996.82,
2012,6,15,1,25.9,20.03,0.0,0.0,0.0,327.15,3.09,326.0,996.68,
2012,6,15,2,25.24,22.32,0.0,0.0,0.0,326.63,3.03,328.0,997.11,
2012,6,15,3,24.58,24.6,0.0,0.0,0.0,326.12,2.97,330.0,997.54,
2012,6,15,4,23.92,26.89,0.0,0.0,0.0,325.6,2.91,332.0,997.97,
2012,6,15,5,25.53,25.84,0.0,0.0,0.0,328.63,3.33,330.0,998.24,
2012,6,15,6,27.15,24.79,183.0,475.65,72.0,331.67,3.75,329.0,998.5,
2012,6,15,7,28.76,23.74,407.0,660.06,114.0,334.7,4.17,327.0,998.77,
2012,6,15,8,30.9,20.27,629.0,774.98,136.0,340.97,4.4,323.0,998.44,
2012,6,15,9,33.04,16.8,822.0,845.67,148.0,347.23,4.63,319.0,998.11,
2012,6,15,10,35.18,13.33,967.0,889.13,153.0,353.5,4.86,315.0,997.78,
2012,6,15,11,36.14,11.74,1052.0,910.97,156.0,353.37,4.63,314.0,997.15,
2012,6,15,12,37.09,10.16,1068.0,915.14,156.0,353.23,4.4,312.0,996.52,
2012,6,15,13,38.04,8.57,1009.0,886.1,164.0,353.1,4.18,311.0,995.89,
2012,6,15,14,37.7,8.48,891.0,853.51,159.0,350.38,4.34,313.0,995.69,
2012,6,15,15,37.36,8.4,722.0,811.0,142.0,347.67,4.5,315.0,995.49,
2012,6,15,16,37.02,8.31,509.0,705.33,131.0,344.95,4.66,317.0,995.29,
2012,6,15,17,35.12,9.79,284.0,569.08,95.0,341.0,4.38,314.0,995.63,
2012,6,15,18,33.21,11.26,74.0,297.54,39.0,337.05,4.1,312.0,995.96,
2012,6,15,19,31.3,12.74,0.0,0.0,0.0,333.1,3.82,309.0,996.29,
2012,6,15,20,30.3,14.33,0.0,0.0,0.0,331.93,3.72,314.0,996.68,
2012,6,15,21,29.3,15.93,0.0,0.0,0.0,330.77,3.62,318.0,997.08,
2012,6,15,22,28.3,17.52,0.0,0.0,0.0,329.6,3.52,322.0,997.48,
2012,6,15,23,27.59,19.59,0.0,0.0,0.0,329.62,3.28,325.0,997.31,
2012,6,16,0,26.89,21.65,0.0,0.0,0.0,329.63,3.04,328.0,997.15,
2012,6,16,1,26.19,23.72,0.0,0.0,0.0,329.65,2.8,331.0,996.98,
2012,6,16,2,25.57,25.74,0.0,0.0,0.0,328.7,2.8,333.0,997.44,
2012,6,16,3,24.95,27.77,0.0,0.0,0.0,327.75,2.81,336.0,997.91,
2012,6,16,4,24.33,29.79,0.0,0.0,0.0,326.8,2.81,339.0,998.37,
2012,6,16,5,26.01,27.95,0.0,0.0,0.0,330.9,2.92,339.0,998.67,
2012,6,16,6,27.69,26.1,176.0,420.81,78.0,335.0,3.03,340.0,998.97,
2012,6,16,7,29.37,24.26,399.0,615.7,126.0,339.1,3.14,341.0,999.26,
2012,6,16,8,31.62,21.19,619.0,734.65,152.0,347.35,3.25,336.0,998.9,
2012,6,16,9,33.87,18.12,813.0,817.21,162.0,355.6,3.36,331.0,998.54,
2012,6,16,10,36.12,15.05,957.0,858.8,171.0,363.85,3.46,327.0,998.17,
2012,6,16,11,37.08,13.48,1036.0,865.3,185.0,364.75,3.25,317.0,997.44,
2012,6,16,12,38.04,11.92,1062.0,900.01,165.0,365.65,3.03,307.0,996.72,
2012,6,16,13,38.99,10.35,1009.0,885.83,164.0,366.55,2.81,297.0,995.99,
2012,6,16,14,38.66,10.44,891.0,853.02,159.0,361.83,3.11,299.0,995.63,
2012,6,16,15,38.33,10.54,720.0,796.26,150.0,357.12,3.4,301.0,995.26,
2012,6,16,16,37.99,10.63,510.0,706.08,131.0,352.4,3.7,303.0,994.9,
2012,6,16,17,36.02,13.02,285.0,567.43,96.0,347.5,3.57,303.0,995.16,
2012,6,16,18,34.04,15.4,76.0,328.64,37.0,342.6,3.45,302.0,995.43,
2012,6,16,19,32.06,17.79,0.0,0.0,0.0,337.7,3.32,301.0,995.69,
2012,6,16,20,31.15,19.78,0.0,0.0,0.0,337.57,3.11,308.0,995.89,
2012,6,16,21,30.24,21.77,0.0,0.0,0.0,337.43,2.9,314.0,996.09,
2012,6,16,22,29.34,23.76,0.0,0.0,0.0,337.3,2.69,321.0,996.29,
2012,6,16,23,28.69,25.72,0.0,0.0,0.0,338.43,2.65,327.0,995.99,
2012,6,17,0,28.05,27.69,0.0,0.0,0.0,339.57,2.62,333.0,995.69,
2012,6,17,1,27.41,29.65,0.0,0.0,0.0,340.7,2.58,340.0,995.39,
2012,6,17,2,26.73,30.83,0.0,0.0,0.0,340.58,2.59,344.0,995.63,
2012,6,17,3,26.05,32.02,0.0,0.0,0.0,340.47,2.61,348.0,995.86,
2012,6,17,4,25.36,33.2,0.0,0.0,0.0,340.35,2.62,352.0,996.09,
2012,6,17,5,27.01,30.6,0.0,0.0,0.0,344.1,2.8,351.0,996.58,
2012,6,17,6,28.65,28.0,165.0,335.7,87.0,347.85,2.99,349.0,997.08,
2012,6,17,7,30.3,25.4,392.0,582.59,134.0,351.6,3.17,348.0,997.58,
2012,6,17,8,32.71,21.68,619.0,733.67,153.0,360.35,3.19,348.0,997.44,
2012,6,17,9,35.13,17.95,813.0,816.38,163.0,369.1,3.21,348.0,997.31,
2012,6,17,10,37.54,14.23,961.0,873.27,162.0,377.85,3.23,348.0,997.18,
2012,6,17,11,38.44,12.64,1051.0,911.16,155.0,378.92,2.79,317.0,996.55,
2012,6,17,12,39.33,11.06,1073.0,931.03,145.0,379.98,2.35,286.0,995.92,
2012,6,17,13,40.22,9.47,1014.0,901.28,154.0,381.05,1.92,255.0,995.29,
2012,6,17,14,39.8,9.67,896.0,867.68,151.0,372.92,2.1,255.0,995.2,
2012,6,17,15,39.37,9.86,724.0,810.87,143.0,364.78,2.29,255.0,995.1,
2012,6,17,16,38.94,10.06,513.0,719.89,126.0,356.65,2.47,254.0,995.0,
2012,6,17,17,37.02,12.75,283.0,550.88,99.0,351.75,2.51,270.0,995.26,
2012,6,17,18,35.09,15.43,75.0,292.48,40.0,346.85,2.54,285.0,995.53,
2012,6,17,19,33.16,18.12,0.0,0.0,0.0,341.95,2.58,301.0,995.79,
2012,6,17,20,32.17,20.46,0.0,0.0,0.0,342.08,2.79,308.0,996.06,
2012,6,17,21,31.18,22.81,0.0,0.0,0.0,342.22,3.0,315.0,996.32,
2012,6,17,22,30.2,25.15,0.0,0.0,0.0,342.35,3.21,323.0,996.58,
2012,6,17,23,29.47,27.09,0.0,0.0,0.0,343.32,3.22,325.0,996.39,
2012,6,18,0,28.75,29.03,0.0,0.0,0.0,344.28,3.22,327.0,996.19,
2012,6,18,1,28.03,30.97,0.0,0.0,0.0,345.25,3.23,329.0,995.99,
2012,6,18,2,27.36,32.32,0.0,0.0,0.0,345.5,2.95,329.0,996.52,
2012,6,18,3,26.68,33.68,0.0,0.0,0.0,345.75,2.67,329.0,997.05,
2012,6,18,4,26.0,35.03,0.0,0.0,0.0,346.0,2.39,329.0,997.58,
2012,6,18,5,27.96,32.17,0.0,0.0,0.0,349.95,2.73,328.0,997.87,
2012,6,18,6,29.92,29.31,173.0,396.96,81.0,353.9,3.08,327.0,998.17,
2012,6,18,7,31.88,26.45,395.0,603.71,128.0,357.85,3.42,325.0,998.47,
2012,6,18,8,34.13,22.7,618.0,734.28,152.0,367.18,3.41,319.0,998.3,
2012,6,18,9,36.38,18.96,812.0,815.57,163.0,376.52,3.39,313.0,998.14,
2012,6,18,10,38.63,15.21,956.0,858.24,171.0,385.85,3.38,306.0,997.97,
2012,6,18,11,39.34,13.93,1040.0,879.75,175.0,386.7,3.29,299.0,997.48,
2012,6,18,12,40.05,12.65,1057.0,883.81,176.0,387.55,3.2,291.0,996.98,
2012,6,18,13,40.75,11.37,1010.0,886.35,164.0,388.4,3.12,284.0,996.49,
2012,6,18,14,40.39,11.63,888.0,839.26,167.0,384.47,3.34,287.0,996.29,
2012,6,18,15,40.02,11.89,717.0,783.64,155.0,380.53,3.56,290.0,996.09,
2012,6,18,16,39.65,12.15,511.0,707.69,130.0,376.6,3.78,293.0,995.89,
2012,6,18,17,37.73,14.39,284.0,552.4,99.0,371.72,3.44,295.0,996.25,
2012,6,18,18,35.8,16.64,75.0,281.89,41.0,366.83,3.1,297.0,996.62,
2012,6,18,19,33.88,18.88,0.0,0.0,0.0,361.95,2.76,299.0,996.98,
2012,6,18,20,32.8,20.87,0.0,0.0,0.0,359.37,2.79,304.0,997.28,
2012,6,18,21,31.72,22.85,0.0,0.0,0.0,356.78,2.81,309.0,997.58,
2012,6,18,22,30.65,24.84,0.0,0.0,0.0,354.2,2.84,314.0,997.87,
2012,6,18,23,29.92,26.7,0.0,0.0,0.0,353.22,2.82,315.0,997.58,
2012,6,19,0,29.2,28.55,0.0,0.0,0.0,352.23,2.8,317.0,997.28,
2012,6,19,1,28.48,30.41,0.0,0.0,0.0,351.25,2.77,318.0,996.98,
2012,6,19,2,28.11,31.11,0.0,0.0,0.0,351.45,2.96,319.0,997.38,
2012,6,19,3,27.74,31.81,0.0,0.0,0.0,351.65,3.15,320.0,997.78,
2012,6,19,4,27.36,32.51,0.0,0.0,0.0,351.85,3.34,321.0,998.17,
2012,6,19,5,29.08,30.61,0.0,0.0,0.0,355.47,3.79,322.0,998.47,
2012,6,19,6,30.8,28.72,172.0,393.71,81.0,359.08,4.25,322.0,998.77,
2012,6,19,7,32.52,26.82,395.0,602.3,129.0,362.7,4.7,323.0,999.07,
2012,6,19,8,34.56,23.38,608.0,695.51,167.0,371.67,5.09,319.0,998.7,
2012,6,19,9,36.6,19.93,811.0,816.04,162.0,380.63,5.47,315.0,998.34,
2012,6,19,10,38.64,16.49,956.0,858.53,171.0,389.6,5.85,311.0,997.97,
2012,6,19,11,39.27,15.35,1050.0,910.38,155.0,390.72,5.7,308.0,997.44,
2012,6,19,12,39.9,14.21,1067.0,914.85,155.0,391.83,5.54,305.0,996.92,
2012,6,19,13,40.53,13.07,1010.0,886.11,164.0,392.95,5.39,301.0,996.39,
2012,6,19,14,40.0,13.12,897.0,867.9,151.0,389.78,5.38,304.0,996.29,
2012,6,19,15,39.47,13.16,722.0,796.89,150.0,386.62,5.37,307.0,996.19,
2012,6,19,16,38.94,13.21,515.0,719.67,127.0,383.45,5.35,309.0,996.09,
2012,6,19,17,37.2,14.65,285.0,551.0,100.0,379.37,4.88,311.0,996.45,
2012,6,19,18,35.45,16.09,74.0,271.58,41.0,375.28,4.4,313.0,996.82,
2012,6,19,19,33.7,17.53,0.0,0.0,0.0,371.2,3.93,315.0,997.18,
2012,6,19,20,32.57,18.61,0.0,0.0,0.0,368.12,3.68,317.0,997.44,
2012,6,19,21,31.44,19.68,0.0,0.0,0.0,365.03,3.43,318.0,997.71,
2012,6,19,22,30.31,20.76,0.0,0.0,0.0,361.95,3.19,320.0,997.97,
2012,6,19,23,29.47,22.21,0.0,0.0,0.0,358.83,3.16,318.0,997.58,
2012,6,20,0,28.64,23.65,0.0,0.0,0.0,355.72,3.14,317.0,997.18,
2012,6,20,1,27.81,25.1,0.0,0.0,0.0,352.6,3.12,315.0,996.78,
2012,6,20,2,27.39,26.79,0.0,0.0,0.0,351.63,3.03,315.0,997.15,
2012,6,20,3,26.96,28.48,0.0,0.0,0.0,350.67,2.93,314.0,997.51,
2012,6,20,4,26.53,30.17,0.0,0.0,0.0,349.7,2.84,314.0,997.87,
2012,6,20,5,28.29,28.88,0.0,0.0,0.0,352.8,3.28,315.0,998.21,
2012,6,20,6,30.04,27.58,172.0,403.55,79.0,355.9,3.72,316.0,998.54,
2012,6,20,7,31.8,26.29,396.0,614.54,125.0,359.0,4.17,317.0,998.87,
2012,6,20,8,33.56,23.7,619.0,746.67,146.0,365.82,4.72,315.0,998.6,
2012,6,20,9,35.31,21.11,811.0,815.27,163.0,372.63,5.28,313.0,998.34,
2012,6,20,10,37.07,18.52,950.0,842.42,180.0,379.45,5.83,311.0,998.07,
2012,6,20,11,37.82,16.9,1040.0,879.98,175.0,380.43,5.85,311.0,997.44,
2012,6,20,12,38.57,15.27,1041.0,838.56,205.0,381.42,5.87,310.0,996.82,
2012,6,20,13,39.32,13.65,1005.0,870.16,174.0,382.4,5.89,309.0,996.19,
2012,6,20,14,38.98,13.12,884.0,824.43,175.0,379.42,5.9,313.0,995.89,
2012,6,20,15,38.63,12.58,719.0,783.69,156.0,376.43,5.91,317.0,995.59,
2012,6,20,16,38.28,12.05,510.0,696.46,134.0,373.45,5.92,320.0,995.29,
2012,6,20,17,36.65,13.46,286.0,552.63,100.0,369.38,5.35,320.0,995.69,
2012,6,20,18,35.01,14.88,76.0,277.87,42.0,365.32,4.78,320.0,996.09,
2012,6,20,19,33.38,16.29,0.0,0.0,0.0,361.25,4.21,320.0,996.49,
2012,6,20,20,32.35,17.87,0.0,0.0,0.0,358.55,3.84,322.0,996.75,
2012,6,20,21,31.32,19.45,0.0,0.0,0.0,355.85,3.48,324.0,997.01,
2012,6,20,22,30.3,21.03,0.0,0.0,0.0,353.15,3.12,326.0,997.28,
2012,6,20,23,29.56,23.23,0.0,0.0,0.0,351.5,3.05,328.0,997.01,
2012,6,21,0,28.83,25.44,0.0,0.0,0.0,349.85,2.99,331.0,996.75,
2012,6,21,1,28.09,27.64,0.0,0.0,0.0,348.2,2.92,333.0,996.49,
2012,6,21,2,27.67,30.68,0.0,0.0,0.0,350.22,2.88,332.0,996.82,
2012,6,21,3,27.25,33.72,0.0,0.0,0.0,352.23,2.84,331.0,997.15,
2012,6,21,4,26.82,36.76,0.0,0.0,0.0,354.25,2.8,330.0,997.48,
2012,6,21,5,28.38,34.97,0.0,0.0,0.0,357.55,3.09,327.0,997.74,
2012,6,21,6,29.95,33.17,169.0,378.71,82.0,360.85,3.37,323.0,998.01,
2012,6,21,7,31.51,31.38,393.0,601.88,128.0,364.15,3.66,320.0,998.27,
2012,6,21,8,33.59,26.39,616.0,733.17,152.0,371.27,4.22,317.0,997.87,
2012,6,21,9,35.66,21.41,810.0,815.77,162.0,378.38,4.78,315.0,997.48,
2012,6,21,10,37.74,16.42,964.0,887.59,153.0,385.5,5.34,312.0,997.08,
2012,6,21,11,38.35,14.47,1045.0,894.35,166.0,384.45,5.62,310.0,996.42,
2012,6,21,12,38.95,12.51,1073.0,930.79,145.0,383.4,5.91,309.0,995.76,
2012,6,21,13,39.55,10.56,1015.0,901.34,154.0,382.35,6.19,308.0,995.1,
2012,6,21,14,39.08,10.78,894.0,853.07,160.0,378.17,6.08,309.0,994.9,
2012,6,21,15,38.61,10.99,719.0,784.44,155.0,373.98,5.97,311.0,994.7,
2012,6,21,16,38.14,11.21,509.0,684.46,139.0,369.8,5.86,313.0,994.5,
2012,6,21,17,36.41,12.63,270.0,453.54,117.0,366.58,4.72,316.0,994.8,
2012,6,21,18,34.68,14.06,77.0,284.19,42.0,363.37,3.57,319.0,995.1,
2012,6,21,19,32.95,15.48,0.0,0.0,0.0,360.15,2.43,322.0,995.39,
2012,6,21,20,31.73,16.99,0.0,0.0,0.0,358.43,2.35,326.0,995.72,
2012,6,21,21,30.52,18.51,0.0,0.0,0.0,356.72,2.28,330.0,996.06,
2012,6,21,22,29.31,20.02,0.0,0.0,0.0,355.0,2.21,334.0,996.39,
2012,6,21,23,28.34,22.28,0.0,0.0,0.0,353.55,2.16,338.0,996.09,
2012,6,22,0,27.38,24.54,0.0,0.0,0.0,352.1,2.11,341.0,995.79,
2012,6,22,1,26.41,26.8,0.0,0.0,0.0,350.65,2.07,344.0,995.49,
2012,6,22,2,26.08,28.17,0.0,0.0,0.0,352.18,1.88,352.0,995.72,
2012,6,22,3,25.75,29.53,0.0,0.0,0.0,353.72,1.68,360.0,995.96,
2012,6,22,4,25.42,30.9,0.0,0.0,0.0,355.25,1.49,7.0,996.19,
2012,6,22,5,27.41,27.72,0.0,0.0,0.0,359.6,1.29,4.0,996.58,
2012,6,22,6,29.4,24.53,171.0,401.82,79.0,363.95,1.09,1.0,996.98,
2012,6,22,7,31.39,21.35,394.0,611.98,125.0,368.3,0.88,357.0,997.38,
2012,6,22,8,33.24,18.91,615.0,732.33,152.0,373.62,1.13,336.0,997.28,
2012,6,22,9,35.09,16.46,805.0,801.17,169.0,378.93,1.38,315.0,997.18,
2012,6,22,10,36.94,14.02,949.0,841.94,180.0,384.25,1.63,293.0,997.08,
2012,6,22,11,37.66,13.47,1034.0,863.96,185.0,381.88,2.19,289.0,996.55,
2012,6,22,12,38.37,12.92,1051.0,868.56,185.0,379.52,2.76,285.0,996.02,
2012,6,22,13,39.08,12.37,995.0,840.41,192.0,377.15,3.32,281.0,995.49,
2012,6,22,14,38.83,12.29,885.0,824.77,175.0,373.3,3.61,286.0,995.26,
2012,6,22,15,38.58,12.21,713.0,757.42,168.0,369.45,3.89,291.0,995.03,
2012,6,22,16,38.32,12.13,507.0,672.52,143.0,365.6,4.18,296.0,994.8,
2012,6,22,17,36.54,13.88,283.0,526.5,105.0,362.9,3.53,308.0,995.2,
2012,6,22,18,34.75,15.62,78.0,290.56,42.0,360.2,2.88,320.0,995.59,
2012,6,22,19,32.96,17.37,0.0,0.0,0.0,357.5,2.23,332.0,995.99,
2012,6,22,20,31.92,18.33,0.0,0.0,0.0,356.52,2.3,339.0,996.55,
2012,6,22,21,30.88,19.28,0.0,0.0,0.0,355.53,2.36,346.0,997.11,
2012,6,22,22,29.84,20.24,0.0,0.0,0.0,354.55,2.43,353.0,997.68,
2012,6,22,23,29.03,21.21,0.0,0.0,0.0,355.1,2.3,356.0,997.54,
2012,6,23,0,28.23,22.18,0.0,0.0,0.0,355.65,2.17,358.0,997.41,
2012,6,23,1,27.42,23.15,0.0,0.0,0.0,356.2,2.04,0.0,997.28,
2012,6,23,2,26.87,24.46,0.0,0.0,0.0,356.43,1.91,4.0,997.58,
2012,6,23,3,26.32,25.77,0.0,0.0,0.0,356.67,1.78,7.0,997.87,
2012,6,23,4,25.76,27.08,0.0,0.0,0.0,356.9,1.66,11.0,998.17,
2012,6,23,5,27.79,24.44,0.0,0.0,0.0,360.38,1.35,16.0,998.73,
2012,6,23,6,29.82,21.79,170.0,398.87,79.0,363.87,1.05,21.0,999.3,
2012,6,23,7,31.85,19.15,391.0,601.65,127.0,367.35,0.74,26.0,999.86,
2012,6,23,8,33.7,16.98,608.0,706.18,162.0,373.4,0.86,2.0,999.76,
2012,6,23,9,35.56,14.82,800.0,786.57,176.0,379.45,0.98,337.0,999.66,
2012,6,23,10,37.41,12.65,949.0,842.26,180.0,385.5,1.1,312.0,999.56,
2012,6,23,11,38.17,12.09,1039.0,879.37,175.0,386.73,1.51,302.0,999.1,
2012,6,23,12,38.93,11.53,1062.0,898.62,166.0,387.97,1.92,292.0,998.64,
2012,6,23,13,39.68,10.97,1011.0,886.24,164.0,389.2,2.33,282.0,998.17,
2012,6,23,14,39.43,10.86,890.0,839.48,167.0,383.8,2.59,290.0,998.07,
2012,6,23,15,39.18,10.74,721.0,784.62,156.0,378.4,2.86,299.0,997.97,
2012,6,23,16,38.92,10.63,510.0,684.64,139.0,373.0,3.12,307.0,997.87,
2012,6,23,17,37.05,12.0,287.0,546.09,102.0,370.75,2.91,316.0,998.17,
2012,6,23,18,35.18,13.38,78.0,288.95,42.0,368.5,2.71,325.0,998.47,
2012,6,23,19,33.31,14.75,0.0,0.0,0.0,366.25,2.51,334.0,998.77,
2012,6,23,20,32.3,15.98,0.0,0.0,0.0,364.87,2.43,340.0,999.13,
2012,6,23,21,31.29,17.2,0.0,0.0,0.0,363.48,2.35,345.0,999.5,
2012,6,23,22,30.29,18.43,0.0,0.0,0.0,362.1,2.28,351.0,999.86,
2012,6,23,23,29.48,20.13,0.0,0.0,0.0,361.62,2.18,360.0,999.79,
2012,6,24,0,28.68,21.84,0.0,0.0,0.0,361.13,2.08,9.0,999.73,
2012,6,24,1,27.88,23.54,0.0,0.0,0.0,360.65,1.99,18.0,999.66,
2012,6,24,2,27.3,24.99,0.0,0.0,0.0,362.48,1.52,22.0,1000.26,
2012,6,24,3,26.72,26.43,0.0,0.0,0.0,364.32,1.06,26.0,1000.85,
2012,6,24,4,26.13,27.88,0.0,0.0,0.0,366.15,0.59,30.0,1001.45,
2012,6,24,5,28.31,25.05,0.0,0.0,0.0,370.88,0.8,26.0,1001.81,
2012,6,24,6,30.49,22.22,145.0,228.79,93.0,375.62,1.0,21.0,1002.17,
2012,6,24,7,32.67,19.39,364.0,470.32,158.0,380.35,1.2,16.0,1002.54,
2012,6,24,8,34.86,16.55,591.0,645.13,184.0,383.73,1.74,14.0,1002.24,
2012,6,24,9,37.04,13.71,779.0,718.99,209.0,387.12,2.28,12.0,1001.94,
2012,6,24,10,39.23,10.87,929.0,784.52,213.0,390.5,2.81,11.0,1001.65,
2012,6,24,11,39.88,10.31,1017.0,818.44,213.0,391.08,2.94,360.0,1000.98,
2012,6,24,12,40.53,9.75,1040.0,837.41,205.0,391.67,3.06,349.0,1000.32,
2012,6,24,13,41.18,9.19,980.0,797.12,218.0,392.25,3.19,339.0,999.66,
2012,6,24,14,40.82,9.19,882.0,810.09,184.0,387.17,3.49,332.0,999.43,
2012,6,24,15,40.45,9.19,710.0,743.81,174.0,382.08,3.8,325.0,999.2,
2012,6,24,16,40.08,9.19,503.0,648.85,151.0,377.0,4.11,319.0,998.97,
2012,6,24,17,38.14,10.36,280.0,497.91,111.0,372.5,3.87,321.0,999.16,
2012,6,24,18,36.19,11.54,78.0,279.49,43.0,368.0,3.62,324.0,999.36,
2012,6,24,19,34.25,12.71,0.0,0.0,0.0,363.5,3.38,326.0,999.56,
2012,6,24,20,33.24,13.42,0.0,0.0,0.0,362.88,3.26,331.0,999.96,
2012,6,24,21,32.23,14.12,0.0,0.0,0.0,362.27,3.14,336.0,1000.36,
2012,6,24,22,31.22,14.83,0.0,0.0,0.0,361.65,3.02,341.0,1000.75,
2012,6,24,23,30.47,15.81,0.0,0.0,0.0,361.17,2.83,344.0,1000.52,
2012,6,25,0,29.72,16.79,0.0,0.0,0.0,360.68,2.64,347.0,1000.29,
2012,6,25,1,28.97,17.77,0.0,0.0,0.0,360.2,2.46,349.0,1000.06,
2012,6,25,2,28.44,18.49,0.0,0.0,0.0,362.05,2.17,353.0,1000.29,
2012,6,25,3,27.9,19.2,0.0,0.0,0.0,363.9,1.89,357.0,1000.52,
2012,6,25,4,27.36,19.92,0.0,0.0,0.0,365.75,1.6,1.0,1000.75,
2012,6,25,5,29.37,18.75,0.0,0.0,0.0,368.22,2.04,1.0,1000.92,
2012,6,25,6,31.39,17.57,117.0,101.6,94.0,370.68,2.47,2.0,1001.08,
2012,6,25,7,33.4,16.4,330.0,333.96,184.0,373.15,2.91,2.0,1001.25,
2012,6,25,8,35.44,14.38,552.0,510.97,230.0,378.85,3.24,352.0,1000.88,
2012,6,25,9,37.47,12.37,745.0,617.25,256.0,384.55,3.57,341.0,1000.52,
2012,6,25,10,39.51,10.35,899.0,701.53,259.0,390.25,3.9,331.0,1000.16,
2012,6,25,11,40.06,9.89,996.0,761.57,248.0,389.78,4.44,322.0,999.5,
2012,6,25,12,40.61,9.42,1040.0,837.39,205.0,389.32,4.97,313.0,998.83,
2012,6,25,13,41.16,8.96,1001.0,855.51,183.0,388.85,5.5,304.0,998.17,
2012,6,25,14,40.54,8.97,891.0,838.75,168.0,383.25,5.51,304.0,997.94,
2012,6,25,15,39.92,8.99,722.0,784.91,156.0,377.65,5.51,305.0,997.71,
2012,6,25,16,39.29,9.0,512.0,685.0,140.0,372.05,5.52,306.0,997.48,
2012,6,25,17,37.42,10.55,288.0,547.02,102.0,368.42,4.77,312.0,997.74,
2012,6,25,18,35.54,12.09,78.0,278.2,43.0,364.78,4.02,317.0,998.01,
2012,6,25,19,33.66,13.64,0.0,0.0,0.0,361.15,3.27,323.0,998.27,
2012,6,25,20,32.46,15.26,0.0,0.0,0.0,359.3,3.14,326.0,998.64,
2012,6,25,21,31.26,16.87,0.0,0.0,0.0,357.45,3.01,330.0,999.0,
2012,6,25,22,30.07,18.49,0.0,0.0,0.0,355.6,2.88,334.0,999.36,
2012,6,25,23,29.08,20.17,0.0,0.0,0.0,354.33,2.63,336.0,999.16,
2012,6,26,0,28.1,21.86,0.0,0.0,0.0,353.07,2.38,339.0,998.97,
2012,6,26,1,27.12,23.54,0.0,0.0,0.0,351.8,2.12,342.0,998.77,
2012,6,26,2,26.63,25.29,0.0,0.0,0.0,350.53,2.14,347.0,999.16,
2012,6,26,3,26.14,27.04,0.0,0.0,0.0,349.27,2.16,352.0,999.56,
2012,6,26,4,25.65,28.79,0.0,0.0,0.0,348.0,2.18,357.0,999.96,
2012,6,26,5,27.5,26.78,0.0,0.0,0.0,350.73,2.51,354.0,1000.36,
2012,6,26,6,29.35,24.77,176.0,474.61,69.0,353.47,2.83,352.0,1000.75,
2012,6,26,7,31.2,22.76,398.0,653.19,113.0,356.2,3.16,349.0,1001.15,
2012,6,26,8,33.13,18.94,620.0,770.52,135.0,361.58,3.72,340.0,1000.79,
2012,6,26,9,35.06,15.13,810.0,827.37,155.0,366.97,4.28,331.0,1000.42,
2012,6,26,10,36.99,11.31,952.0,856.44,171.0,372.35,4.84,322.0,1000.06,
2012,6,26,11,37.68,10.13,1038.0,878.81,175.0,370.65,4.86,320.0,999.53,
2012,6,26,12,38.37,8.95,1056.0,883.5,175.0,368.95,4.87,318.0,999.0,
2012,6,26,13,39.06,7.77,724.0,262.46,473.0,367.25,4.88,315.0,998.47,
2012,6,26,14,38.59,7.61,684.0,323.53,405.0,361.95,5.03,316.0,998.21,
2012,6,26,15,38.12,7.46,719.0,771.92,162.0,356.65,5.18,316.0,997.94,
2012,6,26,16,37.65,7.3,515.0,697.19,136.0,351.35,5.32,316.0,997.68,
2012,6,26,17,35.71,8.67,290.0,557.87,100.0,347.08,4.68,317.0,998.04,
2012,6,26,18,33.77,10.04,80.0,300.8,42.0,342.82,4.04,317.0,998.4,
2012,6,26,19,31.83,11.41,0.0,0.0,0.0,338.55,3.39,317.0,998.77,
2012,6,26,20,30.79,13.46,0.0,0.0,0.0,336.67,3.26,319.0,999.23,
2012,6,26,21,29.75,15.52,0.0,0.0,0.0,334.78,3.12,321.0,999.69,
2012,6,26,22,28.71,17.57,0.0,0.0,0.0,332.9,2.98,324.0,1000.16,
2012,6,26,23,28.12,20.26,0.0,0.0,0.0,333.22,2.86,328.0,1000.09,
2012,6,27,0,27.54,22.94,0.0,0.0,0.0,333.53,2.75,332.0,1000.02,
2012,6,27,1,26.95,25.63,0.0,0.0,0.0,333.85,2.63,336.0,999.96,
2012,6,27,2,26.69,29.19,0.0,0.0,0.0,336.02,2.6,340.0,1000.32,
2012,6,27,3,26.43,32.76,0.0,0.0,0.0,338.18,2.57,343.0,1000.69,
2012,6,27,4,26.16,36.32,0.0,0.0,0.0,340.35,2.54,347.0,1001.05,
2012,6,27,5,27.88,35.25,0.0,0.0,0.0,346.77,2.83,347.0,1001.41,
2012,6,27,6,29.61,34.19,165.0,383.12,79.0,353.18,3.13,348.0,1001.78,
2012,6,27,7,31.33,33.12,395.0,643.03,115.0,359.6,3.42,348.0,1002.14,
2012,6,27,8,33.25,28.77,610.0,730.08,151.0,367.95,4.02,348.0,1001.74,
2012,6,27,9,35.18,24.41,810.0,827.98,155.0,376.3,4.62,348.0,1001.35,
2012,6,27,10,37.1,20.06,961.0,886.42,153.0,384.65,5.21,348.0,1000.95,
2012,6,27,11,37.91,18.03,1043.0,894.25,165.0,385.68,5.45,346.0,1000.29,
2012,6,27,12,38.72,16.01,1056.0,883.49,175.0,386.72,5.68,345.0,999.63,
2012,6,27,13,39.52,13.98,1006.0,870.84,173.0,387.75,5.92,343.0,998.97,
2012,6,27,14,39.18,13.83,892.0,839.23,168.0,385.68,5.96,341.0,998.77,
2012,6,27,15,38.84,13.67,719.0,771.45,162.0,383.62,6.0,338.0,998.57,
2012,6,27,16,38.5,13.52,518.0,711.25,131.0,381.55,6.04,336.0,998.37,
2012,6,27,17,36.87,14.85,291.0,557.04,101.0,377.68,5.41,334.0,998.6,
2012,6,27,18,35.24,16.17,81.0,307.58,42.0,373.82,4.77,332.0,998.83,
2012,6,27,19,33.61,17.5,0.0,0.0,0.0,369.95,4.14,330.0,999.07,
2012,6,27,20,32.66,18.59,0.0,0.0,0.0,368.18,3.89,333.0,999.43,
2012,6,27,21,31.71,19.67,0.0,0.0,0.0,366.42,3.65,335.0,999.79,
2012,6,27,22,30.77,20.76,0.0,0.0,0.0,364.65,3.41,338.0,1000.16,
2012,6,27,23,30.0,22.25,0.0,0.0,0.0,362.92,3.36,341.0,999.99,
2012,6,28,0,29.24,23.73,0.0,0.0,0.0,361.18,3.31,345.0,999.83,
2012,6,28,1,28.48,25.22,0.0,0.0,0.0,359.45,3.26,348.0,999.66,
2012,6,28,2,27.93,27.34,0.0,0.0,0.0,358.22,3.03,348.0,999.93,
2012,6,28,3,27.37,29.46,0.0,0.0,0.0,356.98,2.8,348.0,1000.19,
2012,6,28,4,26.81,31.58,0.0,0.0,0.0,355.75,2.57,349.0,1000.45,
2012,6,28,5,28.29,30.47,0.0,0.0,0.0,356.93,2.96,346.0,1000.69,
2012,6,28,6,29.77,29.36,173.0,460.94,70.0,358.12,3.36,344.0,1000.92,
2012,6,28,7,31.25,28.25,396.0,653.58,112.0,359.3,3.75,342.0,1001.15,
2012,6,28,8,33.19,23.46,615.0,756.45,140.0,364.4,4.61,338.0,1000.82,
2012,6,28,9,35.14,18.67,813.0,841.24,148.0,369.5,5.46,335.0,1000.49,
2012,6,28,10,37.08,13.88,946.0,840.71,180.0,374.6,6.32,331.0,1000.16,
2012,6,28,11,37.8,12.17,1032.0,862.85,185.0,372.47,6.36,329.0,999.5,
2012,6,28,12,38.52,10.45,1018.0,779.2,241.0,370.33,6.4,328.0,998.83,
2012,6,28,13,39.24,8.74,981.0,796.47,219.0,368.2,6.44,326.0,998.17,
2012,6,28,14,38.64,8.76,883.0,811.12,183.0,364.03,6.3,325.0,997.58,
2012,6,28,15,38.04,8.77,712.0,744.71,174.0,359.87,6.16,325.0,996.98,
2012,6,28,16,37.44,8.79,516.0,699.63,135.0,355.7,6.01,324.0,996.39,
2012,6,28,17,35.74,10.5,288.0,538.72,104.0,352.32,5.38,323.0,996.62,
2012,6,28,18,34.04,12.21,80.0,290.88,43.0,348.93,4.74,323.0,996.85,
2012,6,28,19,32.34,13.92,0.0,0.0,0.0,345.55,4.11,322.0,997.08,
2012,6,28,20,31.44,16.31,0.0,0.0,0.0,345.43,3.73,325.0,997.41,
2012,6,28,21,30.55,18.69,0.0,0.0,0.0,345.32,3.36,328.0,997.74,
2012,6,28,22,29.66,21.08,0.0,0.0,0.0,345.2,2.98,331.0,998.07,
2012,6,28,23,29.03,23.5,0.0,0.0,0.0,345.82,2.93,335.0,997.94,
2012,6,29,0,28.41,25.91,0.0,0.0,0.0,346.43,2.88,339.0,997.81,
2012,6,29,1,27.78,28.33,0.0,0.0,0.0,347.05,2.83,342.0,997.68,
2012,6,29,2,27.17,31.48,0.0,0.0,0.0,347.43,2.87,342.0,997.94,
2012,6,29,3,26.55,34.62,0.0,0.0,0.0,347.82,2.92,342.0,998.21,
2012,6,29,4,25.93,37.77,0.0,0.0,0.0,348.2,2.97,341.0,998.47,
2012,6,29,5,27.3,36.36,0.0,0.0,0.0,351.25,3.15,339.0,998.87,
2012,6,29,6,28.66,34.95,169.0,431.64,73.0,354.3,3.34,338.0,999.26,
2012,6,29,7,30.03,33.54,393.0,641.16,115.0,357.35,3.53,336.0,999.66,
2012,6,29,8,31.85,28.64,618.0,768.56,136.0,363.27,3.95,333.0,999.33,
2012,6,29,9,33.66,23.74,808.0,826.69,155.0,369.18,4.38,331.0,999.0,
2012,6,29,10,35.48,18.84,960.0,886.1,153.0,375.1,4.8,328.0,998.67,
2012,6,29,11,36.33,16.78,1042.0,893.59,165.0,374.07,4.78,326.0,998.01,
2012,6,29,12,37.17,14.73,1067.0,914.58,155.0,373.03,4.75,325.0,997.35,
2012,6,29,13,38.01,12.67,1007.0,870.54,174.0,372.0,4.73,323.0,996.68,
2012,6,29,14,37.72,12.44,892.0,839.8,167.0,368.65,4.96,325.0,996.19,
2012,6,29,15,37.43,12.21,724.0,785.81,156.0,365.3,5.19,326.0,995.69,
2012,6,29,16,37.14,11.98,522.0,722.94,128.0,361.95,5.42,328.0,995.2,
2012,6,29,17,35.53,13.71,295.0,579.01,97.0,358.4,5.02,326.0,995.49,
2012,6,29,18,33.91,15.44,82.0,313.61,42.0,354.85,4.62,324.0,995.79,
2012,6,29,19,32.3,17.17,0.0,0.0,0.0,351.3,4.22,323.0,996.09,
2012,6,29,20,31.47,19.11,0.0,0.0,0.0,350.9,3.97,326.0,996.42,
2012,6,29,21,30.65,21.06,0.0,0.0,0.0,350.5,3.71,329.0,996.75,
2012,6,29,22,29.83,23.0,0.0,0.0,0.0,350.1,3.46,332.0,997.08,
2012,6,29,23,29.28,25.5,0.0,0.0,0.0,351.17,3.64,336.0,997.08,
2012,6,30,0,28.74,27.99,0.0,0.0,0.0,352.23,3.81,340.0,997.08,
2012,6,30,1,28.2,30.49,0.0,0.0,0.0,353.3,3.99,344.0,997.08,
2012,6,30,2,27.5,35.25,0.0,0.0,0.0,353.9,3.85,344.0,997.31,
2012,6,30,3,26.8,40.02,0.0,0.0,0.0,354.5,3.72,345.0,997.54,
2012,6,30,4,26.1,44.78,0.0,0.0,0.0,355.1,3.59,346.0,997.78,
2012,6,30,5,27.16,43.58,0.0,0.0,0.0,357.93,3.78,345.0,998.11,
2012,6,30,6,28.23,42.38,157.0,343.39,81.0,360.77,3.97,343.0,998.44,
2012,6,30,7,29.29,41.18,378.0,566.31,133.0,363.6,4.17,342.0,998.77,
2012,6,30,8,31.21,34.67,598.0,691.31,165.0,369.92,4.16,338.0,998.5,
2012,6,30,9,33.13,28.17,791.0,770.32,183.0,376.23,4.15,334.0,998.24,
2012,6,30,10,35.05,21.66,940.0,826.08,188.0,382.55,4.14,330.0,997.97,
2012,6,30,11,35.96,19.24,1031.0,863.2,184.0,381.65,3.98,326.0,997.35,
2012,6,30,12,36.87,16.83,1051.0,867.46,186.0,380.75,3.83,323.0,996.72,
2012,6,30,13,37.77,14.41,981.0,796.21,219.0,379.85,3.67,319.0,996.09,
2012,6,30,14,37.55,14.33,897.0,854.58,159.0,377.28,4.06,321.0,995.63,
2012,6,30,15,37.33,14.26,721.0,771.59,163.0,374.72,4.46,322.0,995.16,
2012,6,30,16,37.1,14.18,517.0,698.59,136.0,372.15,4.86,324.0,994.7,
2012,6,30,17,35.54,15.82,295.0,578.4,97.0,368.32,4.75,322.0,994.9,
2012,6,30,18,31.31,20.82,83.0,312.91,43.0,365.14,3.63,319.0,995.1,
2012,6,30,19,30.87,21.8,0.0,0.0,0.0,362.19,3.68,317.0,995.29,
2012,6,30,20,30.43,22.78,0.0,0.0,0.0,359.24,3.74,321.0,995.66,
2012,6,30,21,29.99,23.76,0.0,0.0,0.0,356.29,3.79,324.0,996.02,
2012,6,30,22,29.55,24.74,0.0,0.0,0.0,353.34,3.85,327.0,996.39,
2012,6,30,23,29.11,25.72,0.0,0.0,0.0,350.4,3.9,332.0,996.32,
2011,7,1,0,28.68,26.7,0.0,0.0,0.0,347.45,3.95,336.0,996.25,
2011,7,1,1,28.24,27.68,0.0,0.0,0.0,344.5,4.01,340.0,996.19,
2011,7,1,2,27.8,28.66,0.0,0.0,0.0,341.55,4.06,344.0,999.96,
2011,7,1,3,27.36,29.64,0.0,0.0,0.0,338.61,4.12,343.0,1000.26,
2011,7,1,4,26.92,30.62,0.0,0.0,0.0,335.66,4.17,341.0,1000.55,
2011,7,1,5,26.48,31.6,0.0,0.0,0.0,332.71,4.22,342.0,1000.75,
2011,7,1,6,26.04,32.58,173.0,490.46,65.0,329.76,4.28,342.0,1000.95,
2011,7,1,7,25.6,33.56,395.0,667.22,107.0,326.81,4.33,342.0,1001.15,
2011,7,1,8,25.16,34.54,616.0,773.74,132.0,323.87,4.39,341.0,1000.72,
2011,7,1,9,24.72,35.52,806.0,830.52,151.0,320.92,4.44,340.0,1000.29,
2011,7,1,10,32.31,18.88,948.0,858.33,167.0,345.15,6.79,339.0,999.86,
2011,7,1,11,33.31,16.73,1024.0,848.1,192.0,346.57,6.62,339.0,999.07,
2011,7,1,12,34.32,14.59,1043.0,853.44,192.0,347.98,6.46,339.0,998.27,
2011,7,1,13,35.33,12.44,995.0,841.02,190.0,349.4,6.29,339.0,997.48,
2011,7,1,14,34.91,12.7,878.0,796.44,190.0,347.3,6.34,337.0,997.08,
2011,7,1,15,34.49,12.97,716.0,760.19,166.0,345.2,6.4,334.0,996.68,
2011,7,1,16,34.07,13.23,511.0,677.99,141.0,343.1,6.46,332.0,996.29,
2011,7,1,17,32.45,15.32,296.0,583.71,96.0,340.78,5.75,328.0,996.52,
2011,7,1,18,30.83,17.42,83.0,320.17,42.0,338.47,5.04,324.0,996.75,
2011,7,1,19,29.21,19.51,0.0,0.0,0.0,336.15,4.33,319.0,996.98,
2011,7,1,20,28.42,21.5,0.0,0.0,0.0,335.47,4.24,322.0,997.35,
2011,7,1,21,27.63,23.5,0.0,0.0,0.0,334.78,4.15,325.0,997.71,
2011,7,1,22,26.83,25.49,0.0,0.0,0.0,334.1,4.06,328.0,998.07,
2011,7,1,23,26.22,27.68,0.0,0.0,0.0,332.88,3.83,332.0,997.91,
2011,7,2,0,25.6,29.87,0.0,0.0,0.0,331.67,3.6,336.0,997.74,
2011,7,2,1,24.98,32.06,0.0,0.0,0.0,330.45,3.38,339.0,997.58,
2011,7,2,2,24.23,34.62,0.0,0.0,0.0,328.2,3.31,340.0,997.97,
2011,7,2,3,23.48,37.17,0.0,0.0,0.0,325.95,3.25,341.0,998.37,
2011,7,2,4,22.73,39.73,0.0,0.0,0.0,323.7,3.19,341.0,998.77,
2011,7,2,5,24.12,37.8,0.0,0.0,0.0,326.13,3.5,343.0,999.13,
2011,7,2,6,25.51,35.86,166.0,429.13,72.0,328.57,3.81,344.0,999.5,
2011,7,2,7,26.9,33.93,388.0,631.63,116.0,331.0,4.12,345.0,999.86,
2011,7,2,8,28.96,29.15,608.0,744.36,143.0,338.72,4.16,342.0,999.59,
2011,7,2,9,31.01,24.37,801.0,814.69,159.0,346.43,4.19,340.0,999.33,
2011,7,2,10,33.07,19.59,922.0,780.66,212.0,354.15,4.22,338.0,999.07,
2011,7,2,11,34.01,17.55,1024.0,848.29,192.0,354.67,3.8,334.0,998.47,
2011,7,2,12,34.96,15.51,1043.0,852.47,193.0,355.18,3.37,331.0,997.87,
2011,7,2,13,35.91,13.47,1001.0,857.63,180.0,355.7,2.95,328.0,997.28,
2011,7,2,14,35.63,13.38,888.0,827.48,173.0,350.85,3.23,325.0,996.92,
2011,7,2,15,35.36,13.28,720.0,775.07,159.0,346.0,3.5,323.0,996.55,
2011,7,2,16,35.08,13.19,517.0,703.25,133.0,341.15,3.78,320.0,996.19,
2011,7,2,17,33.28,15.53,298.0,594.94,94.0,337.03,3.44,315.0,996.42,
2011,7,2,18,31.48,17.86,84.0,319.78,43.0,332.92,3.1,311.0,996.65,
2011,7,2,19,29.68,20.2,0.0,0.0,0.0,328.8,2.76,306.0,996.88,
2011,7,2,20,28.9,21.9,0.0,0.0,0.0,328.32,2.89,311.0,997.28,
2011,7,2,21,28.12,23.59,0.0,0.0,0.0,327.83,3.03,316.0,997.68,
2011,7,2,22,27.33,25.29,0.0,0.0,0.0,327.35,3.16,322.0,998.07,
2011,7,2,23,26.74,27.16,0.0,0.0,0.0,327.43,3.08,329.0,997.97,
2011,7,3,0,26.14,29.03,0.0,0.0,0.0,327.52,2.99,336.0,997.87,
2011,7,3,1,25.54,30.9,0.0,0.0,0.0,327.6,2.91,343.0,997.78,
2011,7,3,2,24.97,32.39,0.0,0.0,0.0,328.45,2.54,346.0,998.14,
2011,7,3,3,24.4,33.87,0.0,0.0,0.0,329.3,2.17,349.0,998.5,
2011,7,3,4,23.84,35.36,0.0,0.0,0.0,330.15,1.81,352.0,998.87,
2011,7,3,5,25.38,33.52,0.0,0.0,0.0,333.23,1.95,354.0,999.26,
2011,7,3,6,26.92,31.68,170.0,477.36,66.0,336.32,2.1,356.0,999.66,
2011,7,3,7,28.47,29.84,395.0,679.7,103.0,339.4,2.25,358.0,1000.06,
2011,7,3,8,30.91,25.5,614.0,772.62,132.0,347.4,2.54,352.0,999.73,
2011,7,3,9,33.34,21.15,800.0,815.35,158.0,355.4,2.83,347.0,999.4,
2011,7,3,10,35.78,16.81,947.0,858.03,167.0,363.4,3.12,341.0,999.07,
2011,7,3,11,36.66,14.97,1029.0,864.8,181.0,364.53,2.85,334.0,998.5,
2011,7,3,12,37.54,13.13,1049.0,869.55,182.0,365.67,2.57,326.0,997.94,
2011,7,3,13,38.43,11.29,1001.0,857.53,180.0,366.8,2.3,319.0,997.38,
2011,7,3,14,38.05,11.01,883.0,812.23,181.0,361.53,3.09,320.0,997.01,
2011,7,3,15,37.68,10.73,721.0,774.79,160.0,356.27,3.87,321.0,996.65,
2011,7,3,16,37.3,10.45,521.0,717.56,129.0,351.0,4.65,323.0,996.29,
2011,7,3,17,35.48,12.35,296.0,585.84,95.0,347.35,4.45,321.0,996.55,
2011,7,3,18,33.66,14.24,84.0,319.54,43.0,343.7,4.24,318.0,996.82,
2011,7,3,19,31.83,16.14,0.0,0.0,0.0,340.05,4.04,316.0,997.08,
2011,7,3,20,31.01,17.78,0.0,0.0,0.0,339.05,4.2,322.0,997.38,
2011,7,3,21,30.19,19.42,0.0,0.0,0.0,338.05,4.36,328.0,997.68,
2011,7,3,22,29.37,21.06,0.0,0.0,0.0,337.05,4.52,334.0,997.97,
2011,7,3,23,28.77,22.76,0.0,0.0,0.0,337.62,4.37,340.0,997.91,
2011,7,4,0,28.16,24.46,0.0,0.0,0.0,338.18,4.22,345.0,997.84,
2011,7,4,1,27.56,26.16,0.0,0.0,0.0,338.75,4.07,351.0,997.78,
2011,7,4,2,26.84,27.6,0.0,0.0,0.0,337.3,3.8,349.0,998.11,
2011,7,4,3,26.12,29.03,0.0,0.0,0.0,335.85,3.54,347.0,998.44,
2011,7,4,4,25.4,30.47,0.0,0.0,0.0,334.4,3.27,346.0,998.77,
2011,7,4,5,26.89,28.65,0.0,0.0,0.0,337.17,3.71,346.0,999.13,
2011,7,4,6,28.38,26.84,169.0,484.65,64.0,339.93,4.14,346.0,999.5,
2011,7,4,7,29.88,25.02,396.0,690.71,100.0,342.7,4.58,347.0,999.86,
2011,7,4,8,31.86,21.77,612.0,772.08,131.0,350.53,5.15,343.0,999.59,
2011,7,4,9,33.83,18.53,786.0,769.0,181.0,358.37,5.72,339.0,999.33,
2011,7,4,10,35.81,15.28,946.0,858.44,166.0,366.2,6.29,335.0,999.07,
2011,7,4,11,36.42,14.03,1034.0,880.3,171.0,367.07,5.9,329.0,998.6,
2011,7,4,12,37.03,12.79,1049.0,869.6,182.0,367.93,5.51,323.0,998.14,
2011,7,4,13,37.65,11.54,1001.0,857.45,180.0,368.8,5.12,317.0,997.68,
2011,7,4,14,37.18,11.4,888.0,827.1,173.0,363.93,5.37,316.0,997.48,
2011,7,4,15,36.7,11.26,721.0,774.55,160.0,359.07,5.63,316.0,997.28,
2011,7,4,16,36.23,11.12,515.0,691.66,137.0,354.2,5.89,316.0,997.08,
2011,7,4,17,34.37,12.51,295.0,573.93,98.0,350.05,5.18,315.0,997.44,
2011,7,4,18,32.51,13.89,84.0,319.47,43.0,345.9,4.46,314.0,997.81,
2011,7,4,19,30.65,15.28,0.0,0.0,0.0,341.75,3.75,313.0,998.17,
2011,7,4,20,29.7,16.63,0.0,0.0,0.0,339.85,3.62,316.0,998.5,
2011,7,4,21,28.75,17.97,0.0,0.0,0.0,337.95,3.49,319.0,998.83,
2011,7,4,22,27.8,19.32,0.0,0.0,0.0,336.05,3.37,323.0,999.16,
2011,7,4,23,27.14,21.43,0.0,0.0,0.0,334.18,3.49,326.0,998.9,
2011,7,5,0,26.48,23.55,0.0,0.0,0.0,332.32,3.6,330.0,998.64,
2011,7,5,1,25.82,25.66,0.0,0.0,0.0,330.45,3.72,333.0,998.37,
2011,7,5,2,25.14,28.54,0.0,0.0,0.0,329.7,3.64,335.0,998.64,
2011,7,5,3,24.46,31.42,0.0,0.0,0.0,328.95,3.56,337.0,998.9,
2011,7,5,4,23.79,34.3,0.0,0.0,0.0,328.2,3.48,339.0,999.16,
2011,7,5,5,25.06,33.26,0.0,0.0,0.0,330.98,4.05,340.0,999.4,
2011,7,5,6,26.34,32.21,161.0,417.81,71.0,333.77,4.62,340.0,999.63,
2011,7,5,7,27.62,31.17,389.0,652.67,110.0,336.55,5.19,341.0,999.86,
2011,7,5,8,29.67,27.06,605.0,742.62,143.0,344.82,5.36,337.0,999.4,
2011,7,5,9,31.72,22.94,798.0,814.17,158.0,353.08,5.53,333.0,998.93,
2011,7,5,10,33.77,18.83,946.0,857.76,167.0,361.35,5.7,330.0,998.47,
2011,7,5,11,34.62,17.11,1034.0,880.52,171.0,363.2,5.31,325.0,997.81,
2011,7,5,12,35.47,15.38,1055.0,885.7,172.0,365.05,4.93,319.0,997.15,
2011,7,5,13,36.33,13.66,702.0,231.84,480.0,366.9,4.55,314.0,996.49,
2011,7,5,14,35.84,13.19,647.0,260.23,422.0,360.17,4.65,312.0,996.29,
2011,7,5,15,35.36,12.71,545.0,282.96,340.0,353.43,4.75,310.0,996.09,
2011,7,5,16,34.87,12.24,524.0,729.85,125.0,346.7,4.86,308.0,995.89,
2011,7,5,17,33.08,14.08,282.0,492.23,113.0,342.63,4.63,306.0,996.19,
2011,7,5,18,31.29,15.92,84.0,327.35,42.0,338.57,4.41,305.0,996.49,
2011,7,5,19,29.5,17.76,0.0,0.0,0.0,334.5,4.19,304.0,996.78,
2011,7,5,20,28.61,19.23,0.0,0.0,0.0,332.93,3.9,306.0,997.08,
2011,7,5,21,27.72,20.69,0.0,0.0,0.0,331.37,3.6,309.0,997.38,
2011,7,5,22,26.83,22.16,0.0,0.0,0.0,329.8,3.31,312.0,997.68,
2011,7,5,23,26.23,24.06,0.0,0.0,0.0,328.3,3.21,316.0,997.44,
2011,7,6,0,25.62,25.97,0.0,0.0,0.0,326.8,3.11,321.0,997.21,
2011,7,6,1,25.02,27.87,0.0,0.0,0.0,325.3,3.01,326.0,996.98,
2011,7,6,2,24.31,31.1,0.0,0.0,0.0,324.68,3.03,328.0,997.44,
2011,7,6,3,23.6,34.33,0.0,0.0,0.0,324.07,3.06,330.0,997.91,
2011,7,6,4,22.9,37.56,0.0,0.0,0.0,323.45,3.09,332.0,998.37,
2011,7,6,5,24.3,36.52,0.0,0.0,0.0,326.83,3.31,333.0,998.67,
2011,7,6,6,25.71,35.49,161.0,420.29,71.0,330.22,3.54,334.0,998.97,
2011,7,6,7,27.12,34.45,383.0,628.54,115.0,333.6,3.77,336.0,999.26,
2011,7,6,8,29.27,30.33,604.0,742.07,143.0,342.53,3.86,330.0,998.87,
2011,7,6,9,31.42,26.21,802.0,828.86,151.0,351.47,3.95,324.0,998.47,
2011,7,6,10,33.58,22.09,940.0,841.65,176.0,360.4,4.04,319.0,998.07,
2011,7,6,11,34.46,19.78,1028.0,864.41,181.0,362.88,3.4,311.0,997.48,
2011,7,6,12,35.34,17.48,816.0,354.11,463.0,365.37,2.76,303.0,996.88,
2011,7,6,13,36.22,15.17,996.0,841.67,190.0,367.85,2.12,295.0,996.29,
2011,7,6,14,35.95,14.79,889.0,827.97,173.0,361.58,2.46,291.0,996.12,
2011,7,6,15,35.68,14.42,722.0,775.55,160.0,355.32,2.8,288.0,995.96,
2011,7,6,16,35.41,14.04,519.0,704.08,134.0,349.05,3.14,284.0,995.79,
2011,7,6,17,33.7,16.65,297.0,585.37,96.0,345.38,3.26,287.0,996.02,
2011,7,6,18,31.99,19.27,84.0,319.81,43.0,341.72,3.37,290.0,996.25,
2011,7,6,19,30.27,21.88,0.0,0.0,0.0,338.05,3.49,294.0,996.49,
2011,7,6,20,29.46,23.78,0.0,0.0,0.0,337.83,3.32,300.0,996.72,
2011,7,6,21,28.65,25.68,0.0,0.0,0.0,337.62,3.16,305.0,996.95,
2011,7,6,22,27.83,27.58,0.0,0.0,0.0,337.4,2.99,311.0,997.18,
2011,7,6,23,27.29,29.18,0.0,0.0,0.0,337.33,3.02,317.0,997.05,
2011,7,7,0,26.74,30.79,0.0,0.0,0.0,337.27,3.05,322.0,996.92,
2011,7,7,1,26.19,32.39,0.0,0.0,0.0,337.2,3.08,328.0,996.78,
2011,7,7,2,25.71,33.84,0.0,0.0,0.0,339.43,3.08,332.0,997.28,
2011,7,7,3,25.23,35.28,0.0,0.0,0.0,341.67,3.08,336.0,997.78,
2011,7,7,4,24.76,36.73,0.0,0.0,0.0,343.9,3.08,341.0,998.27,
2011,7,7,5,26.09,35.23,0.0,0.0,0.0,347.23,3.23,343.0,998.6,
2011,7,7,6,27.42,33.72,145.0,305.39,80.0,350.57,3.39,345.0,998.93,
2011,7,7,7,28.76,32.22,369.0,559.64,131.0,353.9,3.54,347.0,999.26,
2011,7,7,8,31.04,28.71,593.0,701.23,158.0,362.43,3.13,345.0,998.77,
2011,7,7,9,33.32,25.19,793.0,798.99,166.0,370.97,2.72,344.0,998.27,
2011,7,7,10,35.61,21.68,940.0,842.07,176.0,379.5,2.3,342.0,997.78,
2011,7,7,11,36.73,19.34,1039.0,897.3,160.0,381.8,1.67,341.0,997.11,
2011,7,7,12,37.85,17.0,1054.0,885.84,171.0,384.1,1.04,340.0,996.45,
2011,7,7,13,38.98,14.66,1007.0,874.01,170.0,386.4,0.41,339.0,995.79,
2011,7,7,14,38.75,14.64,894.0,844.05,164.0,379.63,0.81,341.0,995.49,
2011,7,7,15,38.53,14.61,726.0,790.59,153.0,372.87,1.21,342.0,995.2,
2011,7,7,16,38.3,14.59,522.0,716.78,130.0,366.1,1.61,344.0,994.9,
2011,7,7,17,36.61,17.23,294.0,565.02,100.0,361.75,2.4,336.0,995.0,
2011,7,7,18,34.92,19.86,83.0,304.62,44.0,357.4,3.19,328.0,995.1,
2011,7,7,19,33.23,22.5,0.0,0.0,0.0,353.05,3.97,319.0,995.2,
2011,7,7,20,32.6,22.91,0.0,0.0,0.0,353.0,4.24,328.0,995.46,
2011,7,7,21,31.97,23.32,0.0,0.0,0.0,352.95,4.51,337.0,995.72,
2011,7,7,22,31.34,23.73,0.0,0.0,0.0,352.9,4.79,346.0,995.99,
2011,7,7,23,30.72,24.56,0.0,0.0,0.0,353.7,4.26,351.0,996.15,
2011,7,8,0,30.09,25.4,0.0,0.0,0.0,354.5,3.74,357.0,996.32,
2011,7,8,1,29.46,26.23,0.0,0.0,0.0,355.3,3.21,3.0,996.49,
2011,7,8,2,28.75,27.86,0.0,0.0,0.0,355.45,3.0,5.0,996.98,
2011,7,8,3,28.04,29.48,0.0,0.0,0.0,355.6,2.79,7.0,997.48,
2011,7,8,4,27.34,31.11,0.0,0.0,0.0,355.75,2.58,9.0,997.97,
2011,7,8,5,28.6,29.57,0.0,0.0,0.0,358.28,2.24,12.0,998.47,
2011,7,8,6,29.87,28.03,143.0,297.85,80.0,360.82,1.9,14.0,998.97,
2011,7,8,7,31.14,26.49,366.0,546.98,134.0,363.35,1.56,17.0,999.46,
2011,7,8,8,33.56,22.86,592.0,700.64,158.0,370.0,1.22,23.0,999.26,
2011,7,8,9,35.97,19.24,787.0,783.1,173.0,376.65,0.88,28.0,999.07,
2011,7,8,10,38.39,15.61,939.0,841.4,176.0,383.3,0.54,33.0,998.87,
2011,7,8,11,39.31,14.27,1027.0,863.84,181.0,384.65,0.51,32.0,998.27,
2011,7,8,12,40.24,12.92,1002.0,743.46,261.0,386.0,0.47,30.0,997.68,
2011,7,8,13,41.17,11.58,1001.0,857.28,180.0,387.35,0.44,28.0,997.08,
2011,7,8,14,40.93,11.41,889.0,827.79,173.0,382.05,0.77,25.0,996.85,
2011,7,8,15,40.69,11.25,718.0,761.53,166.0,376.75,1.09,22.0,996.62,
2011,7,8,16,40.45,11.08,516.0,691.15,138.0,371.45,1.42,19.0,996.39,
2011,7,8,17,38.36,13.32,294.0,565.16,100.0,366.48,2.17,1.0,996.62,
2011,7,8,18,36.27,15.55,82.0,305.19,43.0,361.52,2.92,343.0,996.85,
2011,7,8,19,34.18,17.79,0.0,0.0,0.0,356.55,3.67,325.0,997.08,
2011,7,8,20,33.38,19.53,0.0,0.0,0.0,355.53,3.6,326.0,997.31,
2011,7,8,21,32.58,21.26,0.0,0.0,0.0,354.52,3.52,327.0,997.54,
2011,7,8,22,31.77,23.0,0.0,0.0,0.0,353.5,3.45,328.0,997.78,
2011,7,8,23,31.15,24.22,0.0,0.0,0.0,353.55,3.29,333.0,997.78,
2011,7,9,0,30.52,25.44,0.0,0.0,0.0,353.6,3.14,338.0,997.78,
2011,7,9,1,29.89,26.66,0.0,0.0,0.0,353.65,2.98,343.0,997.78,
2011,7,9,2,28.96,28.51,0.0,0.0,0.0,352.98,2.65,349.0,998.4,
2011,7,9,3,28.03,30.35,0.0,0.0,0.0,352.32,2.32,355.0,999.03,
2011,7,9,4,27.1,32.2,0.0,0.0,0.0,351.65,1.99,1.0,999.66,
2011,7,9,5,28.62,30.44,0.0,0.0,0.0,355.18,1.92,3.0,999.99,
2011,7,9,6,30.14,28.68,150.0,356.85,75.0,358.72,1.86,5.0,1000.32,
2011,7,9,7,31.67,26.92,375.0,602.83,120.0,362.25,1.79,6.0,1000.65,
2011,7,9,8,34.34,22.86,598.0,727.55,148.0,369.53,1.85,1.0,1000.32,
2011,7,9,9,37.0,18.8,795.0,813.15,158.0,376.82,1.9,356.0,999.99,
2011,7,9,10,39.67,14.74,944.0,857.28,167.0,384.1,1.96,351.0,999.66,
2011,7,9,11,40.4,13.07,1038.0,896.76,160.0,384.53,1.52,337.0,999.13,
2011,7,9,12,41.13,11.4,1054.0,886.03,171.0,384.97,1.09,324.0,998.6,
2011,7,9,13,41.86,9.73,1007.0,873.99,170.0,385.4,0.65,310.0,998.07,
2011,7,9,14,41.58,9.66,894.0,843.92,164.0,378.08,0.74,312.0,997.68,
2011,7,9,15,41.3,9.59,726.0,790.45,153.0,370.77,0.84,314.0,997.28,
2011,7,9,16,41.02,9.52,522.0,718.6,129.0,363.45,0.94,316.0,996.88,
2011,7,9,17,38.8,11.95,295.0,574.13,98.0,357.23,1.8,318.0,997.01,
2011,7,9,18,36.58,14.38,83.0,321.62,42.0,351.02,2.67,319.0,997.15,
2011,7,9,19,34.36,16.81,0.0,0.0,0.0,344.8,3.53,321.0,997.28,
2011,7,9,20,33.58,17.7,0.0,0.0,0.0,344.97,3.45,326.0,997.44,
2011,7,9,21,32.8,18.58,0.0,0.0,0.0,345.13,3.37,331.0,997.61,
2011,7,9,22,32.01,19.47,0.0,0.0,0.0,345.3,3.3,335.0,997.78,
2011,7,9,23,31.34,20.92,0.0,0.0,0.0,346.75,3.3,340.0,997.61,
2011,7,10,0,30.66,22.38,0.0,0.0,0.0,348.2,3.31,344.0,997.44,
2011,7,10,1,29.99,23.83,0.0,0.0,0.0,349.65,3.31,348.0,997.28,
2011,7,10,2,29.37,25.91,0.0,0.0,0.0,349.62,3.3,349.0,997.61,
2011,7,10,3,28.75,27.98,0.0,0.0,0.0,349.58,3.28,350.0,997.94,
2011,7,10,4,28.13,30.06,0.0,0.0,0.0,349.55,3.27,350.0,998.27,
2011,7,10,5,29.35,28.96,0.0,0.0,0.0,352.72,3.92,348.0,998.57,
2011,7,10,6,30.57,27.87,145.0,325.66,77.0,355.88,4.57,347.0,998.87,
2011,7,10,7,31.8,26.77,372.0,590.26,123.0,359.05,5.23,345.0,999.16,
2011,7,10,8,34.26,22.75,593.0,714.07,152.0,368.03,5.87,342.0,998.77,
2011,7,10,9,36.71,18.72,794.0,812.59,158.0,377.02,6.51,339.0,998.37,
2011,7,10,10,39.17,14.7,943.0,857.72,166.0,386.0,7.16,336.0,997.97,
2011,7,10,11,39.93,13.16,1032.0,880.67,170.0,388.82,6.85,331.0,997.41,
2011,7,10,12,40.7,11.63,1054.0,886.14,171.0,391.63,6.54,327.0,996.85,
2011,7,10,13,41.47,10.09,979.0,794.65,218.0,394.45,6.23,322.0,996.29,
2011,7,10,14,40.88,10.13,894.0,843.9,164.0,389.2,6.24,318.0,995.96,
2011,7,10,15,40.3,10.18,722.0,775.27,160.0,383.95,6.24,313.0,995.63,
2011,7,10,16,39.71,10.22,516.0,691.26,138.0,378.7,6.25,309.0,995.29,
2011,7,10,17,37.66,11.48,295.0,574.47,98.0,374.52,5.49,310.0,995.69,
2011,7,10,18,35.61,12.73,81.0,298.98,43.0,370.33,4.73,311.0,996.09,
2011,7,10,19,33.56,13.99,0.0,0.0,0.0,366.15,3.97,312.0,996.49,
2011,7,10,20,32.46,15.04,0.0,0.0,0.0,363.67,3.83,315.0,996.78,
2011,7,10,21,31.36,16.08,0.0,0.0,0.0,361.18,3.69,317.0,997.08,
2011,7,10,22,30.26,17.13,0.0,0.0,0.0,358.7,3.54,320.0,997.38,
2011,7,10,23,29.57,19.19,0.0,0.0,0.0,356.1,3.39,322.0,997.08,
2011,7,11,0,28.87,21.25,0.0,0.0,0.0,353.5,3.23,325.0,996.78,
2011,7,11,1,28.18,23.31,0.0,0.0,0.0,350.9,3.08,327.0,996.49,
2011,7,11,2,27.47,26.34,0.0,0.0,0.0,348.67,3.25,327.0,996.65,
2011,7,11,3,26.76,29.38,0.0,0.0,0.0,346.43,3.42,326.0,996.82,
2011,7,11,4,26.05,32.41,0.0,0.0,0.0,344.2,3.59,325.0,996.98,
2011,7,11,5,27.28,32.38,0.0,0.0,0.0,346.88,4.12,325.0,997.28,
2011,7,11,6,28.51,32.36,140.0,294.09,79.0,349.57,4.65,324.0,997.58,
2011,7,11,7,29.74,32.33,364.0,556.25,130.0,352.25,5.19,323.0,997.87,
2011,7,11,8,31.96,28.0,585.0,685.96,162.0,359.9,5.65,322.0,997.54,
2011,7,11,9,34.18,23.66,789.0,797.97,165.0,367.55,6.11,321.0,997.21,
2011,7,11,10,36.4,19.33,943.0,857.07,167.0,375.2,6.58,320.0,996.88,
2011,7,11,11,37.23,16.98,1032.0,879.9,171.0,375.33,6.52,319.0,996.19,
2011,7,11,12,38.07,14.64,1048.0,869.2,182.0,375.47,6.47,318.0,995.49,
2011,7,11,13,38.91,12.29,1001.0,858.39,179.0,375.6,6.41,318.0,994.8,
2011,7,11,14,38.32,11.97,889.0,827.72,173.0,369.22,6.42,318.0,994.53,
2011,7,11,15,37.73,11.66,718.0,761.51,166.0,362.83,6.43,318.0,994.27,
2011,7,11,16,37.14,11.34,516.0,691.42,138.0,356.45,6.44,318.0,994.0,
2011,7,11,17,35.5,13.38,293.0,563.24,100.0,353.13,5.79,316.0,994.43,
2011,7,11,18,33.85,15.43,81.0,300.05,43.0,349.82,5.14,314.0,994.86,
2011,7,11,19,32.2,17.47,0.0,0.0,0.0,346.5,4.48,312.0,995.29,
2011,7,11,20,31.42,19.57,0.0,0.0,0.0,346.4,4.13,315.0,995.59,
2011,7,11,21,30.64,21.67,0.0,0.0,0.0,346.3,3.78,318.0,995.89,
2011,7,11,22,29.86,23.77,0.0,0.0,0.0,346.2,3.43,322.0,996.19,
2011,7,11,23,29.29,25.91,0.0,0.0,0.0,346.58,3.7,326.0,995.99,
2011,7,12,0,28.71,28.06,0.0,0.0,0.0,346.97,3.97,329.0,995.79,
2011,7,12,1,28.13,30.2,0.0,0.0,0.0,347.35,4.23,333.0,995.59,
2011,7,12,2,27.78,31.6,0.0,0.0,0.0,349.23,3.85,333.0,995.96,
2011,7,12,3,27.43,32.99,0.0,0.0,0.0,351.12,3.46,332.0,996.32,
2011,7,12,4,27.08,34.39,0.0,0.0,0.0,353.0,3.08,332.0,996.68,
2011,7,12,5,28.59,31.52,0.0,0.0,0.0,353.77,3.19,331.0,996.98,
2011,7,12,6,30.11,28.64,145.0,344.65,74.0,354.53,3.31,329.0,997.28,
2011,7,12,7,31.63,25.77,372.0,600.73,120.0,355.3,3.42,328.0,997.58,
2011,7,12,8,33.5,21.61,598.0,740.61,142.0,359.8,4.33,326.0,997.25,
2011,7,12,9,35.36,17.46,793.0,812.77,158.0,364.3,5.24,325.0,996.92,
2011,7,12,10,37.23,13.3,942.0,856.42,167.0,368.8,6.15,323.0,996.58,
2011,7,12,11,37.8,12.27,1021.0,847.46,192.0,367.77,6.36,321.0,995.92,
2011,7,12,12,38.37,11.23,1048.0,869.33,182.0,366.73,6.57,318.0,995.26,
2011,7,12,13,38.94,10.2,1001.0,858.44,179.0,365.7,6.77,316.0,994.6,
2011,7,12,14,38.52,10.57,880.0,797.7,190.0,362.72,6.76,316.0,994.3,
2011,7,12,15,38.09,10.93,722.0,775.39,160.0,359.73,6.74,317.0,994.0,
2011,7,12,16,37.67,11.3,516.0,691.64,138.0,356.75,6.73,318.0,993.71,
2011,7,12,17,35.83,12.95,287.0,522.89,108.0,353.65,5.49,317.0,994.07,
2011,7,12,18,33.99,14.6,81.0,301.29,43.0,350.55,4.26,315.0,994.43,
2011,7,12,19,32.14,16.25,0.0,0.0,0.0,347.45,3.02,314.0,994.8,
2011,7,12,20,30.92,17.9,0.0,0.0,0.0,345.9,2.97,315.0,995.2,
2011,7,12,21,29.7,19.54,0.0,0.0,0.0,344.35,2.93,315.0,995.59,
2011,7,12,22,28.48,21.19,0.0,0.0,0.0,342.8,2.88,315.0,995.99,
2011,7,12,23,27.65,23.09,0.0,0.0,0.0,341.73,2.84,317.0,995.76,
2011,7,13,0,26.82,24.99,0.0,0.0,0.0,340.67,2.79,318.0,995.53,
2011,7,13,1,25.99,26.89,0.0,0.0,0.0,339.6,2.74,320.0,995.29,
2011,7,13,2,25.89,28.52,0.0,0.0,0.0,340.72,2.51,325.0,995.66,
2011,7,13,3,25.8,30.16,0.0,0.0,0.0,341.83,2.29,331.0,996.02,
2011,7,13,4,25.71,31.79,0.0,0.0,0.0,342.95,2.06,336.0,996.39,
2011,7,13,5,27.62,30.27,0.0,0.0,0.0,347.02,2.05,338.0,996.85,
2011,7,13,6,29.53,28.74,146.0,366.61,71.0,351.08,2.04,340.0,997.31,
2011,7,13,7,31.45,27.22,372.0,609.62,117.0,355.15,2.03,341.0,997.78,
2011,7,13,8,33.36,23.28,600.0,753.14,137.0,362.13,2.84,333.0,997.68,
2011,7,13,9,35.27,19.35,792.0,812.23,158.0,369.12,3.65,324.0,997.58,
2011,7,13,10,37.19,15.41,937.0,841.41,176.0,376.1,4.46,316.0,997.48,
2011,7,13,11,37.79,14.17,1032.0,880.44,171.0,375.42,4.42,312.0,996.92,
2011,7,13,12,38.4,12.92,1054.0,885.54,172.0,374.73,4.39,308.0,996.35,
2011,7,13,13,39.01,11.68,1012.0,890.9,159.0,374.05,4.36,304.0,995.79,
2011,7,13,14,38.77,11.7,899.0,860.2,155.0,371.48,4.24,305.0,995.63,
2011,7,13,15,38.54,11.73,734.0,821.06,139.0,368.92,4.13,306.0,995.46,
2011,7,13,16,38.3,11.75,524.0,732.2,124.0,366.35,4.01,307.0,995.29,
2011,7,13,17,36.26,13.56,296.0,584.9,96.0,362.4,3.6,311.0,995.76,
2011,7,13,18,34.22,15.36,82.0,318.66,42.0,358.45,3.19,316.0,996.22,
2011,7,13,19,32.18,17.17,0.0,0.0,0.0,354.5,2.77,320.0,996.68,
2011,7,13,20,30.99,19.04,0.0,0.0,0.0,351.48,2.9,327.0,997.08,
2011,7,13,21,29.8,20.91,0.0,0.0,0.0,348.47,3.03,333.0,997.48,
2011,7,13,22,28.6,22.78,0.0,0.0,0.0,345.45,3.16,340.0,997.87,
2011,7,13,23,27.94,25.26,0.0,0.0,0.0,344.9,3.07,343.0,997.54,
2011,7,14,0,27.28,27.74,0.0,0.0,0.0,344.35,2.98,346.0,997.21,
2011,7,14,1,26.62,30.22,0.0,0.0,0.0,343.8,2.9,349.0,996.88,
2011,7,14,2,26.33,31.04,0.0,0.0,0.0,345.33,2.59,352.0,997.21,
2011,7,14,3,26.05,31.86,0.0,0.0,0.0,346.87,2.29,356.0,997.54,
2011,7,14,4,25.77,32.68,0.0,0.0,0.0,348.4,1.99,360.0,997.87,
2011,7,14,5,27.81,29.33,0.0,0.0,0.0,352.02,1.62,2.0,998.3,
2011,7,14,6,29.85,25.97,148.0,393.83,68.0,355.63,1.25,4.0,998.73,
2011,7,14,7,31.9,22.62,371.0,608.98,117.0,359.25,0.88,6.0,999.16,
2011,7,14,8,33.95,19.62,595.0,739.66,141.0,365.47,1.87,352.0,999.07,
2011,7,14,9,36.0,16.61,787.0,797.58,165.0,371.68,2.86,337.0,998.97,
2011,7,14,10,38.06,13.61,941.0,856.25,167.0,377.9,3.85,322.0,998.87,
2011,7,14,11,38.66,12.77,1037.0,897.09,160.0,376.53,3.76,317.0,998.34,
2011,7,14,12,39.27,11.92,1059.0,902.78,160.0,375.17,3.66,313.0,997.81,
2011,7,14,13,39.88,11.08,1012.0,891.01,159.0,373.8,3.57,308.0,997.28,
2011,7,14,14,39.71,10.9,899.0,860.31,155.0,370.43,3.57,308.0,997.11,
2011,7,14,15,39.53,10.73,702.0,705.31,191.0,367.07,3.57,308.0,996.95,
2011,7,14,16,39.36,10.55,524.0,732.59,124.0,363.7,3.57,309.0,996.78,
2011,7,14,17,37.29,12.74,296.0,585.68,96.0,359.98,3.63,314.0,997.28,
2011,7,14,18,35.22,14.93,82.0,328.38,41.0,356.27,3.68,320.0,997.78,
2011,7,14,19,33.15,17.12,0.0,0.0,0.0,352.55,3.74,325.0,998.27,
2011,7,14,20,32.2,18.91,0.0,0.0,0.0,350.52,3.53,331.0,998.6,
2011,7,14,21,31.25,20.71,0.0,0.0,0.0,348.48,3.31,337.0,998.93,
2011,7,14,22,30.29,22.5,0.0,0.0,0.0,346.45,3.1,343.0,999.26,
2011,7,14,23,29.5,23.94,0.0,0.0,0.0,346.47,2.96,346.0,999.0,
2011,7,15,0,28.71,25.38,0.0,0.0,0.0,346.48,2.82,350.0,998.73,
2011,7,15,1,27.92,26.82,0.0,0.0,0.0,346.5,2.68,353.0,998.47,
2011,7,15,2,27.55,27.32,0.0,0.0,0.0,347.17,2.58,355.0,998.7,
2011,7,15,3,27.19,27.81,0.0,0.0,0.0,347.83,2.48,357.0,998.93,
2011,7,15,4,26.83,28.31,0.0,0.0,0.0,348.5,2.39,359.0,999.16,
2011,7,15,5,28.86,25.94,0.0,0.0,0.0,351.8,2.36,358.0,999.56,
2011,7,15,6,30.89,23.56,143.0,357.02,71.0,355.1,2.33,357.0,999.96,
2011,7,15,7,32.93,21.19,363.0,574.7,124.0,358.4,2.3,356.0,1000.36,
2011,7,15,8,34.87,18.6,585.0,698.39,157.0,365.72,3.43,347.0,1000.36,
2011,7,15,9,36.8,16.01,786.0,797.04,165.0,373.03,4.57,337.0,1000.36,
2011,7,15,10,38.74,13.42,935.0,840.12,176.0,380.35,5.7,328.0,1000.36,
2011,7,15,11,39.25,12.64,1020.0,847.25,192.0,380.6,5.79,324.0,999.63,
2011,7,15,12,39.76,11.86,1048.0,869.82,182.0,380.85,5.89,321.0,998.9,
2011,7,15,13,40.28,11.08,1001.0,857.71,180.0,381.1,5.99,318.0,998.17,
2011,7,15,14,39.89,11.3,894.0,844.26,164.0,378.9,5.97,319.0,997.68,
2011,7,15,15,39.49,11.52,718.0,762.12,166.0,376.7,5.96,321.0,997.18,
2011,7,15,16,39.1,11.74,510.0,665.24,147.0,374.5,5.94,323.0,996.68,
2011,7,15,17,37.23,13.41,287.0,533.79,105.0,371.02,5.22,323.0,997.01,
2011,7,15,18,35.35,15.08,78.0,273.94,44.0,367.53,4.5,323.0,997.35,
2011,7,15,19,33.47,16.75,0.0,0.0,0.0,364.05,3.78,324.0,997.68,
2011,7,15,20,32.51,17.74,0.0,0.0,0.0,362.05,3.56,327.0,997.97,
2011,7,15,21,31.55,18.74,0.0,0.0,0.0,360.05,3.35,330.0,998.27,
2011,7,15,22,30.58,19.73,0.0,0.0,0.0,358.05,3.13,332.0,998.57,
2011,7,15,23,29.88,20.84,0.0,0.0,0.0,355.92,3.13,336.0,998.44,
2011,7,16,0,29.18,21.96,0.0,0.0,0.0,353.78,3.13,339.0,998.3,
2011,7,16,1,28.48,23.07,0.0,0.0,0.0,351.65,3.13,342.0,998.17,
2011,7,16,2,27.82,24.91,0.0,0.0,0.0,349.47,3.28,342.0,998.37,
2011,7,16,3,27.16,26.76,0.0,0.0,0.0,347.28,3.43,342.0,998.57,
2011,7,16,4,26.5,28.6,0.0,0.0,0.0,345.1,3.57,343.0,998.77,
2011,7,16,5,27.93,28.06,0.0,0.0,0.0,346.57,4.14,342.0,999.13,
2011,7,16,6,29.37,27.51,134.0,294.72,75.0,348.03,4.7,341.0,999.5,
2011,7,16,7,30.81,26.97,366.0,595.69,119.0,349.5,5.27,340.0,999.86,
2011,7,16,8,32.75,22.39,590.0,724.02,147.0,355.33,5.98,338.0,999.56,
2011,7,16,9,34.68,17.8,785.0,796.5,165.0,361.17,6.69,336.0,999.26,
2011,7,16,10,36.62,13.22,945.0,872.71,157.0,367.0,7.39,334.0,998.97,
2011,7,16,11,37.33,11.87,1025.0,863.92,181.0,367.68,7.44,332.0,998.21,
2011,7,16,12,38.04,10.52,1048.0,869.0,183.0,368.37,7.49,330.0,997.44,
2011,7,16,13,38.76,9.17,1001.0,857.86,180.0,369.05,7.53,328.0,996.68,
2011,7,16,14,38.18,9.49,884.0,813.2,181.0,366.28,7.3,327.0,996.09,
2011,7,16,15,37.61,9.81,718.0,762.39,166.0,363.52,7.06,327.0,995.49,
2011,7,16,16,37.03,10.13,486.0,568.52,176.0,360.75,6.83,326.0,994.9,
2011,7,16,17,35.27,11.93,284.0,511.21,110.0,357.45,5.89,324.0,995.26,
2011,7,16,18,33.51,13.74,75.0,251.43,44.0,354.15,4.94,323.0,995.63,
2011,7,16,19,31.74,15.54,0.0,0.0,0.0,350.85,4.0,322.0,995.99,
2011,7,16,20,30.8,17.21,0.0,0.0,0.0,349.2,3.65,323.0,996.29,
2011,7,16,21,29.85,18.88,0.0,0.0,0.0,347.55,3.3,324.0,996.58,
2011,7,16,22,28.9,20.55,0.0,0.0,0.0,345.9,2.95,325.0,996.88,
2011,7,16,23,28.24,22.33,0.0,0.0,0.0,344.6,2.96,326.0,996.65,
2011,7,17,0,27.57,24.1,0.0,0.0,0.0,343.3,2.96,328.0,996.42,
2011,7,17,1,26.91,25.88,0.0,0.0,0.0,342.0,2.97,329.0,996.19,
2011,7,17,2,26.42,27.63,0.0,0.0,0.0,341.43,2.97,329.0,996.49,
2011,7,17,3,25.93,29.39,0.0,0.0,0.0,340.87,2.97,329.0,996.78,
2011,7,17,4,25.44,31.14,0.0,0.0,0.0,340.3,2.97,330.0,997.08,
2011,7,17,5,27.01,29.88,0.0,0.0,0.0,342.83,3.35,329.0,997.38,
2011,7,17,6,28.58,28.62,150.0,442.88,62.0,345.37,3.73,329.0,997.68,
2011,7,17,7,30.16,27.36,377.0,665.2,102.0,347.9,4.11,328.0,997.97,
2011,7,17,8,31.94,23.73,582.0,697.34,156.0,353.53,5.05,325.0,997.58,
2011,7,17,9,33.72,20.1,789.0,811.39,158.0,359.17,5.99,322.0,997.18,
2011,7,17,10,35.51,16.47,944.0,872.11,157.0,364.8,6.92,318.0,996.78,
2011,7,17,11,36.26,14.77,1036.0,897.0,160.0,364.82,6.82,318.0,996.02,
2011,7,17,12,37.01,13.06,1053.0,886.29,171.0,364.83,6.71,317.0,995.26,
2011,7,17,13,37.77,11.36,1007.0,874.75,170.0,364.85,6.61,316.0,994.5,
2011,7,17,14,37.38,11.43,899.0,860.85,155.0,361.78,6.51,316.0,994.14,
2011,7,17,15,36.99,11.51,726.0,791.73,153.0,358.72,6.41,316.0,993.77,
2011,7,17,16,36.6,11.58,517.0,704.83,133.0,355.65,6.32,316.0,993.41,
2011,7,17,17,34.82,12.96,291.0,562.24,100.0,351.78,5.37,314.0,993.74,
2011,7,17,18,33.04,14.34,76.0,269.61,43.0,347.92,4.41,313.0,994.07,
2011,7,17,19,31.25,15.72,0.0,0.0,0.0,344.05,3.46,311.0,994.4,
2011,7,17,20,30.27,17.2,0.0,0.0,0.0,342.12,3.29,313.0,994.63,
2011,7,17,21,29.28,18.68,0.0,0.0,0.0,340.18,3.11,314.0,994.86,
2011,7,17,22,28.29,20.16,0.0,0.0,0.0,338.25,2.94,315.0,995.1,
2011,7,17,23,27.68,22.32,0.0,0.0,0.0,337.08,2.98,318.0,994.83,
2011,7,18,0,27.07,24.49,0.0,0.0,0.0,335.92,3.02,321.0,994.57,
2011,7,18,1,26.46,26.65,0.0,0.0,0.0,334.75,3.06,325.0,994.3,
2011,7,18,2,26.14,29.48,0.0,0.0,0.0,334.7,3.08,328.0,994.6,
2011,7,18,3,25.83,32.32,0.0,0.0,0.0,334.65,3.09,330.0,994.9,
2011,7,18,4,25.52,35.15,0.0,0.0,0.0,334.6,3.1,333.0,995.2,
2011,7,18,5,27.08,33.77,0.0,0.0,0.0,338.8,3.57,333.0,995.53,
2011,7,18,6,28.65,32.38,139.0,349.91,70.0,343.0,4.04,333.0,995.86,
2011,7,18,7,30.22,31.0,364.0,594.42,119.0,347.2,4.51,332.0,996.19,
2011,7,18,8,32.09,26.72,588.0,723.06,147.0,355.15,5.01,331.0,996.02,
2011,7,18,9,33.95,22.45,788.0,810.87,158.0,363.1,5.51,329.0,995.86,
2011,7,18,10,35.82,18.17,939.0,855.98,167.0,371.05,6.01,328.0,995.69,
2011,7,18,11,36.62,16.39,1024.0,863.53,181.0,371.17,5.99,326.0,995.06,
2011,7,18,12,37.43,14.61,1053.0,886.52,171.0,371.28,5.96,324.0,994.43,
2011,7,18,13,38.24,12.83,1006.0,874.95,169.0,371.4,5.93,323.0,993.81,
2011,7,18,14,37.91,12.25,899.0,859.94,156.0,367.55,5.83,323.0,993.61,
2011,7,18,15,37.59,11.68,722.0,776.91,160.0,363.7,5.74,323.0,993.41,
2011,7,18,16,37.26,11.1,520.0,718.36,129.0,359.85,5.64,322.0,993.21,
2011,7,18,17,35.35,12.27,295.0,595.89,93.0,354.75,4.91,321.0,993.51,
2011,7,18,18,33.44,13.45,78.0,296.46,42.0,349.65,4.18,320.0,993.81,
2011,7,18,19,31.53,14.62,0.0,0.0,0.0,344.55,3.45,319.0,994.1,
2011,7,18,20,30.49,15.99,0.0,0.0,0.0,341.35,3.29,320.0,994.5,
2011,7,18,21,29.45,17.35,0.0,0.0,0.0,338.15,3.13,322.0,994.9,
2011,7,18,22,28.41,18.72,0.0,0.0,0.0,334.95,2.97,323.0,995.29,
2011,7,18,23,27.72,20.8,0.0,0.0,0.0,333.52,3.0,325.0,995.2,
2011,7,19,0,27.02,22.88,0.0,0.0,0.0,332.08,3.03,326.0,995.1,
2011,7,19,1,26.33,24.96,0.0,0.0,0.0,330.65,3.06,327.0,995.0,
2011,7,19,2,25.89,27.11,0.0,0.0,0.0,330.37,3.01,328.0,995.2,
2011,7,19,3,25.45,29.27,0.0,0.0,0.0,330.08,2.95,329.0,995.39,
2011,7,19,4,25.02,31.42,0.0,0.0,0.0,329.8,2.9,330.0,995.59,
2011,7,19,5,26.75,29.74,0.0,0.0,0.0,334.13,2.96,331.0,996.06,
2011,7,19,6,28.48,28.06,142.0,388.4,66.0,338.47,3.03,332.0,996.52,
2011,7,19,7,30.21,26.38,364.0,605.96,115.0,342.8,3.09,333.0,996.98,
2011,7,19,8,32.47,22.76,587.0,722.58,147.0,351.05,3.65,331.0,996.78,
2011,7,19,9,34.73,19.14,787.0,811.64,157.0,359.3,4.2,330.0,996.58,
2011,7,19,10,37.0,15.52,928.0,824.31,185.0,367.55,4.76,328.0,996.39,
2011,7,19,11,37.73,13.75,1030.0,880.25,171.0,366.85,4.69,324.0,995.79,
2011,7,19,12,38.47,11.99,1053.0,885.77,172.0,366.15,4.62,320.0,995.2,
2011,7,19,13,39.21,10.22,1006.0,875.18,169.0,365.45,4.55,316.0,994.6,
2011,7,19,14,38.77,10.33,894.0,844.03,165.0,363.8,4.48,313.0,994.43,
2011,7,19,15,38.32,10.43,729.0,806.4,146.0,362.15,4.41,309.0,994.27,
2011,7,19,16,37.88,10.54,516.0,704.4,133.0,360.5,4.34,306.0,994.1,
2011,7,19,17,35.9,12.55,290.0,561.81,100.0,357.08,3.78,307.0,994.47,
2011,7,19,18,33.92,14.55,77.0,299.04,41.0,353.67,3.22,308.0,994.83,
2011,7,19,19,31.94,16.56,0.0,0.0,0.0,350.25,2.66,309.0,995.2,
2011,7,19,20,30.82,18.21,0.0,0.0,0.0,348.25,2.64,314.0,995.56,
2011,7,19,21,29.7,19.86,0.0,0.0,0.0,346.25,2.63,318.0,995.92,
2011,7,19,22,28.57,21.51,0.0,0.0,0.0,344.25,2.61,323.0,996.29,
2011,7,19,23,27.76,23.38,0.0,0.0,0.0,343.43,2.57,325.0,995.96,
2011,7,20,0,26.95,25.26,0.0,0.0,0.0,342.62,2.54,327.0,995.63,
2011,7,20,1,26.14,27.13,0.0,0.0,0.0,341.8,2.51,330.0,995.29,
2011,7,20,2,25.76,28.73,0.0,0.0,0.0,343.57,2.24,335.0,995.49,
2011,7,20,3,25.38,30.32,0.0,0.0,0.0,345.33,1.98,341.0,995.69,
2011,7,20,4,25.01,31.92,0.0,0.0,0.0,347.1,1.71,346.0,995.89,
2011,7,20,5,26.94,29.04,0.0,0.0,0.0,350.28,1.56,346.0,996.19,
2011,7,20,6,28.87,26.15,145.0,432.66,61.0,353.47,1.41,346.0,996.49,
2011,7,20,7,30.8,23.27,369.0,639.55,107.0,356.65,1.26,347.0,996.78,
2011,7,20,8,32.91,19.99,589.0,736.91,141.0,362.97,1.42,330.0,996.49,
2011,7,20,9,35.02,16.71,791.0,826.6,150.0,369.28,1.59,314.0,996.19,
2011,7,20,10,37.13,13.43,943.0,872.54,157.0,375.6,1.75,298.0,995.89,
2011,7,20,11,37.75,12.36,1024.0,864.2,181.0,373.65,1.94,296.0,995.29,
2011,7,20,12,38.37,11.29,1047.0,869.94,182.0,371.7,2.12,293.0,994.7,
2011,7,20,13,38.99,10.22,1006.0,874.4,170.0,369.75,2.3,291.0,994.1,
2011,7,20,14,38.58,10.29,893.0,844.36,164.0,365.55,2.57,296.0,993.91,
2011,7,20,15,38.18,10.36,725.0,791.68,153.0,361.35,2.84,300.0,993.71,
2011,7,20,16,37.77,10.43,519.0,718.12,129.0,357.15,3.1,305.0,993.51,
2011,7,20,17,35.85,12.63,289.0,563.25,99.0,353.0,3.02,307.0,993.74,
2011,7,20,18,33.92,14.82,76.0,293.47,41.0,348.85,2.93,309.0,993.97,
2011,7,20,19,31.99,17.02,0.0,0.0,0.0,344.7,2.84,311.0,994.2,
2011,7,20,20,30.97,19.12,0.0,0.0,0.0,343.35,2.94,315.0,994.63,
2011,7,20,21,29.94,21.22,0.0,0.0,0.0,342.0,3.04,319.0,995.06,
2011,7,20,22,28.91,23.32,0.0,0.0,0.0,340.65,3.14,323.0,995.49,
2011,7,20,23,28.17,25.41,0.0,0.0,0.0,341.4,2.94,326.0,995.33,
2011,7,21,0,27.42,27.5,0.0,0.0,0.0,342.15,2.74,329.0,995.16,
2011,7,21,1,26.67,29.59,0.0,0.0,0.0,342.9,2.54,331.0,995.0,
2011,7,21,2,26.58,30.93,0.0,0.0,0.0,344.68,2.42,334.0,995.36,
2011,7,21,3,26.49,32.26,0.0,0.0,0.0,346.47,2.3,336.0,995.72,
2011,7,21,4,26.41,33.6,0.0,0.0,0.0,348.25,2.18,338.0,996.09,
2011,7,21,5,28.08,31.23,0.0,0.0,0.0,351.32,2.29,339.0,996.49,
2011,7,21,6,29.75,28.86,140.0,394.58,64.0,354.38,2.41,341.0,996.88,
2011,7,21,7,31.42,26.49,365.0,626.83,109.0,357.45,2.52,342.0,997.28,
2011,7,21,8,33.3,23.08,588.0,736.47,141.0,365.12,2.65,332.0,997.08,
2011,7,21,9,35.18,19.66,794.0,841.6,142.0,372.78,2.77,322.0,996.88,
2011,7,21,10,37.07,16.25,942.0,871.95,157.0,380.45,2.9,312.0,996.68,
2011,7,21,11,37.73,14.77,1035.0,896.35,161.0,379.95,2.9,305.0,996.09,
2011,7,21,12,38.4,13.29,1053.0,886.32,172.0,379.45,2.9,297.0,995.49,
2011,7,21,13,39.07,11.81,1011.0,891.42,159.0,378.95,2.9,289.0,994.9,
2011,7,21,14,38.71,11.89,898.0,860.95,155.0,372.65,3.17,291.0,994.7,
2011,7,21,15,38.35,11.96,724.0,790.85,153.0,366.35,3.45,294.0,994.5,
2011,7,21,16,37.99,12.04,515.0,704.29,133.0,360.05,3.72,297.0,994.3,
2011,7,21,17,36.16,14.12,291.0,582.65,95.0,356.72,3.36,300.0,994.63,
2011,7,21,18,34.33,16.2,76.0,304.92,40.0,353.38,3.0,303.0,994.96,
2011,7,21,19,32.5,18.28,0.0,0.0,0.0,350.05,2.63,306.0,995.29,
2011,7,21,20,31.49,19.9,0.0,0.0,0.0,349.27,2.73,310.0,995.59,
2011,7,21,21,30.48,21.51,0.0,0.0,0.0,348.48,2.82,314.0,995.89,
2011,7,21,22,29.46,23.13,0.0,0.0,0.0,347.7,2.91,317.0,996.19,
2011,7,21,23,28.75,24.92,0.0,0.0,0.0,347.9,2.82,320.0,996.06,
2011,7,22,0,28.04,26.7,0.0,0.0,0.0,348.1,2.73,323.0,995.92,
2011,7,22,1,27.33,28.49,0.0,0.0,0.0,348.3,2.63,326.0,995.79,
2011,7,22,2,27.01,29.59,0.0,0.0,0.0,349.27,2.4,331.0,996.02,
2011,7,22,3,26.69,30.68,0.0,0.0,0.0,350.23,2.16,336.0,996.25,
2011,7,22,4,26.38,31.78,0.0,0.0,0.0,351.2,1.92,341.0,996.49,
2011,7,22,5,28.37,28.65,0.0,0.0,0.0,354.5,1.76,342.0,996.85,
2011,7,22,6,30.36,25.52,128.0,298.33,71.0,357.8,1.6,344.0,997.21,
2011,7,22,7,32.35,22.39,350.0,547.73,127.0,361.1,1.45,345.0,997.58,
2011,7,22,8,34.53,19.5,574.0,681.57,161.0,368.07,1.53,338.0,997.35,
2011,7,22,9,36.71,16.61,776.0,780.4,172.0,375.03,1.61,330.0,997.11,
2011,7,22,10,38.9,13.72,932.0,840.26,176.0,382.0,1.7,322.0,996.88,
2011,7,22,11,39.59,12.85,1023.0,863.89,181.0,381.43,1.74,317.0,996.29,
2011,7,22,12,40.28,11.99,1052.0,886.62,171.0,380.87,1.78,312.0,995.69,
2011,7,22,13,40.97,11.12,1006.0,875.0,170.0,380.3,1.82,307.0,995.1,
2011,7,22,14,40.63,11.56,888.0,828.91,173.0,374.58,2.71,310.0,994.96,
2011,7,22,15,40.3,12.01,720.0,776.22,160.0,368.87,3.6,312.0,994.83,
2011,7,22,16,39.96,12.45,509.0,677.59,142.0,363.15,4.48,315.0,994.7,
2011,7,22,17,38.19,15.39,282.0,530.73,104.0,360.05,5.08,315.0,995.03,
2011,7,22,18,36.42,18.33,74.0,299.7,39.0,356.95,5.68,315.0,995.36,
2011,7,22,19,34.65,21.27,0.0,0.0,0.0,353.85,6.28,314.0,995.69,
2011,7,22,20,33.69,23.19,0.0,0.0,0.0,355.33,5.68,320.0,996.12,
2011,7,22,21,32.73,25.11,0.0,0.0,0.0,356.82,5.09,326.0,996.55,
2011,7,22,22,31.76,27.03,0.0,0.0,0.0,358.3,4.5,331.0,996.98,
2011,7,22,23,30.93,28.67,0.0,0.0,0.0,361.05,3.91,334.0,996.85,
2011,7,23,0,30.09,30.32,0.0,0.0,0.0,363.8,3.33,337.0,996.72,
2011,7,23,1,29.26,31.96,0.0,0.0,0.0,366.55,2.74,340.0,996.58,
2011,7,23,2,28.71,33.34,0.0,0.0,0.0,366.95,2.57,341.0,996.88,
2011,7,23,3,28.16,34.71,0.0,0.0,0.0,367.35,2.39,341.0,997.18,
2011,7,23,4,27.61,36.09,0.0,0.0,0.0,367.75,2.21,342.0,997.48,
2011,7,23,5,28.63,34.54,0.0,0.0,0.0,369.32,2.9,340.0,997.91,
2011,7,23,6,29.65,32.98,127.0,300.77,70.0,370.88,3.59,338.0,998.34,
2011,7,23,7,30.68,31.43,355.0,579.01,120.0,372.45,4.28,335.0,998.77,
2011,7,23,8,32.64,27.77,582.0,720.71,146.0,379.88,4.46,328.0,998.37,
2011,7,23,9,34.6,24.12,784.0,809.61,158.0,387.32,4.63,321.0,997.97,
2011,7,23,10,36.57,20.46,936.0,856.35,166.0,394.75,4.81,314.0,997.58,
2011,7,23,11,37.43,18.69,1034.0,897.12,160.0,395.47,4.78,308.0,996.85,
2011,7,23,12,38.29,16.92,1058.0,903.06,161.0,396.18,4.75,302.0,996.12,
2011,7,23,13,39.15,15.15,1016.0,907.8,149.0,396.9,4.72,297.0,995.39,
2011,7,23,14,38.5,14.81,897.0,860.67,155.0,390.0,4.9,299.0,995.16,
2011,7,23,15,37.84,14.46,731.0,821.28,139.0,383.1,5.08,301.0,994.93,
2011,7,23,16,37.19,14.12,514.0,704.51,133.0,376.2,5.26,304.0,994.7,
2011,7,23,17,35.36,15.25,287.0,571.32,96.0,370.23,4.75,308.0,994.9,
2011,7,23,18,33.53,16.38,73.0,294.55,39.0,364.27,4.24,312.0,995.1,
2011,7,23,19,31.69,17.51,0.0,0.0,0.0,358.3,3.74,317.0,995.29,
2011,7,23,20,30.74,19.02,0.0,0.0,0.0,354.57,3.52,321.0,995.76,
2011,7,23,21,29.79,20.54,0.0,0.0,0.0,350.83,3.31,325.0,996.22,
2011,7,23,22,28.84,22.05,0.0,0.0,0.0,347.1,3.09,330.0,996.68,
2011,7,23,23,28.18,24.62,0.0,0.0,0.0,344.62,2.93,333.0,996.52,
2011,7,24,0,27.52,27.19,0.0,0.0,0.0,342.13,2.78,336.0,996.35,
2011,7,24,1,26.86,29.76,0.0,0.0,0.0,339.65,2.62,340.0,996.19,
2011,7,24,2,26.12,32.86,0.0,0.0,0.0,338.38,2.53,341.0,996.35,
2011,7,24,3,25.39,35.96,0.0,0.0,0.0,337.12,2.45,343.0,996.52,
2011,7,24,4,24.66,39.06,0.0,0.0,0.0,335.85,2.36,345.0,996.68,
2011,7,24,5,26.07,37.38,0.0,0.0,0.0,338.53,2.59,344.0,997.05,
2011,7,24,6,27.48,35.71,137.0,404.36,61.0,341.22,2.82,344.0,997.41,
2011,7,24,7,28.9,34.03,358.0,600.6,115.0,343.9,3.05,344.0,997.78,
2011,7,24,8,31.0,29.71,578.0,707.0,151.0,351.55,3.38,337.0,997.38,
2011,7,24,9,33.09,25.4,779.0,794.87,165.0,359.2,3.72,330.0,996.98,
2011,7,24,10,35.19,21.08,926.0,824.63,185.0,366.85,4.06,324.0,996.58,
2011,7,24,11,36.28,18.25,1022.0,863.65,181.0,366.85,4.19,320.0,995.82,
2011,7,24,12,37.37,15.41,1040.0,854.07,192.0,366.85,4.32,316.0,995.06,
2011,7,24,13,38.47,12.58,994.0,842.2,190.0,366.85,4.46,313.0,994.3,
2011,7,24,14,38.12,12.09,887.0,828.68,173.0,361.62,4.48,315.0,994.0,
2011,7,24,15,37.78,11.6,723.0,791.49,153.0,356.38,4.51,316.0,993.71,
2011,7,24,16,37.43,11.11,510.0,690.85,137.0,351.15,4.54,318.0,993.41,
2011,7,24,17,35.44,12.81,283.0,549.28,100.0,346.8,4.0,318.0,993.64,
2011,7,24,18,33.45,14.51,71.0,271.94,40.0,342.45,3.46,317.0,993.87,
2011,7,24,19,31.45,16.21,0.0,0.0,0.0,338.1,2.92,317.0,994.1,
2011,7,24,20,30.46,17.65,0.0,0.0,0.0,337.05,2.88,322.0,994.47,
2011,7,24,21,29.47,19.08,0.0,0.0,0.0,336.0,2.83,327.0,994.83,
2011,7,24,22,28.47,20.52,0.0,0.0,0.0,334.95,2.79,331.0,995.2,
2011,7,24,23,27.76,22.5,0.0,0.0,0.0,335.42,2.53,337.0,995.06,
2011,7,25,0,27.05,24.49,0.0,0.0,0.0,335.88,2.28,342.0,994.93,
2011,7,25,1,26.34,26.47,0.0,0.0,0.0,336.35,2.03,348.0,994.8,
2011,7,25,2,25.45,27.54,0.0,0.0,0.0,336.6,1.76,356.0,995.2,
2011,7,25,3,24.57,28.62,0.0,0.0,0.0,336.85,1.49,4.0,995.59,
2011,7,25,4,23.69,29.69,0.0,0.0,0.0,337.1,1.23,12.0,995.99,
2011,7,25,5,25.86,26.67,0.0,0.0,0.0,341.93,0.92,18.0,996.42,
2011,7,25,6,28.03,23.65,136.0,402.4,61.0,346.77,0.62,23.0,996.85,
2011,7,25,7,30.21,20.63,362.0,634.73,106.0,351.6,0.32,29.0,997.28,
2011,7,25,8,33.13,17.61,580.0,719.79,146.0,358.75,0.78,61.0,997.18,
2011,7,25,9,36.04,14.59,787.0,825.47,150.0,365.9,1.24,92.0,997.08,
2011,7,25,10,38.96,11.57,940.0,871.93,157.0,373.05,1.7,124.0,996.98,
2011,7,25,11,39.85,10.41,1028.0,880.49,171.0,371.6,1.49,64.0,996.42,
2011,7,25,12,40.75,9.24,1057.0,902.79,161.0,370.15,1.28,5.0,995.86,
2011,7,25,13,41.65,8.08,1005.0,875.09,170.0,368.7,1.08,306.0,995.29,
2011,7,25,14,41.45,8.23,892.0,844.31,165.0,362.45,1.01,317.0,995.16,
2011,7,25,15,41.25,8.39,730.0,821.48,139.0,356.2,0.94,327.0,995.03,
2011,7,25,16,41.05,8.54,512.0,703.21,133.0,349.95,0.87,338.0,994.9,
2011,7,25,17,38.83,11.5,287.0,581.43,94.0,345.28,1.75,337.0,995.16,
2011,7,25,18,36.61,14.46,72.0,302.27,38.0,340.62,2.63,335.0,995.43,
2011,7,25,19,34.39,17.42,0.0,0.0,0.0,335.95,3.52,334.0,995.69,
2011,7,25,20,33.69,19.41,0.0,0.0,0.0,336.58,3.38,338.0,996.19,
2011,7,25,21,32.99,21.39,0.0,0.0,0.0,337.22,3.25,342.0,996.68,
2011,7,25,22,32.29,23.38,0.0,0.0,0.0,337.85,3.12,346.0,997.18,
2011,7,25,23,31.89,24.66,0.0,0.0,0.0,339.92,3.03,351.0,997.28,
2011,7,26,0,31.48,25.95,0.0,0.0,0.0,341.98,2.94,355.0,997.38,
2011,7,26,1,31.07,27.23,0.0,0.0,0.0,344.05,2.86,360.0,997.48,
2011,7,26,2,30.25,29.45,0.0,0.0,0.0,344.95,2.49,2.0,997.78,
2011,7,26,3,29.43,31.67,0.0,0.0,0.0,345.85,2.13,4.0,998.07,
2011,7,26,4,28.61,33.89,0.0,0.0,0.0,346.75,1.77,7.0,998.37,
2011,7,26,5,30.2,31.51,0.0,0.0,0.0,351.75,1.64,9.0,998.93,
2011,7,26,6,31.79,29.14,124.0,308.42,67.0,356.75,1.51,12.0,999.5,
2011,7,26,7,33.38,26.76,349.0,564.62,122.0,361.75,1.38,15.0,1000.06,
2011,7,26,8,35.84,23.28,570.0,679.46,161.0,370.73,1.35,17.0,999.96,
2011,7,26,9,38.3,19.8,769.0,765.32,179.0,379.72,1.32,20.0,999.86,
2011,7,26,10,40.77,16.32,919.0,808.99,193.0,388.7,1.3,22.0,999.76,
2011,7,26,11,41.61,14.13,1022.0,864.48,181.0,389.43,1.38,11.0,999.1,
2011,7,26,12,42.46,11.94,1040.0,853.8,193.0,390.17,1.46,359.0,998.44,
2011,7,26,13,43.31,9.75,994.0,843.03,190.0,390.9,1.54,348.0,997.78,
2011,7,26,14,42.89,9.98,881.0,813.52,181.0,387.83,1.93,343.0,997.78,
2011,7,26,15,42.48,10.2,717.0,776.46,159.0,384.77,2.31,338.0,997.78,
2011,7,26,16,42.06,10.43,503.0,663.65,146.0,381.7,2.69,333.0,997.78,
2011,7,26,17,40.16,12.9,276.0,517.17,105.0,376.78,3.03,329.0,998.01,
2011,7,26,18,38.25,15.38,66.0,234.46,40.0,371.87,3.38,324.0,998.24,
2011,7,26,19,36.34,17.85,0.0,0.0,0.0,366.95,3.72,320.0,998.47,
2011,7,26,20,35.5,19.02,0.0,0.0,0.0,366.05,4.03,327.0,998.87,
2011,7,26,21,34.65,20.2,0.0,0.0,0.0,365.15,4.34,333.0,999.26,
2011,7,26,22,33.8,21.37,0.0,0.0,0.0,364.25,4.65,340.0,999.66,
2011,7,26,23,33.1,23.25,0.0,0.0,0.0,365.72,4.2,345.0,999.53,
2011,7,27,0,32.39,25.13,0.0,0.0,0.0,367.18,3.76,350.0,999.4,
2011,7,27,1,31.69,27.01,0.0,0.0,0.0,368.65,3.31,355.0,999.26,
2011,7,27,2,30.88,29.77,0.0,0.0,0.0,369.02,3.18,356.0,999.5,
2011,7,27,3,30.07,32.53,0.0,0.0,0.0,369.38,3.04,357.0,999.73,
2011,7,27,4,29.26,35.29,0.0,0.0,0.0,369.75,2.91,359.0,999.96,
2011,7,27,5,30.22,34.09,0.0,0.0,0.0,371.77,3.41,0.0,1000.36,
2011,7,27,6,31.18,32.88,98.0,136.43,73.0,373.78,3.91,1.0,1000.75,
2011,7,27,7,32.14,31.68,312.0,389.26,156.0,375.8,4.41,3.0,1001.15,
2011,7,27,8,34.53,27.5,533.0,544.14,206.0,385.42,4.46,360.0,1000.85,
2011,7,27,9,36.92,23.32,733.0,653.13,230.0,395.03,4.51,357.0,1000.55,
2011,7,27,10,39.31,19.14,888.0,719.21,243.0,404.65,4.57,354.0,1000.26,
2011,7,27,11,40.68,17.04,993.0,784.71,230.0,410.45,4.98,351.0,999.4,
2011,7,27,12,42.05,14.95,1028.0,821.93,213.0,416.25,5.4,348.0,998.54,
2011,7,27,13,43.43,12.85,993.0,842.44,190.0,422.05,5.82,345.0,997.68,
2011,7,27,14,43.03,12.63,871.0,782.73,198.0,417.17,6.17,344.0,997.35,
2011,7,27,15,42.62,12.42,701.0,718.86,185.0,412.28,6.53,344.0,997.01,
2011,7,27,16,42.22,12.2,496.0,638.91,153.0,407.4,6.88,343.0,996.68,
2011,7,27,17,40.38,14.14,270.0,485.92,110.0,403.25,6.42,341.0,996.88,
2011,7,27,18,38.54,16.08,66.0,247.2,39.0,399.1,5.96,340.0,997.08,
2011,7,27,19,36.7,18.02,0.0,0.0,0.0,394.95,5.5,338.0,997.28,
2011,7,27,20,35.75,19.26,0.0,0.0,0.0,392.22,4.49,345.0,997.58,
2011,7,27,21,34.8,20.5,0.0,0.0,0.0,389.48,3.48,351.0,997.87,
2011,7,27,22,33.85,21.74,0.0,0.0,0.0,386.75,2.47,358.0,998.17,
2011,7,27,23,32.97,23.17,0.0,0.0,0.0,385.13,2.7,358.0,997.91,
2011,7,28,0,32.08,24.61,0.0,0.0,0.0,383.52,2.94,358.0,997.64,
2011,7,28,1,31.19,26.04,0.0,0.0,0.0,381.9,3.17,358.0,997.38,
2011,7,28,2,30.21,27.64,0.0,0.0,0.0,377.75,3.39,358.0,997.51,
2011,7,28,3,29.23,29.25,0.0,0.0,0.0,373.6,3.61,357.0,997.64,
2011,7,28,4,28.25,30.85,0.0,0.0,0.0,369.45,3.83,357.0,997.78,
2011,7,28,5,29.29,29.51,0.0,0.0,0.0,370.28,4.4,357.0,998.07,
2011,7,28,6,30.33,28.16,107.0,192.67,72.0,371.12,4.97,358.0,998.37,
2011,7,28,7,31.37,26.82,323.0,443.07,146.0,371.95,5.53,358.0,998.67,
2011,7,28,8,33.72,23.13,551.0,615.06,182.0,379.93,5.82,356.0,998.21,
2011,7,28,9,36.07,19.45,750.0,707.08,206.0,387.92,6.1,354.0,997.74,
2011,7,28,10,38.43,15.76,908.0,777.73,211.0,395.9,6.39,352.0,997.28,
2011,7,28,11,39.68,14.23,993.0,785.12,230.0,400.23,6.31,350.0,996.29,
2011,7,28,12,40.94,12.7,1028.0,821.34,214.0,404.57,6.23,348.0,995.29,
2011,7,28,13,42.2,11.17,976.0,795.7,218.0,408.9,6.15,346.0,994.3,
2011,7,28,14,41.63,11.34,856.0,737.97,222.0,405.35,6.29,342.0,993.91,
2011,7,28,15,41.05,11.51,688.0,677.92,202.0,401.8,6.44,338.0,993.51,
2011,7,28,16,40.48,11.68,486.0,601.09,164.0,398.25,6.58,335.0,993.11,
2011,7,28,17,38.6,13.1,263.0,448.41,116.0,394.25,6.23,332.0,993.48,
2011,7,28,18,36.72,14.51,64.0,241.92,38.0,390.25,5.88,330.0,993.84,
2011,7,28,19,34.83,15.93,0.0,0.0,0.0,386.25,5.53,328.0,994.2,
2011,7,28,20,33.89,16.97,0.0,0.0,0.0,384.23,5.34,332.0,994.5,
2011,7,28,21,32.95,18.0,0.0,0.0,0.0,382.22,5.14,336.0,994.8,
2011,7,28,22,32.01,19.04,0.0,0.0,0.0,380.2,4.95,341.0,995.1,
2011,7,28,23,31.27,21.01,0.0,0.0,0.0,378.38,5.0,341.0,994.77,
2011,7,29,0,30.52,22.99,0.0,0.0,0.0,376.57,5.04,342.0,994.43,
2011,7,29,1,29.78,24.96,0.0,0.0,0.0,374.75,5.09,343.0,994.1,
2011,7,29,2,28.74,28.44,0.0,0.0,0.0,371.8,4.86,341.0,994.14,
2011,7,29,3,27.7,31.93,0.0,0.0,0.0,368.85,4.64,340.0,994.17,
2011,7,29,4,26.66,35.41,0.0,0.0,0.0,365.9,4.41,338.0,994.2,
2011,7,29,5,27.64,34.87,0.0,0.0,0.0,367.55,4.49,339.0,994.6,
2011,7,29,6,28.63,34.32,109.0,211.02,71.0,369.2,4.57,340.0,995.0,
2011,7,29,7,29.62,33.78,321.0,441.98,145.0,370.85,4.65,340.0,995.39,
2011,7,29,8,32.03,28.56,547.0,602.74,186.0,379.0,4.81,337.0,995.13,
2011,7,29,9,34.44,23.35,749.0,707.8,205.0,387.15,4.97,334.0,994.86,
2011,7,29,10,36.86,18.13,902.0,762.64,219.0,395.3,5.13,331.0,994.6,
2011,7,29,11,38.16,15.88,1004.0,816.45,211.0,398.12,5.2,328.0,993.87,
2011,7,29,12,39.47,13.62,1039.0,854.08,193.0,400.93,5.27,324.0,993.14,
2011,7,29,13,40.78,11.37,992.0,842.42,190.0,403.75,5.34,320.0,992.42,
2011,7,29,14,40.3,11.5,880.0,813.18,182.0,397.93,5.28,318.0,992.22,
2011,7,29,15,39.83,11.64,703.0,731.9,179.0,392.12,5.23,316.0,992.02,
2011,7,29,16,39.35,11.77,491.0,624.92,157.0,386.3,5.17,313.0,991.82,
2011,7,29,17,37.44,13.82,269.0,493.4,108.0,381.95,4.81,313.0,992.22,
2011,7,29,18,35.53,15.88,62.0,236.64,37.0,377.6,4.46,312.0,992.62,
2011,7,29,19,33.62,17.93,0.0,0.0,0.0,373.25,4.1,312.0,993.01,
2011,7,29,20,32.75,20.02,0.0,0.0,0.0,371.58,3.92,315.0,993.38,
2011,7,29,21,31.87,22.11,0.0,0.0,0.0,369.92,3.74,319.0,993.74,
2011,7,29,22,30.99,24.2,0.0,0.0,0.0,368.25,3.56,322.0,994.1,
2011,7,29,23,30.43,26.38,0.0,0.0,0.0,367.07,3.38,325.0,993.84,
2011,7,30,0,29.86,28.55,0.0,0.0,0.0,365.88,3.21,328.0,993.57,
2011,7,30,1,29.3,30.73,0.0,0.0,0.0,364.7,3.03,331.0,993.31,
2011,7,30,2,28.57,32.55,0.0,0.0,0.0,364.32,3.26,333.0,993.57,
2011,7,30,3,27.85,34.36,0.0,0.0,0.0,363.93,3.49,334.0,993.84,
2011,7,30,4,27.13,36.18,0.0,0.0,0.0,363.55,3.71,336.0,994.1,
2011,7,30,5,28.31,34.75,0.0,0.0,0.0,366.5,4.21,336.0,994.5,
2011,7,30,6,29.5,33.31,103.0,184.87,70.0,369.45,4.7,337.0,994.9,
2011,7,30,7,30.69,31.88,316.0,423.25,148.0,372.4,5.2,337.0,995.29,
2011,7,30,8,33.08,27.83,540.0,578.67,194.0,381.75,5.3,333.0,995.1,
2011,7,30,9,35.46,23.77,744.0,692.9,212.0,391.1,5.4,330.0,994.9,
2011,7,30,10,37.85,19.72,902.0,763.18,219.0,400.45,5.5,326.0,994.7,
2011,7,30,11,38.96,17.59,992.0,784.98,230.0,403.48,5.43,322.0,994.14,
2011,7,30,12,40.08,15.45,1021.0,806.08,223.0,406.52,5.35,318.0,993.57,
2011,7,30,13,41.2,13.32,970.0,779.92,228.0,409.55,5.27,314.0,993.01,
2011,7,30,14,40.65,13.48,854.0,738.14,221.0,404.4,5.35,312.0,993.01,
2011,7,30,15,40.09,13.65,694.0,704.97,190.0,399.25,5.43,309.0,993.01,
2011,7,30,16,39.54,13.81,487.0,613.31,160.0,394.1,5.52,307.0,993.01,
2011,7,30,17,37.73,15.82,263.0,465.02,112.0,389.33,5.06,309.0,993.41,
2011,7,30,18,35.92,17.84,60.0,221.71,37.0,384.57,4.61,311.0,993.81,
2011,7,30,19,34.1,19.85,0.0,0.0,0.0,379.8,4.15,312.0,994.2,
2011,7,30,20,33.28,21.82,0.0,0.0,0.0,377.27,3.96,316.0,994.53,
2011,7,30,21,32.46,23.79,0.0,0.0,0.0,374.73,3.77,320.0,994.86,
2011,7,30,22,31.64,25.76,0.0,0.0,0.0,372.2,3.57,324.0,995.2,
2011,7,30,23,31.06,28.03,0.0,0.0,0.0,370.4,3.81,327.0,994.93,
2011,7,31,0,30.47,30.29,0.0,0.0,0.0,368.6,4.04,331.0,994.67,
2011,7,31,1,29.88,32.56,0.0,0.0,0.0,366.8,4.28,335.0,994.4,
2011,7,31,2,29.01,35.39,0.0,0.0,0.0,366.05,4.31,334.0,994.63,
2011,7,31,3,28.15,38.21,0.0,0.0,0.0,365.3,4.35,333.0,994.86,
2011,7,31,4,27.29,41.04,0.0,0.0,0.0,364.55,4.39,333.0,995.1,
2011,7,31,5,28.32,39.25,0.0,0.0,0.0,367.32,4.87,332.0,995.49,
2011,7,31,6,29.35,37.45,89.0,107.39,70.0,370.08,5.35,331.0,995.89,
2011,7,31,7,30.39,35.66,300.0,351.32,161.0,372.85,5.83,330.0,996.29,
2011,7,31,8,32.67,30.8,520.0,509.29,216.0,381.53,6.07,328.0,996.12,
2011,7,31,9,34.95,25.93,730.0,651.9,230.0,390.22,6.3,327.0,995.96,
2011,7,31,10,37.24,21.07,891.0,733.54,235.0,398.9,6.54,325.0,995.79,
2011,7,31,11,38.42,18.41,991.0,784.42,230.0,400.85,6.47,324.0,995.16,
2011,7,31,12,39.6,15.75,1026.0,821.72,213.0,402.8,6.4,324.0,994.53,
2011,7,31,13,40.79,13.09,980.0,810.99,209.0,404.75,6.33,323.0,993.91,
2011,7,31,14,40.08,13.28,878.0,813.58,181.0,399.18,6.35,322.0,993.71,
2011,7,31,15,39.37,13.48,697.0,718.65,184.0,393.62,6.38,321.0,993.51,
2011,7,31,16,38.66,13.67,488.0,624.28,156.0,388.05,6.4,321.0,993.31,
2011,7,31,17,36.89,15.74,263.0,473.62,110.0,383.25,5.79,320.0,993.61,
2011,7,31,18,31.67,22.97,57.0,196.55,37.0,369.34,3.75,320.0,993.91,
2011,7,31,19,31.54,23.83,0.0,0.0,0.0,368.99,3.86,320.0,994.2,
2011,7,31,20,31.4,24.69,0.0,0.0,0.0,368.64,3.96,323.0,994.47,
2011,7,31,21,31.26,25.55,0.0,0.0,0.0,368.29,4.07,326.0,994.73,
2011,7,31,22,31.13,26.42,0.0,0.0,0.0,367.94,4.17,329.0,995.0,
2011,7,31,23,30.99,27.28,0.0,0.0,0.0,367.59,4.28,331.0,994.86,
2011,8,1,0,30.86,28.14,0.0,0.0,0.0,367.24,4.38,333.0,994.73,
2011,8,1,1,30.72,29.0,0.0,0.0,0.0,366.89,4.49,335.0,994.6,
2011,8,1,2,30.59,29.86,0.0,0.0,0.0,366.54,4.59,335.0,994.9,
2011,8,1,3,30.45,30.72,0.0,0.0,0.0,366.19,4.7,335.0,995.2,
2011,8,1,4,30.32,31.58,0.0,0.0,0.0,365.84,4.8,336.0,995.49,
2011,8,1,5,30.18,32.44,0.0,0.0,0.0,365.49,4.91,335.0,995.92,
2011,8,1,6,30.04,33.3,105.0,211.02,68.0,365.14,5.01,334.0,996.35,
2011,8,1,7,29.91,34.16,323.0,466.57,139.0,364.79,5.12,333.0,996.78,
2011,8,1,8,29.77,35.02,548.0,615.88,181.0,364.44,5.23,331.0,996.58,
2011,8,1,9,29.64,35.88,752.0,724.37,197.0,364.09,5.33,329.0,996.39,
2011,8,1,10,37.11,16.34,907.0,783.32,207.0,386.25,6.58,327.0,996.19,
2011,8,1,11,37.92,14.13,1010.0,838.54,197.0,386.65,6.14,326.0,995.49,
2011,8,1,12,38.74,11.92,1040.0,860.67,189.0,387.05,5.7,324.0,994.8,
2011,8,1,13,39.56,9.71,998.0,865.29,176.0,387.45,5.26,322.0,994.1,
2011,8,1,14,39.08,9.7,884.0,834.3,170.0,383.17,5.28,322.0,994.0,
2011,8,1,15,38.61,9.68,712.0,778.74,157.0,378.88,5.31,322.0,993.91,
2011,8,1,16,38.13,9.67,501.0,688.18,136.0,374.6,5.34,322.0,993.81,
2011,8,1,17,36.32,10.99,267.0,507.31,104.0,370.05,4.83,322.0,994.17,
2011,8,1,18,34.5,12.32,58.0,220.68,36.0,365.5,4.32,322.0,994.53,
2011,8,1,19,32.69,13.64,0.0,0.0,0.0,360.95,3.81,321.0,994.9,
2011,8,1,20,31.72,15.05,0.0,0.0,0.0,358.45,3.75,325.0,995.26,
2011,8,1,21,30.76,16.46,0.0,0.0,0.0,355.95,3.69,329.0,995.63,
2011,8,1,22,29.79,17.87,0.0,0.0,0.0,353.45,3.63,334.0,995.99,
2011,8,1,23,29.15,20.06,0.0,0.0,0.0,351.83,3.5,336.0,995.86,
2011,8,2,0,28.52,22.24,0.0,0.0,0.0,350.22,3.38,338.0,995.72,
2011,8,2,1,27.88,24.43,0.0,0.0,0.0,348.6,3.26,340.0,995.59,
2011,8,2,2,27.06,27.67,0.0,0.0,0.0,347.15,3.45,338.0,995.96,
2011,8,2,3,26.23,30.91,0.0,0.0,0.0,345.7,3.65,337.0,996.32,
2011,8,2,4,25.4,34.15,0.0,0.0,0.0,344.25,3.85,335.0,996.68,
2011,8,2,5,26.58,33.85,0.0,0.0,0.0,346.83,4.34,336.0,997.05,
2011,8,2,6,27.75,33.54,103.0,201.43,68.0,349.42,4.84,337.0,997.41,
2011,8,2,7,28.92,33.24,322.0,465.54,139.0,352.0,5.34,338.0,997.78,
2011,8,2,8,31.36,27.64,556.0,653.91,167.0,359.87,5.44,338.0,997.54,
2011,8,2,9,33.81,22.05,760.0,753.88,183.0,367.73,5.55,339.0,997.31,
2011,8,2,10,36.25,16.45,917.0,814.15,190.0,375.6,5.66,339.0,997.08,
2011,8,2,11,37.66,13.74,1004.0,822.56,207.0,377.97,5.62,340.0,996.32,
2011,8,2,12,39.07,11.04,1034.0,845.05,199.0,380.33,5.58,340.0,995.56,
2011,8,2,13,40.48,8.33,997.0,865.99,175.0,382.7,5.54,341.0,994.8,
2011,8,2,14,40.07,8.48,887.0,849.27,161.0,378.55,5.6,341.0,994.37,
2011,8,2,15,39.66,8.62,723.0,822.22,138.0,374.4,5.65,341.0,993.94,
2011,8,2,16,39.24,8.77,504.0,712.83,127.0,370.25,5.7,341.0,993.51,
2011,8,2,17,37.55,10.47,268.0,525.86,100.0,366.53,5.09,342.0,993.87,
2011,8,2,18,35.85,12.17,57.0,235.78,34.0,362.82,4.49,343.0,994.24,
2011,8,2,19,34.16,13.87,0.0,0.0,0.0,359.1,3.89,344.0,994.6,
2011,8,2,20,33.35,15.54,0.0,0.0,0.0,357.85,3.81,349.0,995.1,
2011,8,2,21,32.55,17.21,0.0,0.0,0.0,356.6,3.72,354.0,995.59,
2011,8,2,22,31.75,18.88,0.0,0.0,0.0,355.35,3.64,359.0,996.09,
2011,8,2,23,30.98,20.56,0.0,0.0,0.0,355.9,3.99,357.0,995.99,
2011,8,3,0,30.21,22.23,0.0,0.0,0.0,356.45,4.34,355.0,995.89,
2011,8,3,1,29.44,23.91,0.0,0.0,0.0,357.0,4.69,353.0,995.79,
2011,8,3,2,28.67,25.36,0.0,0.0,0.0,355.7,4.69,352.0,995.89,
2011,8,3,3,27.9,26.81,0.0,0.0,0.0,354.4,4.69,351.0,995.99,
2011,8,3,4,27.12,28.26,0.0,0.0,0.0,353.1,4.69,350.0,996.09,
2011,8,3,5,28.45,27.12,0.0,0.0,0.0,354.42,5.08,353.0,996.49,
2011,8,3,6,29.77,25.97,106.0,232.31,66.0,355.73,5.47,356.0,996.88,
2011,8,3,7,31.1,24.83,324.0,484.92,134.0,357.05,5.86,358.0,997.28,
2011,8,3,8,33.59,21.57,555.0,653.35,167.0,365.13,6.08,359.0,996.98,
2011,8,3,9,36.07,18.32,755.0,738.99,190.0,373.22,6.3,359.0,996.68,
2011,8,3,10,38.56,15.06,911.0,799.09,198.0,381.3,6.52,360.0,996.39,
2011,8,3,11,39.77,13.43,1004.0,823.11,207.0,386.48,6.56,359.0,995.63,
2011,8,3,12,40.98,11.79,1027.0,828.42,209.0,391.67,6.6,358.0,994.86,
2011,8,3,13,42.19,10.16,975.0,802.42,214.0,396.85,6.63,358.0,994.1,
2011,8,3,14,41.72,10.18,863.0,772.98,203.0,394.02,6.44,356.0,993.91,
2011,8,3,15,41.25,10.19,679.0,666.0,206.0,391.18,6.24,355.0,993.71,
2011,8,3,16,40.78,10.21,467.0,553.76,175.0,388.35,6.04,353.0,993.51,
2011,8,3,17,38.97,12.25,253.0,440.83,113.0,384.68,5.44,351.0,993.97,
2011,8,3,18,37.16,14.29,53.0,209.8,33.0,381.02,4.84,350.0,994.43,
2011,8,3,19,35.35,16.33,0.0,0.0,0.0,377.35,4.23,348.0,994.9,
2011,8,3,20,34.42,18.36,0.0,0.0,0.0,376.53,3.8,352.0,995.53,
2011,8,3,21,33.5,20.39,0.0,0.0,0.0,375.72,3.37,355.0,996.15,
2011,8,3,22,32.57,22.42,0.0,0.0,0.0,374.9,2.94,359.0,996.78,
2011,8,3,23,31.82,24.18,0.0,0.0,0.0,373.93,3.35,358.0,996.58,
2011,8,4,0,31.07,25.94,0.0,0.0,0.0,372.97,3.76,357.0,996.39,
2011,8,4,1,30.32,27.7,0.0,0.0,0.0,372.0,4.17,357.0,996.19,
2011,8,4,2,29.68,27.77,0.0,0.0,0.0,370.07,3.94,357.0,996.25,
2011,8,4,3,29.03,27.84,0.0,0.0,0.0,368.13,3.71,357.0,996.32,
2011,8,4,4,28.38,27.91,0.0,0.0,0.0,366.2,3.49,357.0,996.39,
2011,8,4,5,29.66,26.28,0.0,0.0,0.0,366.5,4.13,357.0,996.78,
2011,8,4,6,30.93,24.66,99.0,187.57,67.0,366.8,4.78,357.0,997.18,
2011,8,4,7,32.2,23.03,321.0,473.7,136.0,367.1,5.42,357.0,997.58,
2011,8,4,8,34.33,20.59,548.0,627.48,176.0,373.88,5.99,355.0,997.31,
2011,8,4,9,36.47,18.15,746.0,710.98,203.0,380.67,6.55,354.0,997.05,
2011,8,4,10,38.6,15.71,906.0,782.9,208.0,387.45,7.12,352.0,996.78,
2011,8,4,11,39.37,14.52,1003.0,822.65,207.0,391.68,6.89,350.0,996.19,
2011,8,4,12,40.14,13.33,1027.0,829.03,209.0,395.92,6.66,348.0,995.59,
2011,8,4,13,40.91,12.14,980.0,817.92,205.0,400.15,6.43,346.0,995.0,
2011,8,4,14,40.45,12.44,862.0,772.78,203.0,397.82,6.38,345.0,994.73,
2011,8,4,15,39.99,12.73,689.0,706.75,188.0,395.48,6.33,344.0,994.47,
2011,8,4,16,39.53,13.03,479.0,610.66,158.0,393.15,6.28,343.0,994.2,
2011,8,4,17,37.85,14.97,257.0,475.27,107.0,389.65,5.75,342.0,994.67,
2011,8,4,18,36.16,16.92,54.0,225.74,33.0,386.15,5.22,341.0,995.13,
2011,8,4,19,34.47,18.86,0.0,0.0,0.0,382.65,4.69,340.0,995.59,
2011,8,4,20,33.52,20.49,0.0,0.0,0.0,381.18,4.6,344.0,996.09,
2011,8,4,21,32.57,22.11,0.0,0.0,0.0,379.72,4.51,347.0,996.58,
2011,8,4,22,31.62,23.74,0.0,0.0,0.0,378.25,4.43,350.0,997.08,
2011,8,4,23,30.92,25.54,0.0,0.0,0.0,376.52,4.3,350.0,997.01,
2011,8,5,0,30.23,27.33,0.0,0.0,0.0,374.78,4.18,350.0,996.95,
2011,8,5,1,29.53,29.13,0.0,0.0,0.0,373.05,4.06,350.0,996.88,
2011,8,5,2,28.76,31.98,0.0,0.0,0.0,370.72,3.93,349.0,997.31,
2011,8,5,3,27.98,34.82,0.0,0.0,0.0,368.38,3.8,347.0,997.74,
2011,8,5,4,27.2,37.67,0.0,0.0,0.0,366.05,3.67,346.0,998.17,
2011,8,5,5,28.23,36.71,0.0,0.0,0.0,367.17,4.28,346.0,998.57,
2011,8,5,6,29.25,35.75,94.0,159.73,67.0,368.28,4.88,345.0,998.97,
2011,8,5,7,30.28,34.79,305.0,400.75,149.0,369.4,5.49,344.0,999.36,
2011,8,5,8,32.24,29.26,537.0,589.7,188.0,376.0,5.83,341.0,999.16,
2011,8,5,9,34.21,23.74,745.0,710.44,203.0,382.6,6.17,337.0,998.97,
2011,8,5,10,36.17,18.21,905.0,783.53,207.0,389.2,6.51,334.0,998.77,
2011,8,5,11,36.93,16.28,997.0,806.69,217.0,390.9,6.62,331.0,998.21,
2011,8,5,12,37.7,14.36,1026.0,828.65,209.0,392.6,6.73,328.0,997.64,
2011,8,5,13,38.47,12.43,984.0,833.49,195.0,394.3,6.84,326.0,997.08,
2011,8,5,14,38.11,12.23,870.0,803.15,186.0,390.6,6.63,326.0,996.72,
2011,8,5,15,37.76,12.04,696.0,735.0,176.0,386.9,6.42,327.0,996.35,
2011,8,5,16,37.4,11.84,483.0,635.56,150.0,383.2,6.21,327.0,995.99,
2011,8,5,17,35.7,13.42,256.0,481.57,105.0,378.13,5.4,327.0,996.29,
2011,8,5,18,34.0,15.0,52.0,220.62,32.0,373.07,4.59,326.0,996.58,
2011,8,5,19,32.3,16.58,0.0,0.0,0.0,368.0,3.78,326.0,996.88,
2011,8,5,20,31.3,18.53,0.0,0.0,0.0,365.05,3.67,326.0,997.25,
2011,8,5,21,30.31,20.49,0.0,0.0,0.0,362.1,3.57,327.0,997.61,
2011,8,5,22,29.32,22.44,0.0,0.0,0.0,359.15,3.46,328.0,997.97,
2011,8,5,23,28.67,24.91,0.0,0.0,0.0,357.3,3.43,327.0,997.74,
2011,8,6,0,28.02,27.37,0.0,0.0,0.0,355.45,3.39,327.0,997.51,
2011,8,6,1,27.37,29.84,0.0,0.0,0.0,353.6,3.35,326.0,997.28,
2011,8,6,2,26.89,32.76,0.0,0.0,0.0,352.52,3.55,327.0,997.54,
2011,8,6,3,26.41,35.69,0.0,0.0,0.0,351.43,3.76,329.0,997.81,
2011,8,6,4,25.92,38.61,0.0,0.0,0.0,350.35,3.96,330.0,998.07,
2011,8,6,5,27.12,38.4,0.0,0.0,0.0,353.27,4.59,331.0,998.54,
2011,8,6,6,28.31,38.2,95.0,179.14,65.0,356.18,5.22,332.0,999.0,
2011,8,6,7,29.5,37.99,317.0,463.91,137.0,359.1,5.85,334.0,999.46,
2011,8,6,8,31.36,32.79,552.0,651.65,167.0,366.42,6.55,332.0,999.2,
2011,8,6,9,33.23,27.58,753.0,738.78,190.0,373.73,7.26,330.0,998.93,
2011,8,6,10,35.09,22.38,910.0,798.79,199.0,381.05,7.96,328.0,998.67,
2011,8,6,11,35.94,19.77,1008.0,838.35,198.0,383.32,7.55,326.0,997.97,
2011,8,6,12,36.79,17.15,1025.0,829.32,208.0,385.58,7.14,324.0,997.28,
2011,8,6,13,37.64,14.54,984.0,833.27,196.0,387.85,6.73,322.0,996.58,
2011,8,6,14,37.16,14.52,869.0,803.09,186.0,383.98,6.59,322.0,996.25,
2011,8,6,15,36.68,14.51,706.0,777.6,157.0,380.12,6.45,321.0,995.92,
2011,8,6,16,36.2,14.49,490.0,672.21,139.0,376.25,6.3,321.0,995.59,
2011,8,6,17,34.66,16.33,264.8,535.42,98.05,372.27,5.53,320.0,995.92,
2011,8,6,18,33.11,18.16,51.0,226.76,31.0,368.28,4.76,319.0,996.25,
2011,8,6,19,31.56,20.0,0.0,0.0,0.0,364.3,3.99,319.0,996.58,
2011,8,6,20,30.7,21.74,0.0,0.0,0.0,362.37,3.87,321.0,996.88,
2011,8,6,21,29.85,23.47,0.0,0.0,0.0,360.43,3.76,324.0,997.18,
2011,8,6,22,29.0,25.21,0.0,0.0,0.0,358.5,3.64,326.0,997.48,
2011,8,6,23,28.45,27.49,0.0,0.0,0.0,357.22,3.54,329.0,997.28,
2011,8,7,0,27.9,29.77,0.0,0.0,0.0,355.93,3.43,332.0,997.08,
2011,8,7,1,27.35,32.05,0.0,0.0,0.0,354.65,3.32,334.0,996.88,
2011,8,7,2,26.72,34.29,0.0,0.0,0.0,353.58,3.56,334.0,997.05,
2011,8,7,3,26.08,36.53,0.0,0.0,0.0,352.52,3.79,334.0,997.21,
2011,8,7,4,25.44,38.77,0.0,0.0,0.0,351.45,4.03,333.0,997.38,
2011,8,7,5,26.63,37.42,0.0,0.0,0.0,353.85,4.4,333.0,997.84,
2011,8,7,6,27.81,36.07,105.0,259.19,62.0,356.25,4.78,333.0,998.3,
2011,8,7,7,29.0,34.72,331.0,543.0,121.0,358.65,5.16,333.0,998.77,
2011,8,7,8,30.84,30.12,560.0,690.08,153.0,364.67,5.52,332.0,998.64,
2011,8,7,9,32.67,25.51,765.0,781.64,170.0,370.68,5.88,330.0,998.5,
2011,8,7,10,34.51,20.91,924.0,845.57,172.0,376.7,6.23,328.0,998.37,
2011,8,7,11,35.38,18.33,1012.0,854.54,187.0,377.22,5.97,327.0,997.78,
2011,8,7,12,36.26,15.75,1036.0,861.52,188.0,377.73,5.7,326.0,997.18,
2011,8,7,13,37.14,13.17,999.0,881.79,166.0,378.25,5.43,325.0,996.58,
2011,8,7,14,36.68,12.83,882.0,849.01,161.0,373.0,5.4,325.0,996.42,
2011,8,7,15,36.22,12.49,708.0,790.65,151.0,367.75,5.37,325.0,996.25,
2011,8,7,16,35.76,12.15,490.0,684.22,134.0,362.5,5.34,326.0,996.09,
2011,8,7,17,34.14,13.89,261.0,536.81,95.0,357.63,4.92,324.0,996.49,
2011,8,7,18,32.51,15.62,48.0,210.11,30.0,352.77,4.51,321.0,996.88,
2011,8,7,19,30.89,17.36,0.0,0.0,0.0,347.9,4.1,319.0,997.28,
2011,8,7,20,30.05,19.28,0.0,0.0,0.0,346.28,3.78,322.0,997.54,
2011,8,7,21,29.22,21.19,0.0,0.0,0.0,344.67,3.47,325.0,997.81,
2011,8,7,22,28.38,23.11,0.0,0.0,0.0,343.05,3.16,328.0,998.07,
2011,8,7,23,27.86,25.3,0.0,0.0,0.0,342.68,3.37,330.0,997.91,
2011,8,8,0,27.34,27.5,0.0,0.0,0.0,342.32,3.57,332.0,997.74,
2011,8,8,1,26.82,29.69,0.0,0.0,0.0,341.95,3.78,335.0,997.58,
2011,8,8,2,26.17,32.65,0.0,0.0,0.0,341.45,3.78,335.0,998.04,
2011,8,8,3,25.52,35.6,0.0,0.0,0.0,340.95,3.78,336.0,998.5,
2011,8,8,4,24.87,38.56,0.0,0.0,0.0,340.45,3.78,336.0,998.97,
2011,8,8,5,26.03,38.42,0.0,0.0,0.0,343.88,4.16,337.0,999.36,
2011,8,8,6,27.18,38.28,110.0,316.41,58.0,347.32,4.54,337.0,999.76,
2011,8,8,7,28.33,38.14,330.0,542.19,121.0,350.75,4.92,338.0,1000.16,
2011,8,8,8,30.31,32.49,559.0,689.58,153.0,357.92,5.09,335.0,999.86,
2011,8,8,9,32.3,26.85,768.0,796.99,162.0,365.08,5.26,333.0,999.56,
2011,8,8,10,34.28,21.2,923.0,845.18,172.0,372.25,5.43,330.0,999.26,
2011,8,8,11,35.24,18.65,989.0,791.99,225.0,373.05,5.45,328.0,998.44,
2011,8,8,12,36.21,16.11,1041.0,877.54,178.0,373.85,5.47,326.0,997.61,
2011,8,8,13,37.18,13.56,998.0,881.71,166.0,374.65,5.49,324.0,996.78,
2011,8,8,14,36.87,13.59,876.0,833.8,169.0,371.22,5.58,325.0,996.42,
2011,8,8,15,36.57,13.63,699.0,761.15,164.0,367.78,5.67,325.0,996.06,
2011,8,8,16,36.26,13.66,494.0,707.99,127.0,364.35,5.77,325.0,995.69,
2011,8,8,17,34.58,15.78,259.0,537.53,94.0,360.75,5.22,323.0,996.02,
2011,8,8,18,32.89,17.9,48.0,240.79,28.0,357.15,4.68,321.0,996.35,
2011,8,8,19,31.21,20.02,0.0,0.0,0.0,353.55,4.14,319.0,996.68,
2011,8,8,20,30.27,22.07,0.0,0.0,0.0,352.12,3.99,320.0,996.92,
2011,8,8,21,29.34,24.11,0.0,0.0,0.0,350.68,3.83,322.0,997.15,
2011,8,8,22,28.41,26.16,0.0,0.0,0.0,349.25,3.68,324.0,997.38,
2011,8,8,23,27.81,28.18,0.0,0.0,0.0,348.07,3.56,326.0,997.15,
2011,8,9,0,27.21,30.19,0.0,0.0,0.0,346.88,3.43,328.0,996.92,
2011,8,9,1,26.61,32.21,0.0,0.0,0.0,345.7,3.31,330.0,996.68,
2011,8,9,2,26.01,34.36,0.0,0.0,0.0,344.13,3.4,332.0,997.11,
2011,8,9,3,25.4,36.52,0.0,0.0,0.0,342.57,3.49,334.0,997.54,
2011,8,9,4,24.79,38.67,0.0,0.0,0.0,341.0,3.57,337.0,997.97,
2011,8,9,5,26.17,37.17,0.0,0.0,0.0,343.52,4.0,336.0,998.37,
2011,8,9,6,27.54,35.68,106.0,288.71,59.0,346.03,4.44,336.0,998.77,
2011,8,9,7,28.92,34.18,336.0,583.01,112.0,348.55,4.87,335.0,999.16,
2011,8,9,8,30.84,29.91,570.0,743.53,133.0,356.27,5.16,333.0,998.83,
2011,8,9,9,32.76,25.64,775.0,826.87,147.0,363.98,5.46,331.0,998.5,
2011,8,9,10,34.68,21.37,928.0,861.7,163.0,371.7,5.75,328.0,998.17,
2011,8,9,11,35.64,19.12,1017.0,871.51,177.0,372.87,5.88,326.0,997.31,
2011,8,9,12,36.6,16.88,1040.0,877.34,178.0,374.03,6.0,323.0,996.45,
2011,8,9,13,37.57,14.63,986.0,848.79,186.0,375.2,6.12,320.0,995.59,
2011,8,9,14,37.29,14.65,875.0,832.77,170.0,372.02,6.13,320.0,995.23,
2011,8,9,15,37.02,14.66,701.0,775.79,157.0,368.83,6.13,319.0,994.86,
2011,8,9,16,36.74,14.68,484.0,670.07,138.0,365.65,6.14,319.0,994.5,
2011,8,9,17,35.05,16.58,255.0,525.26,95.0,361.95,5.38,318.0,994.8,
2011,8,9,18,33.35,18.47,45.0,223.94,27.0,358.25,4.62,317.0,995.1,
2011,8,9,19,31.66,20.37,0.0,0.0,0.0,354.55,3.86,316.0,995.39,
2011,8,9,20,30.62,21.88,0.0,0.0,0.0,352.27,3.53,317.0,995.56,
2011,8,9,21,29.59,23.38,0.0,0.0,0.0,349.98,3.2,319.0,995.72,
2011,8,9,22,28.56,24.89,0.0,0.0,0.0,347.7,2.87,321.0,995.89,
2011,8,9,23,27.81,26.64,0.0,0.0,0.0,345.58,2.92,322.0,995.66,
2011,8,10,0,27.06,28.39,0.0,0.0,0.0,343.47,2.98,323.0,995.43,
2011,8,10,1,26.3,30.14,0.0,0.0,0.0,341.35,3.03,325.0,995.2,
2011,8,10,2,25.7,32.12,0.0,0.0,0.0,339.57,3.03,325.0,995.59,
2011,8,10,3,25.09,34.09,0.0,0.0,0.0,337.78,3.03,326.0,995.99,
2011,8,10,4,24.48,36.07,0.0,0.0,0.0,336.0,3.03,326.0,996.39,
2011,8,10,5,25.98,34.6,0.0,0.0,0.0,338.52,3.43,327.0,996.88,
2011,8,10,6,27.47,33.14,108.0,316.29,57.0,341.03,3.82,327.0,997.38,
2011,8,10,7,28.96,31.67,333.0,571.87,114.0,343.55,4.21,328.0,997.87,
2011,8,10,8,31.02,27.92,563.0,715.86,143.0,351.27,4.59,326.0,997.48,
2011,8,10,9,33.07,24.18,766.0,796.18,162.0,358.98,4.97,323.0,997.08,
2011,8,10,10,35.13,20.43,917.0,829.79,181.0,366.7,5.35,321.0,996.68,
2011,8,10,11,35.96,18.47,1021.0,887.84,166.0,367.27,5.51,319.0,995.92,
2011,8,10,12,36.8,16.52,1045.0,894.49,167.0,367.83,5.66,317.0,995.16,
2011,8,10,13,37.64,14.56,980.0,832.83,196.0,368.4,5.82,315.0,994.4,
2011,8,10,14,37.33,14.58,878.0,848.36,161.0,365.95,5.68,315.0,994.14,
2011,8,10,15,37.02,14.61,699.0,774.85,157.0,363.5,5.54,316.0,993.87,
2011,8,10,16,36.7,14.63,489.0,707.77,125.0,361.05,5.39,316.0,993.61,
2011,8,10,17,34.91,16.57,257.0,552.65,90.0,357.85,4.55,314.0,994.07,
2011,8,10,18,33.11,18.52,44.0,231.9,26.0,354.65,3.71,312.0,994.53,
2011,8,10,19,31.31,20.46,0.0,0.0,0.0,351.45,2.87,310.0,995.0,
2011,8,10,20,30.16,22.02,0.0,0.0,0.0,349.8,2.81,311.0,995.36,
2011,8,10,21,29.01,23.58,0.0,0.0,0.0,348.15,2.75,312.0,995.72,
2011,8,10,22,27.86,25.14,0.0,0.0,0.0,346.5,2.69,312.0,996.09,
2011,8,10,23,27.06,26.89,0.0,0.0,0.0,344.73,2.61,312.0,995.82,
2011,8,11,0,26.26,28.65,0.0,0.0,0.0,342.97,2.52,312.0,995.56,
2011,8,11,1,25.46,30.4,0.0,0.0,0.0,341.2,2.44,311.0,995.29,
2011,8,11,2,25.07,31.47,0.0,0.0,0.0,340.6,2.38,314.0,995.66,
2011,8,11,3,24.68,32.53,0.0,0.0,0.0,340.0,2.31,317.0,996.02,
2011,8,11,4,24.29,33.6,0.0,0.0,0.0,339.4,2.25,319.0,996.39,
2011,8,11,5,25.87,31.19,0.0,0.0,0.0,341.05,2.76,320.0,996.85,
2011,8,11,6,27.45,28.78,113.0,388.23,51.0,342.7,3.28,322.0,997.31,
2011,8,11,7,29.03,26.37,337.0,605.19,106.0,344.35,3.79,323.0,997.78,
2011,8,11,8,31.16,22.95,568.0,742.73,133.0,350.9,4.08,321.0,997.51,
2011,8,11,9,33.28,19.52,766.0,795.8,163.0,357.45,4.37,318.0,997.25,
2011,8,11,10,35.41,16.1,921.0,845.24,172.0,364.0,4.66,316.0,996.98,
2011,8,11,11,36.1,14.84,1015.0,870.97,177.0,363.1,4.77,313.0,996.25,
2011,8,11,12,36.8,13.57,1044.0,894.37,167.0,362.2,4.88,309.0,995.53,
2011,8,11,13,37.5,12.31,984.0,848.78,186.0,361.3,4.99,306.0,994.8,
2011,8,11,14,37.21,12.79,872.0,833.25,169.0,359.0,4.97,309.0,994.37,
2011,8,11,15,36.93,13.26,694.0,761.08,163.0,356.7,4.95,312.0,993.94,
2011,8,11,16,36.64,13.74,474.0,642.4,145.0,354.4,4.92,315.0,993.51,
2011,8,11,17,34.92,15.78,239.0,447.14,105.0,351.8,4.33,314.0,993.97,
2011,8,11,18,33.2,17.82,38.0,160.45,26.0,349.2,3.73,313.0,994.43,
2011,8,11,19,31.48,19.86,0.0,0.0,0.0,346.6,3.13,312.0,994.9,
2011,8,11,20,30.48,21.61,0.0,0.0,0.0,346.05,3.05,315.0,995.16,
2011,8,11,21,29.49,23.35,0.0,0.0,0.0,345.5,2.97,318.0,995.43,
2011,8,11,22,28.49,25.1,0.0,0.0,0.0,344.95,2.9,320.0,995.69,
2011,8,11,23,27.88,27.09,0.0,0.0,0.0,344.7,2.84,323.0,995.49,
2011,8,12,0,27.28,29.08,0.0,0.0,0.0,344.45,2.79,326.0,995.29,
2011,8,12,1,26.67,31.07,0.0,0.0,0.0,344.2,2.73,329.0,995.1,
2011,8,12,2,26.14,32.7,0.0,0.0,0.0,343.15,2.59,333.0,995.43,
2011,8,12,3,25.61,34.33,0.0,0.0,0.0,342.1,2.46,336.0,995.76,
2011,8,12,4,25.07,35.96,0.0,0.0,0.0,341.05,2.32,340.0,996.09,
2011,8,12,5,26.72,33.92,0.0,0.0,0.0,344.25,2.42,340.0,996.52,
2011,8,12,6,28.36,31.89,102.0,284.52,57.0,347.45,2.52,341.0,996.95,
2011,8,12,7,30.01,29.85,328.0,559.87,115.0,350.65,2.62,341.0,997.38,
2011,8,12,8,32.01,26.12,555.0,689.31,152.0,358.27,3.2,335.0,997.18,
2011,8,12,9,34.01,22.4,761.0,780.89,170.0,365.88,3.79,328.0,996.98,
2011,8,12,10,36.01,18.67,916.0,829.11,182.0,373.5,4.37,322.0,996.78,
2011,8,12,11,36.63,17.09,1009.0,855.14,187.0,373.03,4.83,320.0,995.92,
2011,8,12,12,37.25,15.51,1032.0,861.63,188.0,372.57,5.29,319.0,995.06,
2011,8,12,13,37.88,13.93,988.0,864.83,176.0,372.1,5.75,318.0,994.2,
2011,8,12,14,37.34,14.54,880.0,864.46,152.0,369.87,5.97,320.0,993.94,
2011,8,12,15,36.81,15.15,699.0,788.99,150.0,367.63,6.18,321.0,993.67,
2011,8,12,16,36.27,15.76,472.0,641.28,145.0,365.4,6.4,323.0,993.41,
2011,8,12,17,34.74,18.53,250.0,538.53,90.0,363.4,5.55,323.0,993.74,
2011,8,12,18,33.2,21.31,39.0,194.76,25.0,361.4,4.7,323.0,994.07,
2011,8,12,19,31.67,24.08,0.0,0.0,0.0,359.4,3.85,322.0,994.4,
2011,8,12,20,30.73,26.78,0.0,0.0,0.0,359.12,3.46,322.0,994.93,
2011,8,12,21,29.79,29.49,0.0,0.0,0.0,358.83,3.07,322.0,995.46,
2011,8,12,22,28.85,32.19,0.0,0.0,0.0,358.55,2.68,322.0,995.99,
2011,8,12,23,28.13,34.03,0.0,0.0,0.0,357.83,2.69,323.0,995.79,
2011,8,13,0,27.41,35.86,0.0,0.0,0.0,357.12,2.69,324.0,995.59,
2011,8,13,1,26.69,37.7,0.0,0.0,0.0,356.4,2.7,325.0,995.39,
2011,8,13,2,26.25,38.89,0.0,0.0,0.0,356.38,2.64,326.0,995.59,
2011,8,13,3,25.8,40.08,0.0,0.0,0.0,356.37,2.57,328.0,995.79,
2011,8,13,4,25.35,41.27,0.0,0.0,0.0,356.35,2.51,330.0,995.99,
2011,8,13,5,26.33,39.37,0.0,0.0,0.0,357.35,2.86,328.0,996.42,
2011,8,13,6,27.3,37.48,104.0,312.83,55.0,358.35,3.21,327.0,996.85,
2011,8,13,7,28.27,35.58,332.0,590.72,108.0,359.35,3.56,326.0,997.28,
2011,8,13,8,29.94,31.53,560.0,714.53,143.0,364.98,4.1,320.0,997.25,
2011,8,13,9,31.61,27.47,768.0,810.93,155.0,370.62,4.63,314.0,997.21,
2011,8,13,10,33.28,23.42,920.0,845.76,172.0,376.25,5.17,307.0,997.18,
2011,8,13,11,33.89,21.83,1014.0,871.59,177.0,375.5,5.2,307.0,996.49,
2011,8,13,12,34.51,20.23,1037.0,877.91,178.0,374.75,5.22,307.0,995.79,
2011,8,13,13,35.13,18.64,992.0,882.03,165.0,374.0,5.24,306.0,995.1,
2011,8,13,14,34.68,19.14,874.0,848.26,161.0,370.75,5.28,309.0,994.83,
2011,8,13,15,34.24,19.64,697.0,788.31,150.0,367.5,5.31,312.0,994.57,
2011,8,13,16,33.79,20.14,479.05,671.65,138.1,364.25,5.35,314.0,994.3,
2011,8,13,17,32.35,22.51,248.0,536.58,90.0,361.07,4.64,315.0,994.8,
2011,8,13,18,30.9,24.88,36.0,188.66,23.0,357.88,3.93,316.0,995.29,
2011,8,13,19,29.45,27.25,0.0,0.0,0.0,354.7,3.21,317.0,995.79,
2011,8,13,20,28.46,29.43,0.0,0.0,0.0,353.03,2.97,318.0,996.22,
2011,8,13,21,27.48,31.62,0.0,0.0,0.0,351.37,2.72,319.0,996.65,
2011,8,13,22,26.49,33.8,0.0,0.0,0.0,349.7,2.47,320.0,997.08,
2011,8,13,23,25.87,36.12,0.0,0.0,0.0,348.02,2.39,319.0,996.88,
2011,8,14,0,25.25,38.44,0.0,0.0,0.0,346.33,2.31,317.0,996.68,
2011,8,14,1,24.63,40.76,0.0,0.0,0.0,344.65,2.23,316.0,996.49,
2011,8,14,2,24.37,42.13,0.0,0.0,0.0,344.47,2.14,319.0,996.88,
2011,8,14,3,24.11,43.51,0.0,0.0,0.0,344.28,2.05,321.0,997.28,
2011,8,14,4,23.84,44.88,0.0,0.0,0.0,344.1,1.96,324.0,997.68,
2011,8,14,5,25.18,43.5,0.0,0.0,0.0,346.28,2.22,326.0,998.27,
2011,8,14,6,26.52,42.11,108.0,373.93,50.0,348.47,2.47,328.0,998.87,
2011,8,14,7,27.86,40.73,335.0,613.84,103.0,350.65,2.73,331.0,999.46,
2011,8,14,8,29.43,36.83,565.0,741.56,133.0,356.5,3.11,328.0,999.43,
2011,8,14,9,31.0,32.92,767.0,810.6,155.0,362.35,3.49,325.0,999.4,
2011,8,14,10,32.57,29.02,919.0,845.49,172.0,368.2,3.88,322.0,999.36,
2011,8,14,11,33.45,26.35,1007.0,854.74,187.0,368.72,4.08,320.0,998.87,
2011,8,14,12,34.33,23.68,1036.0,877.9,178.0,369.23,4.29,318.0,998.37,
2011,8,14,13,35.22,21.01,986.0,865.15,176.0,369.75,4.5,316.0,997.87,
2011,8,14,14,35.0,20.78,872.0,847.55,161.0,368.32,4.68,319.0,997.51,
2011,8,14,15,34.79,20.54,691.0,773.25,156.0,366.88,4.86,321.0,997.15,
2011,8,14,16,34.57,20.31,478.0,690.73,129.0,365.45,5.05,324.0,996.78,
2011,8,14,17,33.05,22.22,241.0,503.88,94.0,362.28,4.37,323.0,997.25,
2011,8,14,18,31.52,24.12,35.0,182.21,23.0,359.12,3.7,323.0,997.71,
2011,8,14,19,29.99,26.03,0.0,0.0,0.0,355.95,3.02,322.0,998.17,
2011,8,14,20,28.89,28.05,0.0,0.0,0.0,354.15,2.81,322.0,998.6,
2011,8,14,21,27.79,30.08,0.0,0.0,0.0,352.35,2.6,322.0,999.03,
2011,8,14,22,26.69,32.1,0.0,0.0,0.0,350.55,2.39,322.0,999.46,
2011,8,14,23,25.95,34.5,0.0,0.0,0.0,348.98,2.35,320.0,999.4,
2011,8,15,0,25.21,36.91,0.0,0.0,0.0,347.42,2.32,317.0,999.33,
2011,8,15,1,24.47,39.31,0.0,0.0,0.0,345.85,2.29,315.0,999.26,
2011,8,15,2,24.26,40.29,0.0,0.0,0.0,344.33,2.22,317.0,999.56,
2011,8,15,3,24.04,41.26,0.0,0.0,0.0,342.82,2.14,319.0,999.86,
2011,8,15,4,23.82,42.24,0.0,0.0,0.0,341.3,2.07,320.0,1000.16,
2011,8,15,5,25.4,40.19,0.0,0.0,0.0,343.33,2.44,322.0,1000.69,
2011,8,15,6,26.98,38.14,106.0,364.6,50.0,345.37,2.8,324.0,1001.22,
2011,8,15,7,28.56,36.09,333.0,613.22,102.0,347.4,3.17,326.0,1001.74,
2011,8,15,8,30.47,32.16,567.0,754.93,128.0,354.3,3.9,324.0,1001.55,
2011,8,15,9,32.38,28.24,770.0,826.19,147.0,361.2,4.63,323.0,1001.35,
2011,8,15,10,34.29,24.31,923.0,861.1,163.0,368.1,5.35,322.0,1001.15,
2011,8,15,11,35.06,22.06,1012.0,871.29,177.0,369.17,5.29,320.0,1000.45,
2011,8,15,12,35.83,19.82,1035.0,877.92,178.0,370.23,5.22,318.0,999.76,
2011,8,15,13,36.61,17.57,990.0,881.44,166.0,371.3,5.16,316.0,999.07,
2011,8,15,14,36.19,17.95,870.0,848.1,160.0,369.25,5.16,318.0,998.93,
2011,8,15,15,35.77,18.32,697.0,801.66,144.0,367.2,5.16,321.0,998.8,
2011,8,15,16,35.34,18.7,477.0,702.03,124.0,365.15,5.16,323.0,998.67,
2011,8,15,17,33.73,20.52,240.0,512.21,92.0,361.85,4.5,324.0,999.0,
2011,8,15,18,32.12,22.34,34.0,207.21,21.0,358.55,3.84,325.0,999.33,
2011,8,15,19,30.51,24.16,0.0,0.0,0.0,355.25,3.19,326.0,999.66,
2011,8,15,20,29.42,25.66,0.0,0.0,0.0,353.3,2.97,326.0,1000.02,
2011,8,15,21,28.33,27.15,0.0,0.0,0.0,351.35,2.75,325.0,1000.39,
2011,8,15,22,27.24,28.65,0.0,0.0,0.0,349.4,2.54,325.0,1000.75,
2011,8,15,23,26.44,30.54,0.0,0.0,0.0,347.13,2.54,323.0,1000.62,
2011,8,16,0,25.64,32.42,0.0,0.0,0.0,344.87,2.55,321.0,1000.49,
2011,8,16,1,24.83,34.31,0.0,0.0,0.0,342.6,2.55,319.0,1000.36,
2011,8,16,2,24.54,35.64,0.0,0.0,0.0,342.12,2.5,320.0,1000.45,
2011,8,16,3,24.25,36.96,0.0,0.0,0.0,341.63,2.44,322.0,1000.55,
2011,8,16,4,23.95,38.29,0.0,0.0,0.0,341.15,2.39,323.0,1000.65,
2011,8,16,5,25.51,36.29,0.0,0.0,0.0,343.1,2.77,323.0,1000.88,
2011,8,16,6,27.06,34.28,102.0,335.34,51.0,345.05,3.15,323.0,1001.12,
2011,8,16,7,28.62,32.28,328.0,588.61,107.0,347.0,3.53,324.0,1001.35,
2011,8,16,8,30.64,28.52,560.0,727.01,138.0,353.38,4.23,323.0,1001.15,
2011,8,16,9,32.65,24.75,761.0,795.37,162.0,359.77,4.92,321.0,1000.95,
2011,8,16,10,34.67,20.99,918.0,845.01,173.0,366.15,5.61,320.0,1000.75,
2011,8,16,11,35.39,19.08,1011.0,871.18,177.0,366.63,5.72,320.0,999.96,
2011,8,16,12,36.12,17.17,1028.0,861.57,188.0,367.12,5.83,319.0,999.16,
2011,8,16,13,36.85,15.26,978.0,848.54,186.0,367.6,5.93,319.0,998.37,
2011,8,16,14,36.35,14.75,864.0,831.95,169.0,363.27,5.89,321.0,998.21,
2011,8,16,15,35.85,14.25,683.0,757.62,162.0,358.93,5.85,323.0,998.04,
2011,8,16,16,35.34,13.74,475.0,699.55,125.0,354.6,5.81,326.0,997.87,
2011,8,16,17,33.63,15.43,238.0,517.35,90.0,350.93,4.9,326.0,998.21,
2011,8,16,18,31.92,17.13,30.0,167.93,20.0,347.27,4.0,327.0,998.54,
2011,8,16,19,30.21,18.82,0.0,0.0,0.0,343.6,3.09,327.0,998.87,
2011,8,16,20,29.06,20.59,0.0,0.0,0.0,341.82,2.94,327.0,999.36,
2011,8,16,21,27.91,22.36,0.0,0.0,0.0,340.03,2.8,326.0,999.86,
2011,8,16,22,26.76,24.13,0.0,0.0,0.0,338.25,2.65,325.0,1000.36,
2011,8,16,23,25.98,26.14,0.0,0.0,0.0,336.62,2.7,324.0,1000.12,
2011,8,17,0,25.2,28.14,0.0,0.0,0.0,334.98,2.75,322.0,999.89,
2011,8,17,1,24.42,30.15,0.0,0.0,0.0,333.35,2.8,320.0,999.66,
2011,8,17,2,24.21,31.89,0.0,0.0,0.0,333.12,2.64,323.0,999.73,
2011,8,17,3,24.0,33.63,0.0,0.0,0.0,332.88,2.49,327.0,999.79,
2011,8,17,4,23.79,35.37,0.0,0.0,0.0,332.65,2.33,330.0,999.86,
2011,8,17,5,25.32,34.2,0.0,0.0,0.0,334.85,2.53,331.0,1000.22,
2011,8,17,6,26.84,33.02,104.0,365.25,49.0,337.05,2.74,332.0,1000.59,
2011,8,17,7,28.36,31.85,327.0,587.89,107.0,339.25,2.94,334.0,1000.95,
2011,8,17,8,30.31,28.09,559.0,726.62,138.0,345.8,3.74,332.0,1000.72,
2011,8,17,9,32.25,24.32,764.0,811.02,154.0,352.35,4.54,330.0,1000.49,
2011,8,17,10,34.2,20.56,917.0,844.8,173.0,358.9,5.34,328.0,1000.26,
2011,8,17,11,35.05,18.24,1016.0,887.84,167.0,359.23,5.39,325.0,999.53,
2011,8,17,12,35.9,15.92,1033.0,877.07,179.0,359.57,5.45,323.0,998.8,
2011,8,17,13,36.75,13.6,987.0,881.05,166.0,359.9,5.5,320.0,998.07,
2011,8,17,14,36.41,13.43,867.0,847.0,161.0,357.55,5.54,321.0,997.74,
2011,8,17,15,36.08,13.26,685.0,771.73,156.0,355.2,5.59,322.0,997.41,
2011,8,17,16,35.74,13.09,472.0,699.16,124.0,352.85,5.63,324.0,997.08,
2011,8,17,17,33.97,14.89,236.0,526.24,87.0,349.2,4.86,322.0,997.51,
2011,8,17,18,32.2,16.69,29.0,195.41,18.0,345.55,4.09,321.0,997.94,
2011,8,17,19,30.43,18.49,0.0,0.0,0.0,341.9,3.32,319.0,998.37,
2011,8,17,20,29.38,20.05,0.0,0.0,0.0,340.22,3.15,321.0,998.77,
2011,8,17,21,28.34,21.61,0.0,0.0,0.0,338.53,2.98,322.0,999.16,
2011,8,17,22,27.29,23.17,0.0,0.0,0.0,336.85,2.81,324.0,999.56,
2011,8,17,23,26.54,25.11,0.0,0.0,0.0,335.1,2.79,324.0,999.53,
2011,8,18,0,25.8,27.05,0.0,0.0,0.0,333.35,2.77,325.0,999.5,
2011,8,18,1,25.05,28.99,0.0,0.0,0.0,331.6,2.74,325.0,999.46,
2011,8,18,2,24.73,30.95,0.0,0.0,0.0,331.4,2.62,328.0,999.73,
2011,8,18,3,24.41,32.91,0.0,0.0,0.0,331.2,2.49,330.0,999.99,
2011,8,18,4,24.08,34.87,0.0,0.0,0.0,331.0,2.36,332.0,1000.26,
2011,8,18,5,25.48,34.02,0.0,0.0,0.0,333.47,2.71,332.0,1000.65,
2011,8,18,6,26.87,33.16,99.0,315.25,52.0,335.93,3.07,331.0,1001.05,
2011,8,18,7,28.26,32.31,326.0,587.17,107.0,338.4,3.42,331.0,1001.45,
2011,8,18,8,30.25,27.62,558.0,726.22,138.0,345.4,4.42,329.0,1001.22,
2011,8,18,9,32.25,22.93,760.0,796.1,162.0,352.4,5.43,327.0,1000.98,
2011,8,18,10,34.24,18.24,911.0,829.84,181.0,359.4,6.43,325.0,1000.75,
2011,8,18,11,35.08,16.13,1009.0,871.07,177.0,359.73,6.52,325.0,1000.06,
2011,8,18,12,35.92,14.01,1026.0,860.76,189.0,360.07,6.62,325.0,999.36,
2011,8,18,13,36.76,11.9,970.0,833.1,195.0,360.4,6.72,324.0,998.67,
2011,8,18,14,36.35,11.67,851.0,800.84,185.0,357.5,6.57,326.0,998.34,
2011,8,18,15,35.94,11.44,682.0,771.38,155.0,354.6,6.42,327.0,998.01,
2011,8,18,16,35.53,11.21,462.0,660.49,135.0,351.7,6.28,328.0,997.68,
2011,8,18,17,33.86,12.73,230.0,496.2,91.0,348.2,5.45,327.0,998.07,
2011,8,18,18,32.19,14.26,25.0,132.16,18.0,344.7,4.62,326.0,998.47,
2011,8,18,19,30.52,15.78,0.0,0.0,0.0,341.2,3.79,325.0,998.87,
2011,8,18,20,29.59,17.37,0.0,0.0,0.0,339.9,3.51,327.0,999.13,
2011,8,18,21,28.66,18.95,0.0,0.0,0.0,338.6,3.23,330.0,999.4,
2011,8,18,22,27.73,20.54,0.0,0.0,0.0,337.3,2.95,332.0,999.66,
2011,8,18,23,27.14,22.21,0.0,0.0,0.0,336.83,3.02,334.0,999.53,
2011,8,19,0,26.55,23.89,0.0,0.0,0.0,336.37,3.08,336.0,999.4,
2011,8,19,1,25.95,25.56,0.0,0.0,0.0,335.9,3.14,338.0,999.26,
2011,8,19,2,25.7,28.66,0.0,0.0,0.0,339.03,3.0,334.0,999.4,
2011,8,19,3,25.45,31.75,0.0,0.0,0.0,342.17,2.85,330.0,999.53,
2011,8,19,4,25.2,34.85,0.0,0.0,0.0,345.3,2.7,327.0,999.66,
2011,8,19,5,26.54,33.81,0.0,0.0,0.0,348.15,2.9,327.0,999.99,
2011,8,19,6,27.88,32.78,97.0,318.43,50.0,351.0,3.1,326.0,1000.32,
2011,8,19,7,29.22,31.74,325.0,586.44,107.0,353.85,3.3,326.0,1000.65,
2011,8,19,8,31.03,28.33,557.0,725.84,138.0,360.12,4.29,324.0,1000.42,
2011,8,19,9,32.83,24.92,755.0,781.16,169.0,366.38,5.29,322.0,1000.19,
2011,8,19,10,34.64,21.51,910.0,829.67,181.0,372.65,6.29,320.0,999.96,
2011,8,19,11,35.27,19.52,1008.0,871.07,177.0,373.22,6.3,319.0,999.2,
2011,8,19,12,35.91,17.52,1025.0,860.93,189.0,373.78,6.32,318.0,998.44,
2011,8,19,13,36.55,15.53,973.0,848.56,185.0,374.35,6.33,317.0,997.68,
2011,8,19,14,36.11,16.04,863.0,846.14,161.0,373.55,6.25,318.0,997.21,
2011,8,19,15,35.67,16.54,684.0,784.31,150.0,372.75,6.17,320.0,996.75,
2011,8,19,16,35.22,17.05,467.0,696.63,124.0,371.95,6.1,321.0,996.29,
2011,8,19,17,33.63,18.72,230.0,519.75,86.0,367.12,5.18,320.0,996.62,
2011,8,19,18,32.03,20.38,24.0,161.37,16.0,362.28,4.27,318.0,996.95,
2011,8,19,19,30.44,22.05,0.0,0.0,0.0,357.45,3.35,317.0,997.28,
2011,8,19,20,29.45,23.65,0.0,0.0,0.0,354.25,3.14,318.0,997.44,
2011,8,19,21,28.47,25.26,0.0,0.0,0.0,351.05,2.94,319.0,997.61,
2011,8,19,22,27.49,26.86,0.0,0.0,0.0,347.85,2.73,320.0,997.78,
2011,8,19,23,26.85,28.94,0.0,0.0,0.0,345.38,2.7,322.0,997.58,
2011,8,20,0,26.21,31.01,0.0,0.0,0.0,342.92,2.67,323.0,997.38,
2011,8,20,1,25.57,33.09,0.0,0.0,0.0,340.45,2.63,324.0,997.18,
2011,8,20,2,25.22,34.98,0.0,0.0,0.0,340.27,2.51,326.0,997.41,
2011,8,20,3,24.87,36.88,0.0,0.0,0.0,340.08,2.39,327.0,997.64,
2011,8,20,4,24.52,38.77,0.0,0.0,0.0,339.9,2.26,328.0,997.87,
2011,8,20,5,25.81,37.64,0.0,0.0,0.0,342.6,2.69,328.0,998.24,
2011,8,20,6,27.09,36.5,87.0,225.85,54.0,345.3,3.11,327.0,998.6,
2011,8,20,7,28.37,35.37,311.0,512.82,121.0,348.0,3.53,327.0,998.97,
2011,8,20,8,30.48,30.96,547.0,685.55,152.0,356.3,3.67,326.0,998.7,
2011,8,20,9,32.58,26.54,754.0,780.89,169.0,364.6,3.81,325.0,998.44,
2011,8,20,10,34.69,22.13,914.0,845.48,172.0,372.9,3.94,324.0,998.17,
2011,8,20,11,35.63,19.8,996.0,838.56,197.0,374.17,3.91,324.0,997.58,
2011,8,20,12,36.58,17.47,1029.0,877.64,178.0,375.43,3.88,323.0,996.98,
2011,8,20,13,37.53,15.14,972.0,847.95,186.0,376.7,3.85,323.0,996.39,
2011,8,20,14,37.03,15.43,847.0,799.89,185.0,371.4,4.14,323.0,996.25,
2011,8,20,15,36.53,15.73,670.0,741.41,167.0,366.1,4.44,323.0,996.12,
2011,8,20,16,36.02,16.02,459.0,669.96,131.0,360.8,4.73,323.0,995.99,
2011,8,20,17,34.48,18.5,226.0,507.47,87.0,358.02,4.64,319.0,996.19,
2011,8,20,18,32.93,20.98,21.0,151.77,14.0,355.23,4.56,315.0,996.39,
2011,8,20,19,31.39,23.46,0.0,0.0,0.0,352.45,4.47,311.0,996.58,
2011,8,20,20,30.59,25.53,0.0,0.0,0.0,351.95,4.25,314.0,996.72,
2011,8,20,21,29.8,27.59,0.0,0.0,0.0,351.45,4.04,317.0,996.85,
2011,8,20,22,29.01,29.66,0.0,0.0,0.0,350.95,3.82,320.0,996.98,
2011,8,20,23,28.45,31.37,0.0,0.0,0.0,351.85,3.47,324.0,996.92,
2011,8,21,0,27.89,33.08,0.0,0.0,0.0,352.75,3.12,328.0,996.85,
2011,8,21,1,27.32,34.79,0.0,0.0,0.0,353.65,2.77,332.0,996.78,
2011,8,21,2,26.96,36.24,0.0,0.0,0.0,355.2,2.72,333.0,997.21,
2011,8,21,3,26.59,37.69,0.0,0.0,0.0,356.75,2.67,334.0,997.64,
2011,8,21,4,26.22,39.14,0.0,0.0,0.0,358.3,2.62,336.0,998.07,
2011,8,21,5,27.56,36.94,0.0,0.0,0.0,361.23,2.75,338.0,998.47,
2011,8,21,6,28.9,34.74,84.0,207.41,54.0,364.17,2.88,340.0,998.87,
2011,8,21,7,30.24,32.54,312.0,522.67,119.0,367.1,3.01,341.0,999.26,
2011,8,21,8,32.38,28.32,546.0,685.11,152.0,375.32,3.43,340.0,998.93,
2011,8,21,9,34.53,24.09,753.0,780.63,169.0,383.53,3.85,338.0,998.6,
2011,8,21,10,36.67,19.87,903.0,813.43,190.0,391.75,4.28,337.0,998.27,
2011,8,21,11,37.23,18.6,995.0,838.59,197.0,392.52,4.34,332.0,997.68,
2011,8,21,12,37.79,17.34,1022.0,861.4,188.0,393.28,4.4,328.0,997.08,
2011,8,21,13,38.36,16.07,970.0,848.48,185.0,394.05,4.47,323.0,996.49,
2011,8,21,14,37.85,16.0,854.0,829.79,169.0,387.2,4.78,321.0,996.49,
2011,8,21,15,37.34,15.92,675.0,769.27,155.0,380.35,5.09,318.0,996.49,
2011,8,21,16,36.83,15.85,456.0,667.73,131.0,373.5,5.41,316.0,996.49,
2011,8,21,17,35.22,17.93,224.0,513.49,85.0,370.4,5.09,314.0,996.88,
2011,8,21,18,33.6,20.02,19.0,140.83,13.0,367.3,4.76,313.0,997.28,
2011,8,21,19,31.98,22.1,0.0,0.0,0.0,364.2,4.44,311.0,997.68,
2011,8,21,20,31.04,23.92,0.0,0.0,0.0,364.03,3.96,314.0,997.91,
2011,8,21,21,30.11,25.74,0.0,0.0,0.0,363.87,3.49,317.0,998.14,
2011,8,21,22,29.18,27.56,0.0,0.0,0.0,363.7,3.01,320.0,998.37,
2011,8,21,23,28.5,29.4,0.0,0.0,0.0,363.48,2.78,323.0,998.24,
2011,8,22,0,27.82,31.25,0.0,0.0,0.0,363.27,2.56,326.0,998.11,
2011,8,22,1,27.14,33.09,0.0,0.0,0.0,363.05,2.33,328.0,997.97,
2011,8,22,2,26.61,35.15,0.0,0.0,0.0,362.62,2.24,330.0,998.37,
2011,8,22,3,26.08,37.21,0.0,0.0,0.0,362.18,2.16,332.0,998.77,
2011,8,22,4,25.54,39.27,0.0,0.0,0.0,361.75,2.07,334.0,999.16,
2011,8,22,5,27.21,36.49,0.0,0.0,0.0,363.82,1.94,336.0,999.59,
2011,8,22,6,28.87,33.7,84.0,216.52,53.0,365.88,1.81,338.0,1000.02,
2011,8,22,7,30.53,30.92,307.0,499.97,123.0,367.95,1.68,340.0,1000.45,
2011,8,22,8,32.58,26.95,539.0,660.28,160.0,374.63,2.15,332.0,1000.29,
2011,8,22,9,34.62,22.99,743.0,750.94,182.0,381.32,2.62,325.0,1000.12,
2011,8,22,10,36.67,19.02,907.0,829.31,181.0,388.0,3.09,318.0,999.96,
2011,8,22,11,37.25,17.44,1000.0,855.48,187.0,386.62,3.19,314.0,999.26,
2011,8,22,12,37.84,15.86,1021.0,860.66,189.0,385.23,3.28,310.0,998.57,
2011,8,22,13,38.43,14.28,963.0,831.72,195.0,383.85,3.38,306.0,997.87,
2011,8,22,14,38.21,14.29,842.0,799.17,184.0,380.53,3.58,310.0,997.58,
2011,8,22,15,38.0,14.3,665.0,739.51,167.0,377.22,3.78,315.0,997.28,
2011,8,22,16,37.78,14.31,443.0,618.03,144.0,373.9,3.99,319.0,996.98,
2011,8,22,17,36.03,16.28,212.0,448.73,92.0,369.95,3.55,317.0,997.41,
2011,8,22,18,34.28,18.26,12.0,0.0,12.0,366.0,3.11,315.0,997.84,
2011,8,22,19,32.53,20.23,0.0,0.0,0.0,362.05,2.68,313.0,998.27,
2011,8,22,20,31.56,21.73,0.0,0.0,0.0,360.7,2.7,316.0,998.54,
2011,8,22,21,30.6,23.24,0.0,0.0,0.0,359.35,2.73,318.0,998.8,
2011,8,22,22,29.64,24.74,0.0,0.0,0.0,358.0,2.76,320.0,999.07,
2011,8,22,23,28.96,26.34,0.0,0.0,0.0,357.68,2.74,324.0,999.0,
2011,8,23,0,28.28,27.93,0.0,0.0,0.0,357.37,2.72,327.0,998.93,
2011,8,23,1,27.6,29.53,0.0,0.0,0.0,357.05,2.7,330.0,998.87,
2011,8,23,2,26.99,31.25,0.0,0.0,0.0,355.38,2.53,334.0,999.33,
2011,8,23,3,26.38,32.98,0.0,0.0,0.0,353.72,2.36,338.0,999.79,
2011,8,23,4,25.76,34.7,0.0,0.0,0.0,352.05,2.19,342.0,1000.26,
2011,8,23,5,27.4,32.08,0.0,0.0,0.0,354.35,2.12,342.0,1000.82,
2011,8,23,6,29.03,29.46,90.0,282.26,50.0,356.65,2.05,342.0,1001.38,
2011,8,23,7,30.67,26.84,318.0,572.55,108.0,358.95,1.97,341.0,1001.94,
2011,8,23,8,32.97,23.51,547.0,698.21,147.0,366.47,2.55,336.0,1001.74,
2011,8,23,9,35.28,20.18,747.0,765.43,176.0,373.98,3.12,331.0,1001.55,
2011,8,23,10,37.58,16.85,896.0,798.36,198.0,381.5,3.7,326.0,1001.35,
2011,8,23,11,38.18,15.23,993.0,838.74,197.0,380.78,4.29,323.0,1000.69,
2011,8,23,12,38.79,13.61,1008.0,828.89,208.0,380.07,4.87,319.0,1000.02,
2011,8,23,13,39.4,11.99,961.0,832.32,194.0,379.35,5.46,316.0,999.36,
2011,8,23,14,38.86,12.13,835.0,783.07,192.0,375.63,5.44,319.0,998.87,
2011,8,23,15,38.32,12.28,666.0,752.83,161.0,371.92,5.42,322.0,998.37,
2011,8,23,16,37.78,12.42,445.0,640.59,137.0,368.2,5.39,325.0,997.87,
2011,8,23,17,36.08,14.46,210.0,454.41,90.0,365.28,4.94,323.0,998.34,
2011,8,23,18,34.37,16.49,0.0,0.0,0.0,362.37,4.48,322.0,998.8,
2011,8,23,19,32.67,18.53,0.0,0.0,0.0,359.45,4.03,321.0,999.26,
2011,8,23,20,31.74,20.51,0.0,0.0,0.0,358.72,3.92,323.0,999.53,
2011,8,23,21,30.82,22.5,0.0,0.0,0.0,357.98,3.81,326.0,999.79,
2011,8,23,22,29.89,24.48,0.0,0.0,0.0,357.25,3.7,328.0,1000.06,
2011,8,23,23,29.19,26.35,0.0,0.0,0.0,356.0,3.43,331.0,999.96,
2011,8,24,0,28.49,28.21,0.0,0.0,0.0,354.75,3.16,334.0,999.86,
2011,8,24,1,27.79,30.08,0.0,0.0,0.0,353.5,2.9,337.0,999.76,
2011,8,24,2,27.18,31.9,0.0,0.0,0.0,351.9,2.7,337.0,999.89,
2011,8,24,3,26.56,33.71,0.0,0.0,0.0,350.3,2.51,336.0,1000.02,
2011,8,24,4,25.94,35.53,0.0,0.0,0.0,348.7,2.32,336.0,1000.16,
2011,8,24,5,27.24,33.51,0.0,0.0,0.0,350.17,2.95,334.0,1000.45,
2011,8,24,6,28.53,31.48,88.0,278.06,49.0,351.63,3.58,332.0,1000.75,
2011,8,24,7,29.83,29.46,317.0,571.76,108.0,353.1,4.21,331.0,1001.05,
2011,8,24,8,31.68,26.33,549.0,711.82,142.0,360.48,4.83,327.0,1000.72,
2011,8,24,9,33.54,23.21,754.0,794.74,162.0,367.87,5.46,324.0,1000.39,
2011,8,24,10,35.39,20.08,905.0,829.21,181.0,375.25,6.08,321.0,1000.06,
2011,8,24,11,36.0,18.3,1003.0,871.59,177.0,375.85,5.92,320.0,999.3,
2011,8,24,12,36.62,16.52,1023.0,876.97,178.0,376.45,5.75,319.0,998.54,
2011,8,24,13,37.24,14.74,965.0,847.11,186.0,377.05,5.59,318.0,997.78,
2011,8,24,14,36.74,14.88,838.0,797.48,185.0,374.05,5.68,319.0,997.38,
2011,8,24,15,36.24,15.03,659.0,737.88,166.0,371.05,5.78,320.0,996.98,
2011,8,24,16,35.73,15.17,449.0,676.09,126.0,368.05,5.88,321.0,996.58,
2011,8,24,17,34.11,16.5,212.0,487.21,85.0,363.88,5.24,319.0,997.05,
2011,8,24,18,32.48,17.82,0.0,0.0,0.0,359.72,4.6,317.0,997.51,
2011,8,24,19,30.85,19.15,0.0,0.0,0.0,355.55,3.96,316.0,997.97,
2011,8,24,20,29.86,20.15,0.0,0.0,0.0,352.57,3.74,318.0,998.24,
2011,8,24,21,28.87,21.14,0.0,0.0,0.0,349.58,3.53,320.0,998.5,
2011,8,24,22,27.88,22.14,0.0,0.0,0.0,346.6,3.31,322.0,998.77,
2011,8,24,23,27.23,23.84,0.0,0.0,0.0,343.73,3.24,324.0,998.54,
2011,8,25,0,26.59,25.54,0.0,0.0,0.0,340.87,3.17,327.0,998.3,
2011,8,25,1,25.94,27.24,0.0,0.0,0.0,338.0,3.1,330.0,998.07,
2011,8,25,2,25.48,30.29,0.0,0.0,0.0,336.8,3.47,329.0,998.4,
2011,8,25,3,25.01,33.33,0.0,0.0,0.0,335.6,3.83,329.0,998.73,
2011,8,25,4,24.54,36.38,0.0,0.0,0.0,334.4,4.19,329.0,999.07,
2011,8,25,5,25.68,36.32,0.0,0.0,0.0,336.18,4.56,329.0,999.4,
2011,8,25,6,26.82,36.25,87.0,266.56,50.0,337.97,4.93,329.0,999.73,
2011,8,25,7,27.96,36.19,314.0,559.98,110.0,339.75,5.3,330.0,1000.06,
2011,8,25,8,29.95,30.05,548.0,711.48,142.0,345.62,5.61,330.0,999.73,
2011,8,25,9,31.95,23.91,753.0,794.59,162.0,351.48,5.92,331.0,999.4,
2011,8,25,10,33.94,17.77,904.0,829.21,181.0,357.35,6.23,332.0,999.07,
2011,8,25,11,34.84,15.35,1002.0,870.75,178.0,356.87,6.31,332.0,998.3,
2011,8,25,12,35.74,12.93,1016.0,860.8,188.0,356.38,6.39,333.0,997.54,
2011,8,25,13,36.65,10.51,941.0,784.64,221.0,355.9,6.47,333.0,996.78,
2011,8,25,14,36.1,10.82,831.0,782.63,192.0,352.28,6.44,333.0,996.49,
2011,8,25,15,35.55,11.12,649.0,709.37,177.0,348.67,6.41,334.0,996.19,
2011,8,25,16,34.99,11.43,436.0,625.76,139.0,345.05,6.39,334.0,995.89,
2011,8,25,17,33.37,13.36,206.0,462.67,87.0,342.32,5.68,332.0,996.39,
2011,8,25,18,31.74,15.3,0.0,0.0,0.0,339.58,4.98,329.0,996.88,
2011,8,25,19,30.11,17.23,0.0,0.0,0.0,336.85,4.28,326.0,997.38,
2011,8,25,20,29.24,19.01,0.0,0.0,0.0,336.7,4.05,328.0,997.61,
2011,8,25,21,28.37,20.78,0.0,0.0,0.0,336.55,3.82,331.0,997.84,
2011,8,25,22,27.5,22.56,0.0,0.0,0.0,336.4,3.59,334.0,998.07,
2011,8,25,23,26.93,24.29,0.0,0.0,0.0,336.48,3.45,336.0,997.94,
2011,8,26,0,26.37,26.03,0.0,0.0,0.0,336.57,3.32,339.0,997.81,
2011,8,26,1,25.8,27.76,0.0,0.0,0.0,336.65,3.19,342.0,997.68,
2011,8,26,2,25.21,30.72,0.0,0.0,0.0,336.63,3.2,339.0,998.21,
2011,8,26,3,24.61,33.68,0.0,0.0,0.0,336.62,3.2,337.0,998.73,
2011,8,26,4,24.01,36.64,0.0,0.0,0.0,336.6,3.21,334.0,999.26,
2011,8,26,5,25.53,35.09,0.0,0.0,0.0,338.32,3.44,333.0,999.66,
2011,8,26,6,27.04,33.53,91.0,327.6,46.0,340.03,3.66,332.0,1000.06,
2011,8,26,7,28.55,31.98,321.0,614.24,98.0,341.75,3.89,332.0,1000.45,
2011,8,26,8,30.72,26.59,553.0,737.48,133.0,348.25,4.57,332.0,1000.12,
2011,8,26,9,32.89,21.19,756.0,809.27,155.0,354.75,5.25,332.0,999.79,
2011,8,26,10,35.06,15.8,913.0,861.39,163.0,361.25,5.93,332.0,999.46,
2011,8,26,11,35.81,13.94,1000.0,871.01,177.0,361.53,6.04,330.0,998.93,
2011,8,26,12,36.56,12.07,1020.0,876.9,178.0,361.82,6.14,328.0,998.4,
2011,8,26,13,37.31,10.21,966.0,862.84,176.0,362.1,6.25,327.0,997.87,
2011,8,26,14,36.8,10.42,828.0,782.49,191.0,359.15,6.11,327.0,997.54,
2011,8,26,15,36.3,10.64,654.0,736.52,166.0,356.2,5.97,327.0,997.21,
2011,8,26,16,35.79,10.85,435.0,636.35,135.0,353.25,5.83,328.0,996.88,
2011,8,26,17,34.06,12.58,205.0,480.94,83.0,349.7,5.02,324.0,997.41,
2011,8,26,18,32.32,14.3,0.0,0.0,0.0,346.15,4.2,321.0,997.94,
2011,8,26,19,30.59,16.03,0.0,0.0,0.0,342.6,3.38,318.0,998.47,
2011,8,26,20,29.56,17.55,0.0,0.0,0.0,340.87,3.22,320.0,998.77,
2011,8,26,21,28.54,19.08,0.0,0.0,0.0,339.13,3.07,321.0,999.07,
2011,8,26,22,27.52,20.6,0.0,0.0,0.0,337.4,2.91,322.0,999.36,
2011,8,26,23,26.82,22.22,0.0,0.0,0.0,335.6,2.88,325.0,999.23,
2011,8,27,0,26.12,23.85,0.0,0.0,0.0,333.8,2.86,328.0,999.1,
2011,8,27,1,25.42,25.47,0.0,0.0,0.0,332.0,2.83,331.0,998.97,
2011,8,27,2,24.92,26.7,0.0,0.0,0.0,331.3,2.67,334.0,999.36,
2011,8,27,3,24.41,27.94,0.0,0.0,0.0,330.6,2.51,338.0,999.76,
2011,8,27,4,23.9,29.17,0.0,0.0,0.0,329.9,2.34,342.0,1000.16,
2011,8,27,5,25.69,28.11,0.0,0.0,0.0,332.92,2.62,341.0,1000.69,
2011,8,27,6,27.48,27.04,88.0,309.0,46.0,335.93,2.9,340.0,1001.22,
2011,8,27,7,29.27,25.98,318.0,602.54,100.0,338.95,3.17,339.0,1001.74,
2011,8,27,8,31.47,22.63,549.0,723.14,138.0,347.75,4.03,336.0,1001.58,
2011,8,27,9,33.66,19.27,751.0,794.35,162.0,356.55,4.88,332.0,1001.41,
2011,8,27,10,35.86,15.92,907.0,845.4,172.0,365.35,5.74,329.0,1001.25,
2011,8,27,11,36.49,15.02,994.0,854.34,188.0,367.47,5.68,326.0,1000.49,
2011,8,27,12,37.13,14.13,1007.0,844.08,198.0,369.58,5.63,323.0,999.73,
2011,8,27,13,37.77,13.23,953.0,830.89,194.0,371.7,5.57,321.0,998.97,
2011,8,27,14,37.24,13.6,826.0,781.19,192.0,369.68,5.41,321.0,998.6,
2011,8,27,15,36.71,13.96,643.0,707.9,176.0,367.67,5.24,320.0,998.24,
2011,8,27,16,36.17,14.33,422.0,587.38,147.0,365.65,5.08,320.0,997.87,
2011,8,27,17,34.44,16.67,198.0,447.85,86.0,362.58,4.39,321.0,998.37,
2011,8,27,18,32.71,19.0,0.0,0.0,0.0,359.52,3.7,322.0,998.87,
2011,8,27,19,30.98,21.34,0.0,0.0,0.0,356.45,3.01,322.0,999.36,
2011,8,27,20,29.96,23.19,0.0,0.0,0.0,355.4,2.84,325.0,999.53,
2011,8,27,21,28.95,25.05,0.0,0.0,0.0,354.35,2.68,328.0,999.69,
2011,8,27,22,27.94,26.9,0.0,0.0,0.0,353.3,2.51,330.0,999.86,
2011,8,27,23,27.24,28.54,0.0,0.0,0.0,351.87,2.55,332.0,999.56,
2011,8,28,0,26.55,30.17,0.0,0.0,0.0,350.43,2.58,333.0,999.26,
2011,8,28,1,25.85,31.81,0.0,0.0,0.0,349.0,2.62,334.0,998.97,
2011,8,28,2,25.47,32.91,0.0,0.0,0.0,348.8,2.57,334.0,999.2,
2011,8,28,3,25.09,34.0,0.0,0.0,0.0,348.6,2.52,334.0,999.43,
2011,8,28,4,24.71,35.1,0.0,0.0,0.0,348.4,2.47,334.0,999.66,
2011,8,28,5,26.36,32.45,0.0,0.0,0.0,350.33,3.07,335.0,1000.06,
2011,8,28,6,28.0,29.8,79.0,215.64,50.0,352.27,3.67,337.0,1000.45,
2011,8,28,7,29.64,27.15,300.0,496.46,121.0,354.2,4.28,338.0,1000.85,
2011,8,28,8,31.71,23.86,539.0,684.08,151.0,361.52,5.11,336.0,1000.69,
2011,8,28,9,33.79,20.57,746.0,779.41,169.0,368.83,5.95,334.0,1000.52,
2011,8,28,10,35.86,17.28,901.0,829.39,181.0,376.15,6.79,331.0,1000.36,
2011,8,28,11,36.46,16.1,992.0,854.65,187.0,377.8,6.53,329.0,999.59,
2011,8,28,12,37.06,14.91,1011.0,860.3,188.0,379.45,6.27,327.0,998.83,
2011,8,28,13,37.67,13.73,956.0,846.02,185.0,381.1,6.01,325.0,998.07,
2011,8,28,14,36.92,14.39,828.0,796.0,184.0,377.2,5.77,323.0,998.01,
2011,8,28,15,36.17,15.05,644.0,720.2,171.0,373.3,5.53,320.0,997.94,
2011,8,28,16,35.41,15.71,416.0,574.35,149.0,369.4,5.28,318.0,997.87,
2011,8,28,17,33.8,17.8,195.0,446.37,85.0,365.65,4.54,320.0,998.34,
2011,8,28,18,32.18,19.9,0.0,0.0,0.0,361.9,3.79,322.0,998.8,
2011,8,28,19,30.57,21.99,0.0,0.0,0.0,358.15,3.05,324.0,999.26,
2011,8,28,20,29.68,23.52,0.0,0.0,0.0,356.67,2.96,328.0,999.63,
2011,8,28,21,28.8,25.04,0.0,0.0,0.0,355.18,2.87,332.0,999.99,
2011,8,28,22,27.91,26.57,0.0,0.0,0.0,353.7,2.79,335.0,1000.36,
2011,8,28,23,27.31,28.21,0.0,0.0,0.0,352.27,2.93,338.0,1000.12,
2011,8,29,0,26.71,29.85,0.0,0.0,0.0,350.83,3.08,341.0,999.89,
2011,8,29,1,26.1,31.49,0.0,0.0,0.0,349.4,3.23,344.0,999.66,
2011,8,29,2,25.73,33.85,0.0,0.0,0.0,348.85,3.29,342.0,999.86,
2011,8,29,3,25.36,36.22,0.0,0.0,0.0,348.3,3.35,341.0,1000.06,
2011,8,29,4,24.98,38.58,0.0,0.0,0.0,347.75,3.41,340.0,1000.26,
2011,8,29,5,26.32,37.11,0.0,0.0,0.0,349.42,3.76,341.0,1000.55,
2011,8,29,6,27.66,35.63,77.0,210.44,49.0,351.08,4.11,341.0,1000.85,
2011,8,29,7,29.0,34.16,304.0,526.03,115.0,352.75,4.47,342.0,1001.15,
2011,8,29,8,30.92,29.6,540.0,696.11,146.0,359.55,5.2,340.0,1001.02,
2011,8,29,9,32.83,25.04,749.0,794.21,162.0,366.35,5.94,339.0,1000.88,
2011,8,29,10,34.75,20.48,895.0,813.36,190.0,373.15,6.68,337.0,1000.75,
2011,8,29,11,35.44,18.96,985.0,839.06,196.0,376.02,6.74,334.0,1000.02,
2011,8,29,12,36.13,17.44,998.0,828.46,207.0,378.88,6.8,330.0,999.3,
2011,8,29,13,36.82,15.92,949.0,830.48,194.0,381.75,6.86,327.0,998.57,
2011,8,29,14,36.1,16.87,820.0,779.97,191.0,379.4,6.48,327.0,998.57,
2011,8,29,15,35.39,17.82,637.0,706.67,175.0,377.05,6.1,326.0,998.57,
2011,8,29,16,34.67,18.77,427.0,643.56,130.0,374.7,5.72,326.0,998.57,
2011,8,29,17,33.21,20.9,193.0,457.29,82.0,371.42,4.91,328.0,999.13,
2011,8,29,18,31.74,23.03,0.0,0.0,0.0,368.13,4.1,330.0,999.69,
2011,8,29,19,30.27,25.16,0.0,0.0,0.0,364.85,3.28,331.0,1000.26,
2011,8,29,20,29.33,26.87,0.0,0.0,0.0,363.37,3.02,334.0,1000.62,
2011,8,29,21,28.39,28.58,0.0,0.0,0.0,361.88,2.75,337.0,1000.98,
2011,8,29,22,27.45,30.29,0.0,0.0,0.0,360.4,2.48,339.0,1001.35,
2011,8,29,23,26.67,32.12,0.0,0.0,0.0,358.97,2.52,340.0,1001.12,
2011,8,30,0,25.89,33.94,0.0,0.0,0.0,357.53,2.56,340.0,1000.88,
2011,8,30,1,25.1,35.77,0.0,0.0,0.0,356.1,2.59,340.0,1000.65,
2011,8,30,2,24.91,36.97,0.0,0.0,0.0,356.68,2.46,341.0,1000.88,
2011,8,30,3,24.72,38.18,0.0,0.0,0.0,357.27,2.34,342.0,1001.12,
2011,8,30,4,24.52,39.38,0.0,0.0,0.0,357.85,2.21,343.0,1001.35,
2011,8,30,5,26.16,36.92,0.0,0.0,0.0,360.62,2.43,343.0,1001.78,
2011,8,30,6,27.8,34.45,71.0,167.14,49.0,363.38,2.65,343.0,1002.21,
2011,8,30,7,29.44,31.99,294.0,474.82,124.0,366.15,2.87,343.0,1002.64,
2011,8,30,8,31.21,28.85,530.0,656.86,159.0,372.3,3.9,338.0,1002.47,
2011,8,30,9,32.99,25.72,739.0,764.37,175.0,378.45,4.93,333.0,1002.31,
2011,8,30,10,34.76,22.58,898.0,828.52,181.0,384.6,5.96,327.0,1002.14,
2011,8,30,11,35.3,20.74,995.0,870.32,178.0,385.63,6.02,324.0,1001.35,
2011,8,30,12,35.84,18.89,1008.0,859.51,189.0,386.67,6.09,321.0,1000.55,
2011,8,30,13,36.39,17.05,941.0,813.82,203.0,387.7,6.15,318.0,999.76,
2011,8,30,14,35.82,17.33,818.0,780.07,191.0,384.15,5.81,319.0,999.46,
2011,8,30,15,35.26,17.61,641.0,733.05,164.0,380.6,5.46,320.0,999.16,
2011,8,30,16,34.69,17.89,423.0,641.83,129.0,377.05,5.12,322.0,998.87,
2011,8,30,17,33.15,19.86,189.0,447.75,82.0,372.43,4.39,323.0,999.33,
2011,8,30,18,31.6,21.82,0.0,0.0,0.0,367.82,3.66,325.0,999.79,
2011,8,30,19,30.05,23.79,0.0,0.0,0.0,363.2,2.94,326.0,1000.26,
2011,8,30,20,29.15,25.3,0.0,0.0,0.0,361.07,2.8,329.0,1000.52,
2011,8,30,21,28.26,26.82,0.0,0.0,0.0,358.93,2.67,331.0,1000.79,
2011,8,30,22,27.37,28.33,0.0,0.0,0.0,356.8,2.54,334.0,1001.05,
2011,8,30,23,26.74,29.85,0.0,0.0,0.0,355.08,2.51,336.0,1000.98,
2011,8,31,0,26.12,31.38,0.0,0.0,0.0,353.37,2.47,338.0,1000.92,
2011,8,31,1,25.49,32.9,0.0,0.0,0.0,351.65,2.44,340.0,1000.85,
2011,8,31,2,25.14,33.77,0.0,0.0,0.0,350.73,2.41,341.0,1001.15,
2011,8,31,3,24.78,34.65,0.0,0.0,0.0,349.82,2.39,341.0,1001.45,
2011,8,31,4,24.42,35.52,0.0,0.0,0.0,348.9,2.36,342.0,1001.74,
2011,8,31,5,25.7,34.7,0.0,0.0,0.0,350.72,3.03,343.0,1002.37,
2011,8,31,6,26.98,33.87,81.0,276.5,45.0,352.53,3.69,344.0,1003.0,
2011,8,31,7,28.26,33.05,310.0,577.42,104.0,354.35,4.36,345.0,1003.63,
2011,8,31,8,29.98,29.03,544.0,722.15,137.0,360.07,4.95,340.0,1003.5,
2011,8,31,9,31.69,25.01,742.0,779.26,168.0,365.78,5.54,336.0,1003.37,
2011,8,31,10,33.41,20.99,902.0,844.92,172.0,371.5,6.14,332.0,1003.23,
2011,8,31,11,34.05,19.08,982.0,838.77,196.0,371.92,6.28,329.0,1002.47,
2011,8,31,12,34.7,17.17,995.0,827.63,208.0,372.33,6.41,327.0,1001.71,
2011,8,31,13,35.35,15.26,939.0,813.7,203.0,372.75,6.55,324.0,1000.95,
2011,8,31,14,34.87,15.22,810.0,764.0,198.0,369.48,6.28,325.0,1000.52,
2011,8,31,15,34.39,15.17,638.0,731.95,164.0,366.22,6.0,325.0,1000.09,
2011,8,31,16,33.91,15.13,420.0,640.16,129.0,362.95,5.72,326.0,999.66,
2011,8,31,17,32.37,17.07,184.0,433.74,82.0,358.48,4.92,326.0,999.99,
2011,8,31,18,27.7,21.99,0.0,0.0,0.0,344.69,2.86,327.0,1000.32,
2011,8,31,19,27.59,23.59,0.0,0.0,0.0,345.04,2.97,328.0,1000.65,
2011,8,31,20,27.48,25.2,0.0,0.0,0.0,345.39,3.08,330.0,1000.98,
2011,8,31,21,27.37,26.8,0.0,0.0,0.0,345.75,3.19,333.0,1001.31,
2011,8,31,22,27.26,28.41,0.0,0.0,0.0,346.1,3.3,335.0,1001.65,
2011,8,31,23,27.15,30.01,0.0,0.0,0.0,346.46,3.41,338.0,1001.58,
2009,9,1,0,27.03,31.62,0.0,0.0,0.0,346.81,3.52,341.0,1001.51,
2009,9,1,1,26.92,33.22,0.0,0.0,0.0,347.17,3.63,344.0,1001.45,
2009,9,1,2,26.81,34.83,0.0,0.0,0.0,347.52,3.74,335.0,1001.84,
2009,9,1,3,26.7,36.43,0.0,0.0,0.0,347.88,3.85,333.0,1001.94,
2009,9,1,4,26.59,38.03,0.0,0.0,0.0,348.23,3.96,331.0,1002.04,
2009,9,1,5,26.48,39.64,0.0,0.0,0.0,348.59,4.07,330.0,1002.47,
2009,9,1,6,26.37,41.24,78.0,259.12,45.0,348.94,4.18,328.0,1002.9,
2009,9,1,7,26.25,42.85,299.0,527.95,112.0,349.29,4.29,327.0,1003.33,
2009,9,1,8,26.14,44.45,534.0,695.05,144.0,349.65,4.4,327.0,1002.97,
2009,9,1,9,26.03,46.06,737.0,775.21,168.0,350.0,4.51,326.0,1002.6,
2009,9,1,10,32.55,24.63,899.0,852.44,165.0,366.25,6.14,326.0,1002.24,
2009,9,1,11,33.59,21.49,989.0,878.28,169.0,366.45,6.34,326.0,1001.51,
2009,9,1,12,34.62,18.34,1012.0,898.8,161.0,366.65,6.54,326.0,1000.79,
2009,9,1,13,35.66,15.2,959.0,899.22,150.0,366.85,6.74,326.0,1000.06,
2009,9,1,14,35.03,15.77,827.0,847.36,153.0,362.8,6.66,326.0,999.83,
2009,9,1,15,34.39,16.35,645.0,795.43,135.0,358.75,6.58,327.0,999.59,
2009,9,1,16,33.76,16.92,420.0,681.69,115.0,354.7,6.5,327.0,999.36,
2009,9,1,17,32.32,19.46,184.0,496.94,71.0,351.9,5.91,325.0,999.73,
2009,9,1,18,30.87,22.0,0.0,0.0,0.0,349.1,5.33,324.0,1000.09,
2009,9,1,19,29.43,24.54,0.0,0.0,0.0,346.3,4.74,323.0,1000.45,
2009,9,1,20,28.56,26.9,0.0,0.0,0.0,345.8,4.46,324.0,1000.52,
2009,9,1,21,27.69,29.26,0.0,0.0,0.0,345.3,4.18,326.0,1000.59,
2009,9,1,22,26.82,31.62,0.0,0.0,0.0,344.8,3.9,328.0,1000.65,
2009,9,1,23,26.29,33.9,0.0,0.0,0.0,344.23,3.76,329.0,1000.42,
2009,9,2,0,25.76,36.17,0.0,0.0,0.0,343.67,3.61,331.0,1000.19,
2009,9,2,1,25.23,38.45,0.0,0.0,0.0,343.1,3.46,333.0,999.96,
2009,9,2,2,24.87,40.94,0.0,0.0,0.0,344.1,3.45,335.0,1000.16,
2009,9,2,3,24.5,43.43,0.0,0.0,0.0,345.1,3.44,337.0,1000.36,
2009,9,2,4,24.13,45.92,0.0,0.0,0.0,346.1,3.43,339.0,1000.55,
2009,9,2,5,25.11,45.08,0.0,0.0,0.0,347.87,3.54,337.0,1001.05,
2009,9,2,6,26.09,44.25,77.0,254.1,45.0,349.63,3.66,335.0,1001.55,
2009,9,2,7,27.07,43.41,293.0,498.72,117.0,351.4,3.77,334.0,1002.04,
2009,9,2,8,29.08,36.84,533.0,694.84,144.0,357.93,4.24,331.0,1001.88,
2009,9,2,9,31.09,30.28,739.0,788.92,161.0,364.47,4.72,328.0,1001.71,
2009,9,2,10,33.1,23.71,898.0,852.79,165.0,371.0,5.2,326.0,1001.55,
2009,9,2,11,34.05,20.7,993.0,893.91,160.0,370.98,5.33,323.0,1000.92,
2009,9,2,12,34.99,17.68,1009.0,898.71,160.0,370.97,5.47,320.0,1000.29,
2009,9,2,13,35.94,14.67,961.0,915.11,140.0,370.95,5.6,317.0,999.66,
2009,9,2,14,35.4,15.02,832.0,875.7,138.0,368.03,5.63,316.0,999.46,
2009,9,2,15,34.85,15.37,641.0,793.27,135.0,365.12,5.66,316.0,999.26,
2009,9,2,16,34.31,15.72,418.0,691.81,111.0,362.2,5.7,315.0,999.07,
2009,9,2,17,32.76,18.04,179.0,483.37,71.0,358.72,5.29,315.0,999.56,
2009,9,2,18,31.21,20.37,0.0,0.0,0.0,355.23,4.88,315.0,1000.06,
2009,9,2,19,29.67,22.69,0.0,0.0,0.0,351.75,4.47,316.0,1000.55,
2009,9,2,20,28.68,24.77,0.0,0.0,0.0,350.48,4.18,317.0,1000.92,
2009,9,2,21,27.69,26.84,0.0,0.0,0.0,349.22,3.9,318.0,1001.28,
2009,9,2,22,26.71,28.92,0.0,0.0,0.0,347.95,3.61,319.0,1001.65,
2009,9,2,23,26.02,31.19,0.0,0.0,0.0,346.72,3.4,320.0,1001.48,
2009,9,3,0,25.34,33.45,0.0,0.0,0.0,345.48,3.18,321.0,1001.31,
2009,9,3,1,24.65,35.72,0.0,0.0,0.0,344.25,2.97,321.0,1001.15,
2009,9,3,2,24.22,37.63,0.0,0.0,0.0,343.05,2.97,324.0,1001.41,
2009,9,3,3,23.79,39.53,0.0,0.0,0.0,341.85,2.97,326.0,1001.68,
2009,9,3,4,23.35,41.44,0.0,0.0,0.0,340.65,2.97,328.0,1001.94,
2009,9,3,5,24.71,40.39,0.0,0.0,0.0,343.17,3.04,330.0,1002.47,
2009,9,3,6,26.07,39.33,62.05,196.77,37.55,345.68,3.12,331.0,1003.0,
2009,9,3,7,27.42,38.28,317.0,662.68,84.0,348.2,3.2,333.0,1003.53,
2009,9,3,8,29.43,32.71,535.0,705.39,141.0,355.27,3.89,330.0,1003.43,
2009,9,3,9,31.43,27.13,742.0,802.72,155.0,362.33,4.57,327.0,1003.33,
2009,9,3,10,33.44,21.56,901.0,867.17,157.0,369.4,5.26,323.0,1003.23,
2009,9,3,11,34.18,19.76,986.0,878.48,169.0,369.33,5.38,321.0,1002.64,
2009,9,3,12,34.92,17.97,1007.0,898.66,160.0,369.27,5.51,318.0,1002.04,
2009,9,3,13,35.66,16.17,949.0,883.07,159.0,369.2,5.64,316.0,1001.45,
2009,9,3,14,35.13,16.2,825.0,861.25,145.0,365.03,5.6,316.0,1001.31,
2009,9,3,15,34.6,16.24,641.0,806.92,129.0,360.87,5.55,316.0,1001.18,
2009,9,3,16,34.07,16.27,412.0,677.19,114.0,356.7,5.5,316.0,1001.05,
2009,9,3,17,32.41,18.33,175.0,478.51,70.0,352.87,5.08,317.0,1001.51,
2009,9,3,18,30.74,20.39,0.0,0.0,0.0,349.03,4.66,317.0,1001.98,
2009,9,3,19,29.08,22.45,0.0,0.0,0.0,345.2,4.23,317.0,1002.44,
2009,9,3,20,27.98,24.05,0.0,0.0,0.0,343.17,3.99,319.0,1002.7,
2009,9,3,21,26.88,25.64,0.0,0.0,0.0,341.13,3.74,321.0,1002.97,
2009,9,3,22,25.79,27.24,0.0,0.0,0.0,339.1,3.49,323.0,1003.23,
2009,9,3,23,25.06,28.91,0.0,0.0,0.0,337.32,3.32,324.0,1003.07,
2009,9,4,0,24.33,30.57,0.0,0.0,0.0,335.53,3.16,325.0,1002.9,
2009,9,4,1,23.6,32.24,0.0,0.0,0.0,333.75,2.99,326.0,1002.74,
2009,9,4,2,23.27,33.02,0.0,0.0,0.0,333.65,2.99,327.0,1002.9,
2009,9,4,3,22.93,33.79,0.0,0.0,0.0,333.55,2.99,329.0,1003.07,
2009,9,4,4,22.59,34.57,0.0,0.0,0.0,333.45,2.99,331.0,1003.23,
2009,9,4,5,24.08,32.58,0.0,0.0,0.0,335.53,2.94,331.0,1003.63,
2009,9,4,6,25.57,30.59,81.0,333.09,40.0,337.62,2.89,331.0,1004.03,
2009,9,4,7,27.06,28.6,300.0,553.83,106.0,339.7,2.84,332.0,1004.42,
2009,9,4,8,29.22,25.17,539.0,730.38,132.0,346.2,3.63,327.0,1004.19,
2009,9,4,9,31.37,21.74,741.0,802.9,155.0,352.7,4.41,322.0,1003.96,
2009,9,4,10,33.53,18.31,899.0,867.63,156.0,359.2,5.2,318.0,1003.73,
2009,9,4,11,34.26,16.92,994.0,908.28,151.0,358.68,5.48,316.0,1002.94,
2009,9,4,12,35.0,15.53,1010.0,913.56,151.0,358.17,5.75,314.0,1002.14,
2009,9,4,13,35.73,14.14,955.0,913.7,140.0,357.65,6.03,313.0,1001.35,
2009,9,4,14,35.18,14.23,829.0,889.99,129.0,354.02,5.94,314.0,1001.05,
2009,9,4,15,34.62,14.32,640.0,819.21,123.0,350.38,5.86,315.0,1000.75,
2009,9,4,16,34.07,14.41,412.0,699.07,107.0,346.75,5.78,316.0,1000.45,
2009,9,4,17,32.39,16.24,170.0,459.64,71.0,343.3,5.44,317.0,1000.88,
2009,9,4,18,30.7,18.06,0.0,0.0,0.0,339.85,5.1,318.0,1001.31,
2009,9,4,19,29.02,19.89,0.0,0.0,0.0,336.4,4.76,319.0,1001.74,
2009,9,4,20,27.98,21.5,0.0,0.0,0.0,334.92,4.48,321.0,1001.91,
2009,9,4,21,26.94,23.1,0.0,0.0,0.0,333.43,4.21,323.0,1002.08,
2009,9,4,22,25.91,24.71,0.0,0.0,0.0,331.95,3.93,326.0,1002.24,
2009,9,4,23,25.23,26.92,0.0,0.0,0.0,330.38,3.68,327.0,1002.01,
2009,9,5,0,24.55,29.12,0.0,0.0,0.0,328.82,3.43,327.0,1001.78,
2009,9,5,1,23.87,31.33,0.0,0.0,0.0,327.25,3.19,328.0,1001.55,
2009,9,5,2,23.65,34.18,0.0,0.0,0.0,329.08,3.18,329.0,1001.74,
2009,9,5,3,23.43,37.02,0.0,0.0,0.0,330.92,3.17,330.0,1001.94,
2009,9,5,4,23.21,39.87,0.0,0.0,0.0,332.75,3.16,332.0,1002.14,
2009,9,5,5,24.64,38.5,0.0,0.0,0.0,336.68,3.09,330.0,1002.41,
2009,9,5,6,26.06,37.14,76.0,279.45,42.0,340.62,3.01,329.0,1002.67,
2009,9,5,7,27.48,35.77,296.0,533.01,110.0,344.55,2.94,328.0,1002.94,
2009,9,5,8,29.43,32.52,538.0,730.33,132.0,352.68,3.92,325.0,1002.6,
2009,9,5,9,31.39,29.27,739.0,803.11,154.0,360.82,4.9,321.0,1002.27,
2009,9,5,10,33.34,26.02,898.0,866.96,157.0,368.95,5.88,318.0,1001.94,
2009,9,5,11,34.11,23.82,987.0,892.9,160.0,370.2,6.21,316.0,1001.08,
2009,9,5,12,34.87,21.63,1008.0,913.65,151.0,371.45,6.54,314.0,1000.22,
2009,9,5,13,35.64,19.43,948.0,898.45,149.0,372.7,6.87,312.0,999.36,
2009,9,5,14,35.05,19.01,818.0,859.02,145.0,368.4,6.69,314.0,999.0,
2009,9,5,15,34.45,18.59,633.0,804.61,128.0,364.1,6.51,316.0,998.64,
2009,9,5,16,33.86,18.17,408.0,698.29,106.0,359.8,6.33,318.0,998.27,
2009,9,5,17,32.3,20.14,167.0,463.8,69.0,356.2,5.75,319.0,998.6,
2009,9,5,18,30.74,22.12,0.0,0.0,0.0,352.6,5.17,321.0,998.93,
2009,9,5,19,29.18,24.09,0.0,0.0,0.0,349.0,4.59,322.0,999.26,
2009,9,5,20,28.15,25.79,0.0,0.0,0.0,347.1,4.27,325.0,999.53,
2009,9,5,21,27.13,27.5,0.0,0.0,0.0,345.2,3.94,327.0,999.79,
2009,9,5,22,26.11,29.2,0.0,0.0,0.0,343.3,3.61,329.0,1000.06,
2009,9,5,23,25.37,31.39,0.0,0.0,0.0,341.17,3.36,330.0,999.86,
2009,9,6,0,24.63,33.59,0.0,0.0,0.0,339.03,3.11,331.0,999.66,
2009,9,6,1,23.89,35.78,0.0,0.0,0.0,336.9,2.86,332.0,999.46,
2009,9,6,2,23.32,37.85,0.0,0.0,0.0,335.9,2.7,328.0,999.59,
2009,9,6,3,22.74,39.93,0.0,0.0,0.0,334.9,2.54,325.0,999.73,
2009,9,6,4,22.16,42.0,0.0,0.0,0.0,333.9,2.39,322.0,999.86,
2009,9,6,5,23.79,39.02,0.0,0.0,0.0,337.33,2.29,319.0,1000.22,
2009,9,6,6,25.42,36.04,72.0,249.5,42.0,340.77,2.2,316.0,1000.59,
2009,9,6,7,27.04,33.06,295.0,532.18,110.0,344.2,2.11,313.0,1000.95,
2009,9,6,8,29.34,29.59,531.0,705.06,140.0,351.17,3.0,314.0,1000.79,
2009,9,6,9,31.63,26.11,738.0,801.99,155.0,358.13,3.89,316.0,1000.62,
2009,9,6,10,33.93,22.64,892.0,852.26,165.0,365.1,4.79,317.0,1000.45,
2009,9,6,11,34.74,20.61,985.0,892.65,160.0,365.08,4.95,318.0,999.76,
2009,9,6,12,35.55,18.57,965.0,793.03,223.0,365.07,5.11,319.0,999.07,
2009,9,6,13,36.36,16.54,950.0,912.5,141.0,365.05,5.27,319.0,998.37,
2009,9,6,14,35.82,16.29,815.0,858.63,145.0,360.55,5.22,320.0,998.11,
2009,9,6,15,35.29,16.03,627.0,788.31,135.0,356.05,5.17,320.0,997.84,
2009,9,6,16,34.75,15.78,402.0,683.57,109.0,351.55,5.12,320.0,997.58,
2009,9,6,17,33.02,18.35,163.0,458.56,68.0,348.62,4.73,319.0,997.94,
2009,9,6,18,31.28,20.91,0.0,0.0,0.0,345.68,4.34,317.0,998.3,
2009,9,6,19,29.55,23.48,0.0,0.0,0.0,342.75,3.96,316.0,998.67,
2009,9,6,20,28.46,25.84,0.0,0.0,0.0,342.8,3.71,318.0,999.07,
2009,9,6,21,27.38,28.2,0.0,0.0,0.0,342.85,3.46,321.0,999.46,
2009,9,6,22,26.3,30.56,0.0,0.0,0.0,342.9,3.21,324.0,999.86,
2009,9,6,23,25.81,33.06,0.0,0.0,0.0,343.98,2.99,327.0,999.83,
2009,9,7,0,25.32,35.56,0.0,0.0,0.0,345.07,2.76,330.0,999.79,
2009,9,7,1,24.83,38.06,0.0,0.0,0.0,346.15,2.54,334.0,999.76,
2009,9,7,2,24.61,39.34,0.0,0.0,0.0,348.53,2.43,334.0,999.96,
2009,9,7,3,24.39,40.61,0.0,0.0,0.0,350.92,2.32,335.0,1000.16,
2009,9,7,4,24.16,41.89,0.0,0.0,0.0,353.3,2.21,335.0,1000.36,
2009,9,7,5,25.79,38.44,0.0,0.0,0.0,356.1,2.01,336.0,1000.79,
2009,9,7,6,27.41,34.98,76.0,311.41,39.0,358.9,1.81,337.0,1001.22,
2009,9,7,7,29.03,31.53,298.0,560.25,104.0,361.7,1.61,338.0,1001.65,
2009,9,7,8,31.12,27.85,540.0,755.63,122.0,368.3,2.16,331.0,1001.65,
2009,9,7,9,33.22,24.17,744.0,829.85,142.0,374.9,2.71,324.0,1001.65,
2009,9,7,10,35.31,20.49,903.0,897.46,139.0,381.5,3.26,317.0,1001.65,
2009,9,7,11,36.05,19.35,993.0,923.9,141.0,380.8,3.57,315.0,1001.05,
2009,9,7,12,36.78,18.2,1008.0,929.0,141.0,380.1,3.88,313.0,1000.45,
2009,9,7,13,37.52,17.06,951.0,927.82,131.0,379.4,4.19,311.0,999.86,
2009,9,7,14,37.07,17.56,819.0,887.88,129.0,375.63,4.4,314.0,999.93,
2009,9,7,15,36.62,18.05,632.0,828.29,118.0,371.87,4.62,316.0,999.99,
2009,9,7,16,36.17,18.55,399.0,692.2,105.0,368.1,4.83,318.0,1000.06,
2009,9,7,17,34.63,21.6,160.0,458.11,67.0,365.62,4.6,320.0,1000.59,
2009,9,7,18,33.08,24.64,0.0,0.0,0.0,363.13,4.38,322.0,1001.12,
2009,9,7,19,31.54,27.69,0.0,0.0,0.0,360.65,4.15,324.0,1001.65,
2009,9,7,20,30.7,30.13,0.0,0.0,0.0,361.38,4.03,329.0,1002.01,
2009,9,7,21,29.86,32.57,0.0,0.0,0.0,362.12,3.91,334.0,1002.37,
2009,9,7,22,29.03,35.01,0.0,0.0,0.0,362.85,3.79,339.0,1002.74,
2009,9,7,23,28.33,37.13,0.0,0.0,0.0,364.17,3.5,344.0,1002.8,
2009,9,8,0,27.64,39.25,0.0,0.0,0.0,365.48,3.21,349.0,1002.87,
2009,9,8,1,26.94,41.37,0.0,0.0,0.0,366.8,2.92,353.0,1002.94,
2009,9,8,2,26.59,41.35,0.0,0.0,0.0,366.63,2.8,356.0,1003.0,
2009,9,8,3,26.23,41.32,0.0,0.0,0.0,366.47,2.68,359.0,1003.07,
2009,9,8,4,25.87,41.3,0.0,0.0,0.0,366.3,2.55,1.0,1003.13,
2009,9,8,5,27.46,38.22,0.0,0.0,0.0,369.33,2.46,2.0,1003.53,
2009,9,8,6,29.05,35.15,71.0,255.58,41.0,372.37,2.36,3.0,1003.93,
2009,9,8,7,30.64,32.07,289.0,513.18,112.0,375.4,2.26,4.0,1004.32,
2009,9,8,8,32.76,28.2,534.0,728.55,132.0,382.65,2.87,357.0,1004.16,
2009,9,8,9,34.89,24.32,731.0,787.41,161.0,389.9,3.49,350.0,1003.99,
2009,9,8,10,37.01,20.45,897.0,881.68,148.0,397.15,4.1,344.0,1003.83,
2009,9,8,11,37.58,19.24,986.0,908.6,150.0,397.43,4.45,339.0,1003.2,
2009,9,8,12,38.14,18.03,1000.0,913.18,150.0,397.72,4.8,335.0,1002.57,
2009,9,8,13,38.71,16.82,944.0,911.52,141.0,398.0,5.14,331.0,1001.94,
2009,9,8,14,37.97,16.53,812.0,872.22,137.0,392.03,5.08,330.0,1001.81,
2009,9,8,15,37.22,16.23,625.0,813.7,123.0,386.07,5.02,330.0,1001.68,
2009,9,8,16,36.48,15.94,394.6,659.36,117.15,380.1,4.95,330.0,1001.55,
2009,9,8,17,34.87,17.83,155.0,452.69,65.0,375.57,4.76,330.0,1001.94,
2009,9,8,18,33.26,19.71,0.0,0.0,0.0,371.03,4.57,330.0,1002.34,
2009,9,8,19,31.66,21.6,0.0,0.0,0.0,366.5,4.39,329.0,1002.74,
2009,9,8,20,30.77,22.86,0.0,0.0,0.0,364.65,4.42,333.0,1002.9,
2009,9,8,21,29.88,24.13,0.0,0.0,0.0,362.8,4.46,336.0,1003.07,
2009,9,8,22,28.99,25.39,0.0,0.0,0.0,360.95,4.5,339.0,1003.23,
2009,9,8,23,28.37,27.11,0.0,0.0,0.0,359.77,4.36,344.0,1003.17,
2009,9,9,0,27.75,28.84,0.0,0.0,0.0,358.58,4.22,349.0,1003.1,
2009,9,9,1,27.12,30.56,0.0,0.0,0.0,357.4,4.08,353.0,1003.03,
2009,9,9,2,26.77,33.47,0.0,0.0,0.0,356.93,3.91,354.0,1003.13,
2009,9,9,3,26.41,36.37,0.0,0.0,0.0,356.47,3.74,356.0,1003.23,
2009,9,9,4,26.05,39.28,0.0,0.0,0.0,356.0,3.57,357.0,1003.33,
2009,9,9,5,27.04,39.48,0.0,0.0,0.0,356.35,3.67,356.0,1003.53,
2009,9,9,6,28.03,39.67,72.0,284.63,39.0,356.7,3.77,356.0,1003.73,
2009,9,9,7,29.02,39.87,294.0,550.17,105.0,357.05,3.88,355.0,1003.93,
2009,9,9,8,30.75,34.61,532.0,728.63,131.0,363.3,4.32,349.0,1003.56,
2009,9,9,9,32.47,29.35,734.0,801.59,155.0,369.55,4.76,344.0,1003.2,
2009,9,9,10,34.2,24.09,891.0,867.05,156.0,375.8,5.2,338.0,1002.84,
2009,9,9,11,34.89,21.76,984.0,907.45,151.0,375.53,5.54,335.0,1002.04,
2009,9,9,12,35.59,19.44,998.0,912.41,151.0,375.27,5.89,331.0,1001.25,
2009,9,9,13,36.28,17.11,936.0,896.3,149.0,375.0,6.23,328.0,1000.45,
2009,9,9,14,35.56,17.28,804.0,856.48,144.0,369.97,6.32,328.0,1000.06,
2009,9,9,15,34.83,17.44,618.0,798.99,128.0,364.93,6.4,327.0,999.66,
2009,9,9,16,34.11,17.61,385.0,652.58,113.0,359.9,6.48,326.0,999.26,
2009,9,9,17,32.66,19.54,148.0,416.28,67.0,356.77,6.1,326.0,999.63,
2009,9,9,18,31.21,21.46,0.0,0.0,0.0,353.63,5.71,326.0,999.99,
2009,9,9,19,29.77,23.39,0.0,0.0,0.0,350.5,5.32,326.0,1000.36,
2009,9,9,20,28.87,24.94,0.0,0.0,0.0,349.28,5.08,328.0,1000.42,
2009,9,9,21,27.98,26.49,0.0,0.0,0.0,348.07,4.83,330.0,1000.49,
2009,9,9,22,27.09,28.04,0.0,0.0,0.0,346.85,4.58,332.0,1000.55,
2009,9,9,23,26.44,30.03,0.0,0.0,0.0,345.22,4.29,333.0,1000.45,
2009,9,10,0,25.8,32.01,0.0,0.0,0.0,343.58,3.99,334.0,1000.36,
2009,9,10,1,25.15,34.0,0.0,0.0,0.0,341.95,3.7,335.0,1000.26,
2009,9,10,2,24.76,35.71,0.0,0.0,0.0,341.53,3.51,336.0,1000.16,
2009,9,10,3,24.36,37.41,0.0,0.0,0.0,341.12,3.33,337.0,1000.06,
2009,9,10,4,23.96,39.12,0.0,0.0,0.0,340.7,3.14,338.0,999.96,
2009,9,10,5,25.07,38.26,0.0,0.0,0.0,342.83,3.15,338.0,1000.12,
2009,9,10,6,26.18,37.41,72.0,296.95,38.0,344.97,3.16,337.0,1000.29,
2009,9,10,7,27.28,36.55,294.0,558.27,103.0,347.1,3.17,337.0,1000.45,
2009,9,10,8,29.33,31.22,531.0,728.74,131.0,353.82,3.53,334.0,1000.12,
2009,9,10,9,31.38,25.88,736.0,815.88,148.0,360.53,3.88,331.0,999.79,
2009,9,10,10,33.43,20.55,889.0,866.6,156.0,367.25,4.23,328.0,999.46,
2009,9,10,11,34.69,18.25,977.0,892.14,160.0,368.82,4.55,326.0,998.77,
2009,9,10,12,35.96,15.95,995.0,911.68,151.0,370.38,4.87,323.0,998.07,
2009,9,10,13,37.22,13.65,933.0,895.9,149.0,371.95,5.19,321.0,997.38,
2009,9,10,14,36.88,14.33,801.0,855.0,145.0,370.3,5.18,321.0,997.21,
2009,9,10,15,36.55,15.0,614.0,797.29,128.0,368.65,5.18,320.0,997.05,
2009,9,10,16,36.21,15.68,385.0,673.48,107.0,367.0,5.17,319.0,996.88,
2009,9,10,17,34.37,18.2,146.0,425.6,65.0,364.4,4.67,319.0,997.31,
2009,9,10,18,32.53,20.73,0.0,0.0,0.0,361.8,4.16,319.0,997.74,
2009,9,10,19,30.7,23.25,0.0,0.0,0.0,359.2,3.66,320.0,998.17,
2009,9,10,20,29.74,25.96,0.0,0.0,0.0,358.87,3.24,326.0,998.34,
2009,9,10,21,28.79,28.66,0.0,0.0,0.0,358.53,2.83,332.0,998.5,
2009,9,10,22,27.84,31.37,0.0,0.0,0.0,358.2,2.41,339.0,998.67,
2009,9,10,23,27.24,30.74,0.0,0.0,0.0,360.32,1.97,358.0,998.54,
2009,9,11,0,26.65,30.1,0.0,0.0,0.0,362.43,1.53,17.0,998.4,
2009,9,11,1,26.05,29.47,0.0,0.0,0.0,364.55,1.09,36.0,998.27,
2009,9,11,2,25.84,30.72,0.0,0.0,0.0,366.12,0.75,340.0,998.44,
2009,9,11,3,25.63,31.97,0.0,0.0,0.0,367.68,0.42,284.0,998.6,
2009,9,11,4,25.42,33.22,0.0,0.0,0.0,369.25,0.08,227.0,998.77,
2009,9,11,5,27.1,31.36,0.0,0.0,0.0,373.08,0.44,238.0,999.23,
2009,9,11,6,28.77,29.51,62.0,185.76,41.0,376.92,0.8,248.0,999.69,
2009,9,11,7,30.44,27.65,255.0,343.4,138.0,380.75,1.16,259.0,1000.16,
2009,9,11,8,32.54,24.13,464.0,460.35,212.0,385.92,2.18,267.0,1000.26,
2009,9,11,9,34.63,20.61,689.0,656.43,217.0,391.08,3.21,276.0,1000.36,
2009,9,11,10,36.73,17.09,847.0,737.03,225.0,396.25,4.23,284.0,1000.45,
2009,9,11,11,37.37,16.89,935.0,773.91,228.0,396.02,4.45,284.0,999.99,
2009,9,11,12,38.01,16.69,948.0,776.68,231.0,395.78,4.67,285.0,999.53,
2009,9,11,13,38.65,16.49,873.0,721.25,244.0,395.55,4.88,286.0,999.07,
2009,9,11,14,37.71,17.38,740.0,662.43,234.0,390.62,4.97,290.0,999.4,
2009,9,11,15,36.76,18.28,545.0,539.77,218.0,385.68,5.06,295.0,999.73,
2009,9,11,16,35.82,19.17,324.0,384.12,167.0,380.75,5.14,299.0,1000.06,
2009,9,11,17,34.23,21.18,120.0,236.52,76.0,377.65,4.94,306.0,1000.72,
2009,9,11,18,32.63,23.19,0.0,0.0,0.0,374.55,4.73,313.0,1001.38,
2009,9,11,19,31.04,25.2,0.0,0.0,0.0,371.45,4.52,319.0,1002.04,
2009,9,11,20,29.94,26.42,0.0,0.0,0.0,369.53,4.28,322.0,1002.41,
2009,9,11,21,28.84,27.63,0.0,0.0,0.0,367.62,4.04,325.0,1002.77,
2009,9,11,22,27.75,28.85,0.0,0.0,0.0,365.7,3.79,328.0,1003.13,
2009,9,11,23,27.06,30.16,0.0,0.0,0.0,363.52,3.65,330.0,1003.13,
2009,9,12,0,26.37,31.47,0.0,0.0,0.0,361.33,3.5,331.0,1003.13,
2009,9,12,1,25.68,32.78,0.0,0.0,0.0,359.15,3.35,332.0,1003.13,
2009,9,12,2,25.36,33.99,0.0,0.0,0.0,357.53,3.25,331.0,1003.4,
2009,9,12,3,25.03,35.2,0.0,0.0,0.0,355.92,3.15,331.0,1003.66,
2009,9,12,4,24.7,36.41,0.0,0.0,0.0,354.3,3.05,330.0,1003.93,
2009,9,12,5,25.86,34.73,0.0,0.0,0.0,354.97,3.03,332.0,1004.36,
2009,9,12,6,27.02,33.06,40.0,35.85,36.0,355.63,3.02,335.0,1004.79,
2009,9,12,7,28.17,31.38,206.0,156.21,153.0,356.3,3.01,337.0,1005.22,
2009,9,12,8,30.08,28.04,411.0,298.59,248.0,362.72,3.37,334.0,1004.99,
2009,9,12,9,31.98,24.71,627.0,473.96,287.0,369.13,3.74,331.0,1004.75,
2009,9,12,10,33.89,21.37,813.0,644.91,270.0,375.55,4.11,328.0,1004.52,
2009,9,12,11,34.67,19.84,928.0,759.38,236.0,375.98,4.31,324.0,1003.86,
2009,9,12,12,35.45,18.32,960.0,820.21,205.0,376.42,4.51,319.0,1003.2,
2009,9,12,13,36.23,16.79,913.0,849.21,175.0,376.85,4.72,315.0,1002.54,
2009,9,12,14,35.49,17.45,781.0,810.08,165.0,371.3,4.82,317.0,1002.41,
2009,9,12,15,34.74,18.12,602.0,780.71,132.0,365.75,4.92,319.0,1002.27,
2009,9,12,16,34.0,18.78,372.0,645.03,111.0,360.2,5.02,321.0,1002.14,
2009,9,12,17,32.58,22.3,136.0,396.21,64.0,357.57,4.9,323.0,1002.7,
2009,9,12,18,31.16,25.82,0.0,0.0,0.0,354.93,4.78,325.0,1003.27,
2009,9,12,19,29.75,29.34,0.0,0.0,0.0,352.3,4.66,327.0,1003.83,
2009,9,12,20,28.94,31.64,0.0,0.0,0.0,352.6,4.51,330.0,1004.19,
2009,9,12,21,28.14,33.94,0.0,0.0,0.0,352.9,4.35,334.0,1004.56,
2009,9,12,22,27.34,36.24,0.0,0.0,0.0,353.2,4.19,337.0,1004.92,
2009,9,12,23,26.83,37.83,0.0,0.0,0.0,352.9,4.07,341.0,1004.82,
2009,9,13,0,26.32,39.43,0.0,0.0,0.0,352.6,3.94,344.0,1004.72,
2009,9,13,1,25.8,41.02,0.0,0.0,0.0,352.3,3.82,348.0,1004.62,
2009,9,13,2,25.34,42.03,0.0,0.0,0.0,350.45,3.7,349.0,1004.79,
2009,9,13,3,24.88,43.04,0.0,0.0,0.0,348.6,3.57,349.0,1004.95,
2009,9,13,4,24.41,44.05,0.0,0.0,0.0,346.75,3.45,350.0,1005.12,
2009,9,13,5,25.49,42.64,0.0,0.0,0.0,348.68,3.57,351.0,1005.55,
2009,9,13,6,26.56,41.22,65.0,236.11,39.0,350.62,3.7,353.0,1005.98,
2009,9,13,7,27.63,39.81,286.0,526.9,108.0,352.55,3.82,354.0,1006.41,
2009,9,13,8,29.71,35.32,526.0,727.47,130.0,360.18,4.09,353.0,1006.04,
2009,9,13,9,31.78,30.83,724.0,786.72,161.0,367.82,4.36,352.0,1005.68,
2009,9,13,10,33.86,26.34,879.0,851.21,164.0,375.45,4.63,350.0,1005.32,
2009,9,13,11,34.87,23.6,970.0,891.16,160.0,377.48,4.72,348.0,1004.46,
2009,9,13,12,35.87,20.87,977.0,880.38,169.0,379.52,4.81,346.0,1003.6,
2009,9,13,13,36.88,18.13,914.0,863.8,166.0,381.55,4.9,344.0,1002.74,
2009,9,13,14,36.3,17.8,778.0,809.85,165.0,375.57,4.86,345.0,1002.47,
2009,9,13,15,35.72,17.48,592.0,752.28,142.0,369.58,4.81,346.0,1002.21,
2009,9,13,16,35.14,17.15,366.0,631.7,113.0,363.6,4.77,347.0,1001.94,
2009,9,13,17,33.62,19.44,132.0,388.98,63.0,360.15,4.74,347.0,1002.41,
2009,9,13,18,32.1,21.73,0.0,0.0,0.0,356.7,4.7,347.0,1002.87,
2009,9,13,19,30.59,24.02,0.0,0.0,0.0,353.25,4.66,347.0,1003.33,
2009,9,13,20,29.82,26.11,0.0,0.0,0.0,352.38,4.81,352.0,1003.56,
2009,9,13,21,29.05,28.21,0.0,0.0,0.0,351.52,4.96,357.0,1003.8,
2009,9,13,22,28.28,30.3,0.0,0.0,0.0,350.65,5.1,2.0,1004.03,
2009,9,13,23,27.55,33.28,0.0,0.0,0.0,350.45,4.76,2.0,1003.86,
2009,9,14,0,26.82,36.27,0.0,0.0,0.0,350.25,4.41,1.0,1003.7,
2009,9,14,1,26.09,39.25,0.0,0.0,0.0,350.05,4.07,1.0,1003.53,
2009,9,14,2,25.4,41.06,0.0,0.0,0.0,348.13,3.85,360.0,1003.53,
2009,9,14,3,24.71,42.86,0.0,0.0,0.0,346.22,3.63,358.0,1003.53,
2009,9,14,4,24.01,44.67,0.0,0.0,0.0,344.3,3.41,357.0,1003.53,
2009,9,14,5,24.99,43.84,0.0,0.0,0.0,345.55,3.4,358.0,1003.76,
2009,9,14,6,25.96,43.0,68.0,303.75,35.0,346.8,3.4,359.0,1003.99,
2009,9,14,7,26.93,42.17,294.0,594.62,94.0,348.05,3.39,359.0,1004.23,
2009,9,14,8,29.34,36.66,525.0,725.89,131.0,356.0,3.38,0.0,1003.8,
2009,9,14,9,31.76,31.14,726.0,799.88,155.0,363.95,3.37,2.0,1003.37,
2009,9,14,10,34.17,25.63,864.0,806.74,188.0,371.9,3.35,3.0,1002.94,
2009,9,14,11,35.79,22.54,963.0,875.85,169.0,375.43,3.49,2.0,1001.98,
2009,9,14,12,37.41,19.46,974.0,879.75,169.0,378.97,3.62,2.0,1001.02,
2009,9,14,13,39.03,16.37,911.0,862.32,167.0,382.5,3.75,1.0,1000.06,
2009,9,14,14,38.59,15.94,754.0,739.32,197.0,377.32,3.69,0.0,999.93,
2009,9,14,15,38.15,15.52,588.0,750.46,142.0,372.13,3.62,359.0,999.79,
2009,9,14,16,37.71,15.09,365.0,650.94,107.0,366.95,3.56,358.0,999.66,
2009,9,14,17,35.99,17.05,126.0,369.88,62.0,362.55,3.78,359.0,999.96,
2009,9,14,18,34.26,19.02,0.0,0.0,0.0,358.15,4.01,1.0,1000.26,
2009,9,14,19,32.54,20.98,0.0,0.0,0.0,353.75,4.23,2.0,1000.55,
2009,9,14,20,31.79,21.77,0.0,0.0,0.0,352.35,4.66,5.0,1000.72,
2009,9,14,21,31.05,22.57,0.0,0.0,0.0,350.95,5.08,9.0,1000.88,
2009,9,14,22,30.31,23.36,0.0,0.0,0.0,349.55,5.5,13.0,1001.05,
2009,9,14,23,29.59,25.77,0.0,0.0,0.0,350.18,5.24,12.0,1001.12,
2009,9,15,0,28.87,28.18,0.0,0.0,0.0,350.82,4.97,11.0,1001.18,
2009,9,15,1,28.14,30.59,0.0,0.0,0.0,351.45,4.7,11.0,1001.25,
2009,9,15,2,27.67,32.88,0.0,0.0,0.0,351.05,4.5,10.0,1001.41,
2009,9,15,3,27.2,35.17,0.0,0.0,0.0,350.65,4.3,8.0,1001.58,
2009,9,15,4,26.72,37.46,0.0,0.0,0.0,350.25,4.1,7.0,1001.74,
2009,9,15,5,27.98,35.77,0.0,0.0,0.0,351.45,4.06,7.0,1002.08,
2009,9,15,6,29.24,34.09,64.0,261.3,36.0,352.65,4.02,7.0,1002.41,
2009,9,15,7,30.49,32.4,274.0,471.85,116.0,353.85,3.99,7.0,1002.74,
2009,9,15,8,32.82,27.89,513.0,676.31,147.0,362.02,4.44,5.0,1002.31,
2009,9,15,9,35.14,23.39,713.0,758.37,173.0,370.18,4.9,3.0,1001.88,
2009,9,15,10,37.47,18.88,867.0,820.72,181.0,378.35,5.35,1.0,1001.45,
2009,9,15,11,38.31,17.05,951.0,845.02,187.0,381.9,5.55,356.0,1000.69,
2009,9,15,12,39.16,15.22,972.0,879.18,170.0,385.45,5.75,351.0,999.93,
2009,9,15,13,40.0,13.39,907.0,862.04,166.0,389.0,5.94,346.0,999.16,
2009,9,15,14,38.85,13.8,762.0,778.86,178.0,385.25,6.06,342.0,999.07,
2009,9,15,15,37.71,14.22,584.0,748.66,142.0,381.5,6.18,337.0,998.97,
2009,9,15,16,36.56,14.63,354.0,604.33,117.0,377.75,6.3,333.0,998.87,
2009,9,15,17,34.86,16.28,121.0,349.82,62.0,372.88,6.24,332.0,999.5,
2009,9,15,18,33.16,17.93,0.0,0.0,0.0,368.02,6.18,332.0,1000.12,
2009,9,15,19,31.47,19.58,0.0,0.0,0.0,363.15,6.12,331.0,1000.75,
2009,9,15,20,30.47,21.86,0.0,0.0,0.0,359.82,5.82,333.0,1001.08,
2009,9,15,21,29.47,24.14,0.0,0.0,0.0,356.48,5.51,336.0,1001.41,
2009,9,15,22,28.47,26.42,0.0,0.0,0.0,353.15,5.2,338.0,1001.74,
2009,9,15,23,27.71,29.35,0.0,0.0,0.0,350.55,4.89,338.0,1001.71,
2009,9,16,0,26.96,32.27,0.0,0.0,0.0,347.95,4.57,338.0,1001.68,
2009,9,16,1,26.2,35.2,0.0,0.0,0.0,345.35,4.26,337.0,1001.65,
2009,9,16,2,25.58,38.81,0.0,0.0,0.0,343.63,4.08,336.0,1001.81,
2009,9,16,3,24.96,42.43,0.0,0.0,0.0,341.92,3.9,335.0,1001.98,
2009,9,16,4,24.34,46.04,0.0,0.0,0.0,340.2,3.72,334.0,1002.14,
2009,9,16,5,25.01,46.5,0.0,0.0,0.0,341.17,3.92,334.0,1002.54,
2009,9,16,6,25.68,46.97,59.0,208.22,37.0,342.13,4.12,334.0,1002.94,
2009,9,16,7,26.35,47.43,274.0,480.0,114.0,343.1,4.32,334.0,1003.33,
2009,9,16,8,28.17,41.09,511.0,676.5,146.0,349.7,4.66,334.0,1003.07,
2009,9,16,9,29.98,34.74,711.0,758.93,172.0,356.3,5.0,334.0,1002.8,
2009,9,16,10,31.8,28.4,873.0,850.41,164.0,362.9,5.34,333.0,1002.54,
2009,9,16,11,32.89,25.54,958.0,875.07,169.0,365.58,5.48,332.0,1001.74,
2009,9,16,12,33.97,22.67,969.0,878.64,170.0,368.27,5.61,330.0,1000.95,
2009,9,16,13,35.06,19.81,904.0,861.81,166.0,370.95,5.75,329.0,1000.16,
2009,9,16,14,34.27,20.25,762.0,792.02,171.0,367.68,5.79,330.0,1000.12,
2009,9,16,15,33.49,20.68,577.0,734.94,146.0,364.42,5.83,330.0,1000.09,
2009,9,16,16,32.7,21.12,351.0,610.89,114.0,361.15,5.86,331.0,1000.06,
2009,9,16,17,31.39,23.84,117.0,346.99,60.0,358.65,5.55,332.0,1000.62,
2009,9,16,18,30.08,26.57,0.0,0.0,0.0,356.15,5.24,332.0,1001.18,
2009,9,16,19,28.77,29.29,0.0,0.0,0.0,353.65,4.92,332.0,1001.74,
2009,9,16,20,28.05,31.48,0.0,0.0,0.0,353.02,4.67,336.0,1002.11,
2009,9,16,21,27.33,33.66,0.0,0.0,0.0,352.38,4.42,339.0,1002.47,
2009,9,16,22,26.61,35.85,0.0,0.0,0.0,351.75,4.17,342.0,1002.84,
2009,9,16,23,26.01,38.27,0.0,0.0,0.0,351.02,3.79,343.0,1002.77,
2009,9,17,0,25.41,40.68,0.0,0.0,0.0,350.28,3.42,345.0,1002.7,
2009,9,17,1,24.8,43.1,0.0,0.0,0.0,349.55,3.05,346.0,1002.64,
2009,9,17,2,24.28,44.94,0.0,0.0,0.0,348.28,2.9,344.0,1002.74,
2009,9,17,3,23.76,46.78,0.0,0.0,0.0,347.02,2.75,342.0,1002.84,
2009,9,17,4,23.23,48.62,0.0,0.0,0.0,345.75,2.61,341.0,1002.94,
2009,9,17,5,24.43,46.22,0.0,0.0,0.0,346.9,2.61,339.0,1003.4,
2009,9,17,6,25.63,43.81,59.0,211.25,37.0,348.05,2.61,337.0,1003.86,
2009,9,17,7,26.82,41.41,277.0,506.34,109.0,349.2,2.61,335.0,1004.32,
2009,9,17,8,29.19,35.6,502.0,639.56,158.0,356.0,3.03,336.0,1004.06,
2009,9,17,9,31.55,29.79,713.0,772.25,166.0,362.8,3.46,336.0,1003.8,
2009,9,17,10,33.92,23.98,867.0,835.81,172.0,369.6,3.89,337.0,1003.53,
2009,9,17,11,35.42,21.04,951.0,859.74,178.0,371.57,4.26,337.0,1002.6,
2009,9,17,12,36.91,18.09,961.0,862.71,179.0,373.53,4.63,338.0,1001.68,
2009,9,17,13,38.41,15.15,896.0,846.38,174.0,375.5,5.01,338.0,1000.75,
2009,9,17,14,38.06,15.46,754.0,777.07,177.0,373.6,4.88,335.0,1000.39,
2009,9,17,15,37.71,15.77,572.0,733.1,145.0,371.7,4.75,332.0,1000.02,
2009,9,17,16,37.36,16.08,345.0,599.39,115.0,369.8,4.62,329.0,999.66,
2009,9,17,17,35.35,18.57,110.0,312.75,60.0,367.05,4.39,324.0,1000.06,
2009,9,17,18,33.34,21.07,0.0,0.0,0.0,364.3,4.16,318.0,1000.45,
2009,9,17,19,31.34,23.56,0.0,0.0,0.0,361.55,3.93,313.0,1000.85,
2009,9,17,20,30.3,25.83,0.0,0.0,0.0,361.87,3.46,310.0,1001.02,
2009,9,17,21,29.27,28.1,0.0,0.0,0.0,362.18,2.98,306.0,1001.18,
2009,9,17,22,28.24,30.37,0.0,0.0,0.0,362.5,2.51,303.0,1001.35,
2009,9,17,23,28.04,31.13,0.0,0.0,0.0,363.78,2.7,299.0,1001.08,
2009,9,18,0,27.85,31.89,0.0,0.0,0.0,365.07,2.89,295.0,1000.82,
2009,9,18,1,27.65,32.65,0.0,0.0,0.0,366.35,3.08,291.0,1000.55,
2009,9,18,2,27.05,33.56,0.0,0.0,0.0,364.9,3.33,301.0,1000.98,
2009,9,18,3,26.45,34.47,0.0,0.0,0.0,363.45,3.59,310.0,1001.41,
2009,9,18,4,25.85,35.38,0.0,0.0,0.0,362.0,3.85,320.0,1001.84,
2009,9,18,5,26.44,36.41,0.0,0.0,0.0,360.8,4.03,319.0,1002.47,
2009,9,18,6,27.02,37.43,43.0,68.21,36.0,359.6,4.21,317.0,1003.1,
2009,9,18,7,27.6,38.46,225.0,245.28,144.0,358.4,4.39,315.0,1003.73,
2009,9,18,8,29.39,33.23,479.0,550.2,184.0,361.63,5.05,314.0,1003.6,
2009,9,18,9,31.18,27.99,685.0,679.51,205.0,364.87,5.72,313.0,1003.46,
2009,9,18,10,32.97,22.76,847.0,777.76,202.0,368.1,6.39,311.0,1003.33,
2009,9,18,11,33.8,20.69,943.0,844.37,186.0,367.55,6.66,311.0,1002.67,
2009,9,18,12,34.64,18.63,958.0,862.22,179.0,367.0,6.94,310.0,1002.01,
2009,9,18,13,35.47,16.56,888.0,830.88,182.0,366.45,7.21,310.0,1001.35,
2009,9,18,14,34.72,17.09,739.0,734.94,196.0,362.48,6.95,312.0,1001.28,
2009,9,18,15,33.96,17.62,559.0,693.23,158.0,358.52,6.69,313.0,1001.22,
2009,9,18,16,33.21,18.15,339.0,585.02,117.0,354.55,6.43,315.0,1001.15,
2009,9,18,17,31.64,20.8,109.0,334.49,57.0,350.65,5.77,318.0,1001.78,
2009,9,18,18,30.07,23.46,0.0,0.0,0.0,346.75,5.11,321.0,1002.41,
2009,9,18,19,28.5,26.11,0.0,0.0,0.0,342.85,4.46,324.0,1003.03,
2009,9,18,20,27.48,28.76,0.0,0.0,0.0,340.82,4.07,326.0,1003.13,
2009,9,18,21,26.46,31.41,0.0,0.0,0.0,338.78,3.69,329.0,1003.23,
2009,9,18,22,25.45,34.06,0.0,0.0,0.0,336.75,3.31,332.0,1003.33,
2009,9,18,23,24.75,36.75,0.0,0.0,0.0,335.72,3.06,334.0,1003.27,
2009,9,19,0,24.05,39.44,0.0,0.0,0.0,334.68,2.8,335.0,1003.2,
2009,9,19,1,23.34,42.13,0.0,0.0,0.0,333.65,2.55,337.0,1003.13,
2009,9,19,2,23.09,43.09,0.0,0.0,0.0,334.53,2.47,340.0,1003.3,
2009,9,19,3,22.84,44.04,0.0,0.0,0.0,335.42,2.39,343.0,1003.46,
2009,9,19,4,22.58,45.0,0.0,0.0,0.0,336.3,2.3,347.0,1003.63,
2009,9,19,5,23.86,42.32,0.0,0.0,0.0,338.88,2.11,349.0,1003.99,
2009,9,19,6,25.14,39.65,58.0,237.45,34.0,341.47,1.93,351.0,1004.36,
2009,9,19,7,26.42,36.97,281.0,550.76,100.0,344.05,1.74,353.0,1004.72,
2009,9,19,8,28.36,32.76,517.0,724.14,130.0,349.63,2.1,346.0,1004.42,
2009,9,19,9,30.31,28.55,716.0,799.24,153.0,355.22,2.46,339.0,1004.13,
2009,9,19,10,32.25,24.34,867.0,850.03,164.0,360.8,2.81,332.0,1003.83,
2009,9,19,11,33.09,22.12,950.0,874.82,168.0,359.35,3.28,328.0,1003.07,
2009,9,19,12,33.93,19.89,959.0,877.31,169.0,357.9,3.74,324.0,1002.31,
2009,9,19,13,34.77,17.67,880.0,815.3,190.0,356.45,4.21,320.0,1001.55,
2009,9,19,14,34.25,17.58,727.0,708.75,206.0,352.7,4.25,322.0,1001.28,
2009,9,19,15,33.74,17.48,564.0,729.44,145.0,348.95,4.29,324.0,1001.02,
2009,9,19,16,33.22,17.39,336.0,591.68,114.0,345.2,4.33,325.0,1000.75,
2009,9,19,17,31.58,19.64,105.0,331.03,55.0,342.38,4.16,325.0,1001.31,
2009,9,19,18,29.93,21.9,0.0,0.0,0.0,339.57,3.99,325.0,1001.88,
2009,9,19,19,28.29,24.15,0.0,0.0,0.0,336.75,3.82,326.0,1002.44,
2009,9,19,20,27.35,25.88,0.0,0.0,0.0,336.4,3.66,330.0,1002.77,
2009,9,19,21,26.41,27.62,0.0,0.0,0.0,336.05,3.49,334.0,1003.1,
2009,9,19,22,25.47,29.35,0.0,0.0,0.0,335.7,3.32,339.0,1003.43,
2009,9,19,23,24.79,31.41,0.0,0.0,0.0,336.38,3.08,344.0,1003.33,
2009,9,20,0,24.11,33.47,0.0,0.0,0.0,337.07,2.84,349.0,1003.23,
2009,9,20,1,23.43,35.53,0.0,0.0,0.0,337.75,2.59,354.0,1003.13,
2009,9,20,2,23.14,36.52,0.0,0.0,0.0,339.95,2.44,359.0,1003.33,
2009,9,20,3,22.84,37.5,0.0,0.0,0.0,342.15,2.29,5.0,1003.53,
2009,9,20,4,22.54,38.49,0.0,0.0,0.0,344.35,2.14,10.0,1003.73,
2009,9,20,5,24.11,35.47,0.0,0.0,0.0,348.0,2.01,13.0,1004.23,
2009,9,20,6,25.67,32.45,53.0,180.87,35.0,351.65,1.89,16.0,1004.72,
2009,9,20,7,27.23,29.43,274.0,510.67,107.0,355.3,1.77,19.0,1005.22,
2009,9,20,8,29.68,25.69,513.0,711.53,134.0,361.47,1.93,20.0,1005.05,
2009,9,20,9,32.12,21.95,707.0,771.64,165.0,367.63,2.09,22.0,1004.89,
2009,9,20,10,34.57,18.21,860.0,834.24,172.0,373.8,2.25,24.0,1004.72,
2009,9,20,11,35.61,16.86,943.0,858.37,178.0,374.52,2.29,17.0,1003.93,
2009,9,20,12,36.65,15.52,951.0,861.35,178.0,375.23,2.33,9.0,1003.13,
2009,9,20,13,37.69,14.17,885.0,843.53,174.0,375.95,2.37,2.0,1002.34,
2009,9,20,14,37.52,14.23,738.0,760.26,182.0,372.73,2.05,357.0,1001.88,
2009,9,20,15,37.36,14.28,553.0,703.08,152.0,369.52,1.73,352.0,1001.41,
2009,9,20,16,37.19,14.34,333.0,601.22,110.0,366.3,1.41,348.0,1000.95,
2009,9,20,17,34.98,17.85,98.0,286.45,56.0,362.15,1.85,350.0,1001.28,
2009,9,20,18,32.77,21.37,0.0,0.0,0.0,358.0,2.3,351.0,1001.61,
2009,9,20,19,30.57,24.88,0.0,0.0,0.0,353.85,2.74,353.0,1001.94,
2009,9,20,20,29.65,26.8,0.0,0.0,0.0,353.05,2.7,360.0,1002.24,
2009,9,20,21,28.73,28.72,0.0,0.0,0.0,352.25,2.65,7.0,1002.54,
2009,9,20,22,27.81,30.64,0.0,0.0,0.0,351.45,2.61,14.0,1002.84,
2009,9,20,23,27.06,32.45,0.0,0.0,0.0,352.62,2.51,18.0,1002.87,
2009,9,21,0,26.31,34.27,0.0,0.0,0.0,353.78,2.4,22.0,1002.9,
2009,9,21,1,25.56,36.08,0.0,0.0,0.0,354.95,2.3,27.0,1002.94,
2009,9,21,2,25.13,37.03,0.0,0.0,0.0,356.25,2.19,30.0,1003.1,
2009,9,21,3,24.69,37.99,0.0,0.0,0.0,357.55,2.07,33.0,1003.27,
2009,9,21,4,24.25,38.94,0.0,0.0,0.0,358.85,1.96,36.0,1003.43,
2009,9,21,5,25.86,35.12,0.0,0.0,0.0,362.0,1.85,35.0,1003.86,
2009,9,21,6,27.47,31.29,48.0,132.73,35.0,365.15,1.75,35.0,1004.29,
2009,9,21,7,29.08,27.47,259.0,430.27,119.0,368.3,1.64,34.0,1004.72,
2009,9,21,8,31.94,23.31,500.0,661.21,149.0,375.27,1.66,36.0,1004.59,
2009,9,21,9,34.79,19.14,698.0,743.92,177.0,382.23,1.67,39.0,1004.46,
2009,9,21,10,37.65,14.98,853.0,819.61,179.0,389.2,1.68,41.0,1004.32,
2009,9,21,11,38.41,14.23,930.0,828.36,194.0,389.2,1.86,21.0,1003.53,
2009,9,21,12,39.18,13.49,938.0,831.91,194.0,389.2,2.03,0.0,1002.74,
2009,9,21,13,39.94,12.74,872.0,813.66,189.0,389.2,2.21,340.0,1001.94,
2009,9,21,14,39.39,12.92,719.0,706.51,205.0,383.15,2.62,332.0,1001.71,
2009,9,21,15,38.83,13.1,546.0,688.74,156.0,377.1,3.03,325.0,1001.48,
2009,9,21,16,38.28,13.28,324.0,564.63,117.0,371.05,3.43,317.0,1001.25,
2009,9,21,17,36.35,15.72,94.0,281.3,54.0,366.42,3.83,324.0,1001.71,
2009,9,21,18,34.41,18.16,0.0,0.0,0.0,361.78,4.22,332.0,1002.17,
2009,9,21,19,32.48,20.6,0.0,0.0,0.0,357.15,4.61,339.0,1002.64,
2009,9,21,20,31.44,22.65,0.0,0.0,0.0,357.1,4.69,344.0,1002.97,
2009,9,21,21,30.4,24.69,0.0,0.0,0.0,357.05,4.77,349.0,1003.3,
2009,9,21,22,29.36,26.74,0.0,0.0,0.0,357.0,4.86,354.0,1003.63,
2009,9,21,23,28.68,29.03,0.0,0.0,0.0,357.72,4.6,356.0,1003.73,
2009,9,22,0,28.0,31.33,0.0,0.0,0.0,358.43,4.35,357.0,1003.83,
2009,9,22,1,27.31,33.62,0.0,0.0,0.0,359.15,4.1,358.0,1003.93,
2009,9,22,2,26.66,34.9,0.0,0.0,0.0,358.87,4.0,357.0,1004.09,
2009,9,22,3,26.0,36.19,0.0,0.0,0.0,358.58,3.9,355.0,1004.26,
2009,9,22,4,25.34,37.47,0.0,0.0,0.0,358.3,3.81,353.0,1004.42,
2009,9,22,5,25.97,37.03,0.0,0.0,0.0,358.72,3.97,351.0,1004.85,
2009,9,22,6,26.6,36.6,50.0,155.67,35.0,359.13,4.13,349.0,1005.28,
2009,9,22,7,27.23,36.16,264.0,463.39,114.0,359.55,4.29,347.0,1005.71,
2009,9,22,8,29.12,31.63,499.0,661.63,149.0,365.75,4.72,346.0,1005.48,
2009,9,22,9,31.01,27.11,700.0,756.18,172.0,371.95,5.15,344.0,1005.25,
2009,9,22,10,32.9,22.58,846.0,804.95,186.0,378.15,5.59,342.0,1005.02,
2009,9,22,11,33.8,20.15,928.0,828.7,194.0,379.13,5.71,340.0,1004.23,
2009,9,22,12,34.7,17.73,935.0,830.36,195.0,380.12,5.83,338.0,1003.43,
2009,9,22,13,35.6,15.3,859.0,784.77,203.0,381.1,5.94,335.0,1002.64,
2009,9,22,14,34.56,15.79,711.0,692.3,210.0,374.37,5.96,335.0,1002.47,
2009,9,22,15,33.52,16.27,539.0,674.21,160.0,367.63,5.98,335.0,1002.31,
2009,9,22,16,32.48,16.76,319.0,563.07,115.0,360.9,6.0,335.0,1002.14,
2009,9,22,17,31.07,19.29,92.0,290.33,52.0,356.52,5.71,336.0,1002.64,
2009,9,22,18,29.65,21.82,0.0,0.0,0.0,352.13,5.43,337.0,1003.13,
2009,9,22,19,28.24,24.35,0.0,0.0,0.0,347.75,5.14,338.0,1003.63,
2009,9,22,20,27.53,27.58,0.0,0.0,0.0,346.72,5.09,343.0,1003.73,
2009,9,22,21,26.82,30.8,0.0,0.0,0.0,345.68,5.03,349.0,1003.83,
2009,9,22,22,26.11,34.03,0.0,0.0,0.0,344.65,4.98,355.0,1003.93,
2009,9,22,23,25.6,37.95,0.0,0.0,0.0,344.93,4.78,356.0,1003.83,
2009,9,23,0,25.09,41.86,0.0,0.0,0.0,345.22,4.58,357.0,1003.73,
2009,9,23,1,24.58,45.78,0.0,0.0,0.0,345.5,4.39,358.0,1003.63,
2009,9,23,2,23.92,47.69,0.0,0.0,0.0,343.58,4.15,357.0,1003.7,
2009,9,23,3,23.25,49.61,0.0,0.0,0.0,341.67,3.92,356.0,1003.76,
2009,9,23,4,22.58,51.52,0.0,0.0,0.0,339.75,3.68,354.0,1003.83,
2009,9,23,5,23.3,50.3,0.0,0.0,0.0,341.23,3.77,354.0,1004.16,
2009,9,23,6,24.02,49.08,55.0,242.75,32.0,342.72,3.85,353.0,1004.49,
2009,9,23,7,24.73,47.86,278.0,565.22,96.0,344.2,3.93,352.0,1004.82,
2009,9,23,8,26.55,41.75,512.0,734.19,125.0,350.07,3.94,350.0,1004.56,
2009,9,23,9,28.37,35.65,712.0,811.66,147.0,355.93,3.94,347.0,1004.29,
2009,9,23,10,30.19,29.54,861.0,862.43,156.0,361.8,3.94,344.0,1004.03,
2009,9,23,11,31.39,26.34,934.0,857.39,177.0,362.93,4.06,343.0,1003.17,
2009,9,23,12,32.59,23.15,937.0,845.73,186.0,364.07,4.17,341.0,1002.31,
2009,9,23,13,33.79,19.95,860.0,797.73,196.0,365.2,4.28,339.0,1001.45,
2009,9,23,14,33.28,19.48,699.0,665.45,220.0,360.23,4.09,339.0,1001.22,
2009,9,23,15,32.76,19.01,535.0,673.83,159.0,355.27,3.91,339.0,1000.98,
2009,9,23,16,32.25,18.54,315.0,558.7,115.0,350.3,3.72,339.0,1000.75,
2009,9,23,17,30.79,21.23,88.0,284.96,50.0,346.83,3.65,337.0,1001.12,
2009,9,23,18,29.32,23.92,0.0,0.0,0.0,343.37,3.58,335.0,1001.48,
2009,9,23,19,27.86,26.61,0.0,0.0,0.0,339.9,3.5,332.0,1001.84,
2009,9,23,20,27.12,28.03,0.0,0.0,0.0,338.75,3.52,337.0,1001.98,
2009,9,23,21,26.39,29.46,0.0,0.0,0.0,337.6,3.54,341.0,1002.11,
2009,9,23,22,25.66,30.88,0.0,0.0,0.0,336.45,3.56,345.0,1002.24,
2009,9,23,23,25.04,32.74,0.0,0.0,0.0,336.02,3.44,347.0,1002.21,
2009,9,24,0,24.42,34.6,0.0,0.0,0.0,335.58,3.33,348.0,1002.17,
2009,9,24,1,23.79,36.46,0.0,0.0,0.0,335.15,3.21,350.0,1002.14,
2009,9,24,2,23.16,37.97,0.0,0.0,0.0,334.65,3.07,351.0,1002.41,
2009,9,24,3,22.53,39.49,0.0,0.0,0.0,334.15,2.92,352.0,1002.67,
2009,9,24,4,21.9,41.0,0.0,0.0,0.0,333.65,2.77,353.0,1002.94,
2009,9,24,5,22.92,39.77,0.0,0.0,0.0,335.8,2.66,352.0,1003.33,
2009,9,24,6,23.94,38.53,53.0,236.26,31.0,337.95,2.54,352.0,1003.73,
2009,9,24,7,24.96,37.3,271.0,524.56,103.0,340.1,2.43,352.0,1004.13,
2009,9,24,8,27.26,32.82,505.0,708.31,133.0,347.0,2.32,345.0,1003.86,
2009,9,24,9,29.57,28.33,703.0,782.51,160.0,353.9,2.21,338.0,1003.6,
2009,9,24,10,31.87,23.85,842.0,803.73,187.0,360.8,2.1,330.0,1003.33,
2009,9,24,11,32.95,21.58,922.0,827.23,194.0,361.83,2.34,321.0,1002.6,
2009,9,24,12,34.04,19.3,933.0,844.3,186.0,362.87,2.57,311.0,1001.88,
2009,9,24,13,35.12,17.03,852.0,783.08,203.0,363.9,2.81,301.0,1001.15,
2009,9,24,14,34.66,17.04,684.0,627.17,235.0,358.0,2.74,303.0,1000.98,
2009,9,24,15,34.19,17.06,527.0,659.02,162.0,352.1,2.66,305.0,1000.82,
2009,9,24,16,33.73,17.07,307.0,537.25,117.0,346.2,2.58,307.0,1000.65,
2009,9,24,17,31.7,21.11,83.0,263.69,49.0,343.13,2.69,311.0,1000.95,
2009,9,24,18,29.67,25.15,0.0,0.0,0.0,340.07,2.81,314.0,1001.25,
2009,9,24,19,27.65,29.19,0.0,0.0,0.0,337.0,2.92,318.0,1001.55,
2009,9,24,20,26.76,31.86,0.0,0.0,0.0,336.97,2.82,323.0,1001.68,
2009,9,24,21,25.87,34.53,0.0,0.0,0.0,336.93,2.72,328.0,1001.81,
2009,9,24,22,24.98,37.2,0.0,0.0,0.0,336.9,2.62,333.0,1001.94,
2009,9,24,23,24.37,39.87,0.0,0.0,0.0,337.87,2.47,339.0,1002.01,
2009,9,25,0,23.76,42.54,0.0,0.0,0.0,338.83,2.33,346.0,1002.08,
2009,9,25,1,23.15,45.21,0.0,0.0,0.0,339.8,2.18,352.0,1002.14,
2009,9,25,2,22.74,46.17,0.0,0.0,0.0,341.77,2.09,359.0,1002.31,
2009,9,25,3,22.33,47.12,0.0,0.0,0.0,343.73,2.0,6.0,1002.47,
2009,9,25,4,21.91,48.08,0.0,0.0,0.0,345.7,1.92,14.0,1002.64,
2009,9,25,5,23.35,43.39,0.0,0.0,0.0,349.17,1.78,15.0,1003.07,
2009,9,25,6,24.79,38.71,47.0,163.99,32.0,352.63,1.65,17.0,1003.5,
2009,9,25,7,26.23,34.02,259.0,461.53,112.0,356.1,1.52,19.0,1003.93,
2009,9,25,8,29.19,28.6,488.0,636.43,155.0,363.93,1.3,17.0,1003.73,
2009,9,25,9,32.14,23.19,690.0,741.66,177.0,371.77,1.08,15.0,1003.53,
2009,9,25,10,35.1,17.77,839.0,803.79,186.0,379.6,0.86,13.0,1003.33,
2009,9,25,11,36.2,16.2,919.0,826.55,194.0,379.37,1.31,343.0,1002.57,
2009,9,25,12,37.31,14.62,920.0,814.53,202.0,379.13,1.76,313.0,1001.81,
2009,9,25,13,38.41,13.05,844.0,768.34,210.0,378.9,2.21,283.0,1001.05,
2009,9,25,14,37.77,13.51,684.0,639.05,229.0,373.2,2.55,289.0,1000.92,
2009,9,25,15,37.12,13.97,523.0,656.73,162.0,367.5,2.9,295.0,1000.79,
2009,9,25,16,36.48,14.43,306.0,552.5,113.0,361.8,3.24,301.0,1000.65,
2009,9,25,17,34.31,17.12,78.0,240.9,48.0,357.77,3.44,309.0,1001.12,
2009,9,25,18,32.14,19.81,0.0,0.0,0.0,353.73,3.65,317.0,1001.58,
2009,9,25,19,29.97,22.5,0.0,0.0,0.0,349.7,3.85,326.0,1002.04,
2009,9,25,20,28.81,24.85,0.0,0.0,0.0,349.65,3.57,331.0,1002.21,
2009,9,25,21,27.65,27.19,0.0,0.0,0.0,349.6,3.3,337.0,1002.37,
2009,9,25,22,26.5,29.54,0.0,0.0,0.0,349.55,3.02,342.0,1002.54,
2009,9,25,23,25.67,32.16,0.0,0.0,0.0,349.15,2.8,346.0,1002.37,
2009,9,26,0,24.84,34.79,0.0,0.0,0.0,348.75,2.57,350.0,1002.21,
2009,9,26,1,24.01,37.41,0.0,0.0,0.0,348.35,2.34,354.0,1002.04,
2009,9,26,2,23.59,38.75,0.0,0.0,0.0,350.0,2.23,357.0,1002.14,
2009,9,26,3,23.17,40.1,0.0,0.0,0.0,351.65,2.12,1.0,1002.24,
2009,9,26,4,22.74,41.44,0.0,0.0,0.0,353.3,2.01,5.0,1002.34,
2009,9,26,5,24.24,37.22,0.0,0.0,0.0,356.68,1.83,6.0,1002.67,
2009,9,26,6,25.74,33.0,42.0,111.36,32.0,360.07,1.66,7.0,1003.0,
2009,9,26,7,27.23,28.78,253.0,435.72,115.0,363.45,1.48,8.0,1003.33,
2009,9,26,8,30.23,24.23,489.0,646.54,152.0,371.12,1.43,358.0,1003.13,
2009,9,26,9,33.22,19.67,687.0,741.21,176.0,378.78,1.39,347.0,1002.94,
2009,9,26,10,36.22,15.12,836.0,802.67,186.0,386.45,1.35,337.0,1002.74,
2009,9,26,11,37.14,14.19,911.0,812.19,201.0,385.62,2.03,324.0,1001.98,
2009,9,26,12,38.05,13.26,912.0,799.39,210.0,384.78,2.7,312.0,1001.22,
2009,9,26,13,38.97,12.33,844.0,781.49,202.0,383.95,3.38,299.0,1000.45,
2009,9,26,14,38.21,12.43,676.0,625.67,233.0,378.67,3.5,302.0,1000.36,
2009,9,26,15,37.46,12.52,513.0,632.44,168.0,373.38,3.62,306.0,1000.26,
2009,9,26,16,36.7,12.62,296.0,521.76,116.0,368.1,3.74,310.0,1000.16,
2009,9,26,17,34.62,14.39,73.0,216.41,47.0,364.5,3.79,316.0,1000.55,
2009,9,26,18,32.54,16.15,0.0,0.0,0.0,360.9,3.84,322.0,1000.95,
2009,9,26,19,30.46,17.92,0.0,0.0,0.0,357.3,3.89,328.0,1001.35,
2009,9,26,20,29.52,19.07,0.0,0.0,0.0,355.08,3.89,338.0,1001.55,
2009,9,26,21,28.58,20.23,0.0,0.0,0.0,352.87,3.88,348.0,1001.74,
2009,9,26,22,27.65,21.38,0.0,0.0,0.0,350.65,3.88,358.0,1001.94,
2009,9,26,23,27.08,23.51,0.0,0.0,0.0,349.42,3.77,3.0,1001.94,
2009,9,27,0,26.51,25.63,0.0,0.0,0.0,348.18,3.66,9.0,1001.94,
2009,9,27,1,25.93,27.76,0.0,0.0,0.0,346.95,3.54,15.0,1001.94,
2009,9,27,2,25.23,29.67,0.0,0.0,0.0,347.02,3.36,15.0,1002.11,
2009,9,27,3,24.53,31.58,0.0,0.0,0.0,347.08,3.18,15.0,1002.27,
2009,9,27,4,23.82,33.49,0.0,0.0,0.0,347.15,2.99,16.0,1002.44,
2009,9,27,5,25.13,33.14,0.0,0.0,0.0,349.33,2.87,17.0,1003.03,
2009,9,27,6,26.44,32.78,48.0,192.94,31.0,351.52,2.75,19.0,1003.63,
2009,9,27,7,27.74,32.43,264.0,514.46,102.0,353.7,2.63,21.0,1004.23,
2009,9,27,8,30.16,28.58,497.0,693.38,137.0,360.53,2.79,22.0,1003.99,
2009,9,27,9,32.59,24.73,689.0,753.9,171.0,367.37,2.95,23.0,1003.76,
2009,9,27,10,35.01,20.88,834.0,802.82,186.0,374.2,3.1,25.0,1003.53,
2009,9,27,11,35.97,18.57,908.0,811.54,201.0,375.32,3.22,15.0,1002.67,
2009,9,27,12,36.93,16.26,908.0,799.02,209.0,376.43,3.33,6.0,1001.81,
2009,9,27,13,37.89,13.95,831.0,753.22,215.0,377.55,3.45,357.0,1000.95,
2009,9,27,14,37.09,14.1,664.0,600.79,241.0,372.58,3.75,354.0,1000.79,
2009,9,27,15,36.29,14.25,509.0,629.94,168.0,367.62,4.05,351.0,1000.62,
2009,9,27,16,35.49,14.4,294.0,528.39,114.0,362.65,4.34,348.0,1000.45,
2009,9,27,17,33.82,16.27,71.0,224.6,45.0,359.02,4.53,349.0,1001.05,
2009,9,27,18,32.15,18.14,0.0,0.0,0.0,355.38,4.71,350.0,1001.65,
2009,9,27,19,30.48,20.01,0.0,0.0,0.0,351.75,4.9,351.0,1002.24,
2009,9,27,20,29.59,21.33,0.0,0.0,0.0,350.7,4.91,356.0,1002.64,
2009,9,27,21,28.71,22.64,0.0,0.0,0.0,349.65,4.91,1.0,1003.03,
2009,9,27,22,27.83,23.96,0.0,0.0,0.0,348.6,4.92,5.0,1003.43,
2009,9,27,23,27.19,26.02,0.0,0.0,0.0,347.95,4.7,8.0,1003.4,
2009,9,28,0,26.56,28.08,0.0,0.0,0.0,347.3,4.48,10.0,1003.37,
2009,9,28,1,25.92,30.14,0.0,0.0,0.0,346.65,4.26,13.0,1003.33,
2009,9,28,2,25.16,32.36,0.0,0.0,0.0,344.1,4.06,9.0,1003.63,
2009,9,28,3,24.4,34.59,0.0,0.0,0.0,341.55,3.85,5.0,1003.93,
2009,9,28,4,23.64,36.81,0.0,0.0,0.0,339.0,3.64,1.0,1004.23,
2009,9,28,5,24.7,36.67,0.0,0.0,0.0,340.32,3.61,360.0,1004.72,
2009,9,28,6,25.76,36.52,43.0,138.9,31.0,341.63,3.59,358.0,1005.22,
2009,9,28,7,26.82,36.38,259.0,491.96,105.0,342.95,3.56,357.0,1005.71,
2009,9,28,8,28.93,30.92,495.0,694.23,136.0,349.17,4.09,353.0,1005.28,
2009,9,28,9,31.03,25.46,690.0,766.72,165.0,355.38,4.62,349.0,1004.85,
2009,9,28,10,33.14,20.0,835.0,816.7,178.0,361.6,5.14,346.0,1004.42,
2009,9,28,11,33.69,18.25,905.0,810.93,201.0,361.53,5.26,342.0,1003.6,
2009,9,28,12,34.23,16.51,905.0,798.69,209.0,361.47,5.38,339.0,1002.77,
2009,9,28,13,34.78,14.76,828.0,751.74,216.0,361.4,5.5,336.0,1001.94,
2009,9,28,14,34.05,15.15,645.0,554.22,257.0,356.4,5.43,338.0,1001.84,
2009,9,28,15,33.32,15.55,504.0,629.28,166.0,351.4,5.35,339.0,1001.74,
2009,9,28,16,32.59,15.94,283.0,487.61,119.0,346.4,5.27,341.0,1001.65,
2009,9,28,17,31.15,18.54,66.0,206.47,43.0,343.5,5.02,341.0,1002.24,
2009,9,28,18,29.71,21.13,0.0,0.0,0.0,340.6,4.76,341.0,1002.84,
2009,9,28,19,28.27,23.73,0.0,0.0,0.0,337.7,4.51,341.0,1003.43,
2009,9,28,20,27.5,26.12,0.0,0.0,0.0,337.85,4.33,344.0,1003.66,
2009,9,28,21,26.73,28.52,0.0,0.0,0.0,338.0,4.15,346.0,1003.89,
2009,9,28,22,25.96,30.91,0.0,0.0,0.0,338.15,3.97,349.0,1004.13,
2009,9,28,23,25.39,33.16,0.0,0.0,0.0,338.57,3.78,353.0,1004.09,
2009,9,29,0,24.83,35.42,0.0,0.0,0.0,338.98,3.6,356.0,1004.06,
2009,9,29,1,24.26,37.67,0.0,0.0,0.0,339.4,3.41,0.0,1004.03,
2009,9,29,2,23.82,39.65,0.0,0.0,0.0,339.05,3.29,355.0,1004.13,
2009,9,29,3,23.37,41.62,0.0,0.0,0.0,338.7,3.17,351.0,1004.23,
2009,9,29,4,22.92,43.6,0.0,0.0,0.0,338.35,3.05,346.0,1004.32,
2009,9,29,5,24.06,42.24,0.0,0.0,0.0,340.4,3.13,345.0,1004.62,
2009,9,29,6,25.2,40.89,44.0,165.37,30.0,342.45,3.2,344.0,1004.92,
2009,9,29,7,26.34,39.53,263.0,530.3,98.0,344.5,3.28,343.0,1005.22,
2009,9,29,8,28.28,35.06,495.0,704.86,132.0,350.95,4.03,341.0,1004.89,
2009,9,29,9,30.22,30.58,691.0,781.15,158.0,357.4,4.77,339.0,1004.56,
2009,9,29,10,32.16,26.11,841.0,845.68,163.0,363.85,5.52,338.0,1004.23,
2009,9,29,11,32.73,24.2,911.0,839.25,185.0,364.22,5.59,335.0,1003.43,
2009,9,29,12,33.3,22.3,911.0,827.19,193.0,364.58,5.66,333.0,1002.64,
2009,9,29,13,33.87,20.39,828.0,765.09,208.0,364.95,5.74,331.0,1001.84,
2009,9,29,14,33.19,20.74,641.0,553.1,256.0,361.75,5.61,330.0,1001.78,
2009,9,29,15,32.5,21.09,505.0,651.13,158.0,358.55,5.48,330.0,1001.71,
2009,9,29,16,31.82,21.44,283.0,512.03,113.0,355.35,5.35,329.0,1001.65,
2009,9,29,17,30.57,23.71,65.0,224.19,41.0,353.18,5.13,330.0,1002.27,
2009,9,29,18,29.31,25.97,0.0,0.0,0.0,351.02,4.91,331.0,1002.9,
2009,9,29,19,28.06,28.24,0.0,0.0,0.0,348.85,4.69,332.0,1003.53,
2009,9,29,20,27.34,30.17,0.0,0.0,0.0,348.82,4.57,337.0,1003.8,
2009,9,29,21,26.62,32.09,0.0,0.0,0.0,348.78,4.44,342.0,1004.06,
2009,9,29,22,25.9,34.02,0.0,0.0,0.0,348.75,4.32,346.0,1004.32,
2009,9,29,23,25.36,35.07,0.0,0.0,0.0,348.52,3.98,351.0,1004.32,
2009,9,30,0,24.82,36.11,0.0,0.0,0.0,348.28,3.64,355.0,1004.32,
2009,9,30,1,24.27,37.16,0.0,0.0,0.0,348.05,3.3,359.0,1004.32,
2009,9,30,2,24.0,39.82,0.0,0.0,0.0,348.63,3.12,357.0,1004.66,
2009,9,30,3,23.73,42.49,0.0,0.0,0.0,349.22,2.95,355.0,1004.99,
2009,9,30,4,23.46,45.15,0.0,0.0,0.0,349.8,2.77,352.0,1005.32,
2009,9,30,5,24.41,44.03,0.0,0.0,0.0,350.85,2.94,352.0,1005.85,
2009,9,30,6,25.36,42.91,46.0,217.14,28.0,351.9,3.1,352.0,1006.38,
2009,9,30,7,26.3,41.79,266.0,556.23,94.0,352.95,3.27,351.0,1006.9,
2009,9,30,8,27.68,38.15,503.0,750.72,118.0,357.88,3.8,347.0,1006.74,
2009,9,30,9,29.05,34.5,699.0,816.33,144.0,362.82,4.34,344.0,1006.57,
2009,9,30,10,30.43,30.86,855.0,897.44,138.0,367.75,4.87,340.0,1006.41,
2009,9,30,11,31.1,28.59,935.0,923.51,139.0,367.67,4.86,338.0,1005.65,
2009,9,30,12,31.77,26.31,935.0,909.16,149.0,367.58,4.85,337.0,1004.89,
2009,9,30,13,32.44,24.04,863.0,888.92,146.0,367.5,4.84,336.0,1004.13,
2009,9,30,14,31.71,23.96,663.0,628.56,228.0,362.52,4.64,334.0,1004.03,
2009,9,30,15,30.99,23.89,520.0,730.08,134.0,357.53,4.44,332.0,1003.93,
2009,9,30,16,30.26,23.81,294.0,607.26,95.0,352.55,4.23,330.0,1003.83,
2009,9,30,17,29.13,26.43,70.0,340.71,35.0,349.55,4.14,329.0,1004.36,
2009,9,30,18,24.6,35.08,0.0,0.0,0.0,335.7,3.44,328.0,1004.89,
2009,9,30,19,24.9,35.08,0.0,0.0,0.0,338.2,3.53,327.0,1005.42,
2009,9,30,20,25.2,35.07,0.0,0.0,0.0,340.71,3.61,330.0,1005.55,
2009,9,30,21,25.5,35.07,0.0,0.0,0.0,343.21,3.69,332.0,1005.68,
2009,9,30,22,25.8,35.07,0.0,0.0,0.0,345.71,3.77,335.0,1005.81,
2009,9,30,23,26.1,35.06,0.0,0.0,0.0,348.21,3.85,338.0,1005.71,
2008,10,1,0,26.39,35.06,0.0,0.0,0.0,350.72,3.93,341.0,1005.61,
2008,10,1,1,26.69,35.06,0.0,0.0,0.0,353.22,4.02,344.0,1005.52,
2008,10,1,2,26.99,35.06,0.0,0.0,0.0,355.72,4.1,343.0,1004.85,
2008,10,1,3,27.29,35.05,0.0,0.0,0.0,358.23,4.18,345.0,1005.18,
2008,10,1,4,27.59,35.05,0.0,0.0,0.0,360.73,4.26,347.0,1005.52,
2008,10,1,5,27.89,35.05,0.0,0.0,0.0,363.23,4.34,348.0,1006.11,
2008,10,1,6,28.19,35.05,32.0,60.32,27.0,365.73,4.43,350.0,1006.71,
2008,10,1,7,28.49,35.04,230.0,339.56,125.0,368.24,4.51,351.0,1007.3,
2008,10,1,8,28.78,35.04,456.0,542.08,178.0,370.74,4.59,348.0,1007.1,
2008,10,1,9,29.08,35.04,660.0,678.07,199.0,373.24,4.67,346.0,1006.9,
2008,10,1,10,33.89,24.38,804.0,735.97,216.0,387.0,5.57,344.0,1006.71,
2008,10,1,11,34.68,22.12,889.0,787.77,210.0,388.95,6.06,341.0,1006.01,
2008,10,1,12,35.47,19.85,893.0,790.02,210.0,390.9,6.55,339.0,1005.32,
2008,10,1,13,36.26,17.59,824.0,771.14,202.0,392.85,7.03,336.0,1004.62,
2008,10,1,14,35.33,17.95,646.0,582.33,243.0,387.87,6.82,336.0,1004.59,
2008,10,1,15,34.4,18.31,495.0,627.94,163.0,382.88,6.61,336.0,1004.56,
2008,10,1,16,33.47,18.67,280.0,521.81,109.0,377.9,6.4,336.0,1004.52,
2008,10,1,17,31.92,20.74,58.0,175.22,40.0,373.27,6.14,339.0,1005.18,
2008,10,1,18,30.37,22.8,0.0,0.0,0.0,368.63,5.88,341.0,1005.85,
2008,10,1,19,28.83,24.87,0.0,0.0,0.0,364.0,5.61,343.0,1006.51,
2008,10,1,20,27.95,26.97,0.0,0.0,0.0,360.35,5.39,347.0,1006.81,
2008,10,1,21,27.07,29.06,0.0,0.0,0.0,356.7,5.17,351.0,1007.1,
2008,10,1,22,26.19,31.16,0.0,0.0,0.0,353.05,4.95,355.0,1007.4,
2008,10,1,23,25.62,33.58,0.0,0.0,0.0,350.58,4.79,357.0,1007.43,
2008,10,2,0,25.05,36.0,0.0,0.0,0.0,348.12,4.62,359.0,1007.47,
2008,10,2,1,24.47,38.42,0.0,0.0,0.0,345.65,4.46,1.0,1007.5,
2008,10,2,2,24.22,40.12,0.0,0.0,0.0,345.87,4.13,3.0,1007.76,
2008,10,2,3,23.96,41.81,0.0,0.0,0.0,346.08,3.8,5.0,1008.03,
2008,10,2,4,23.7,43.51,0.0,0.0,0.0,346.3,3.48,7.0,1008.29,
2008,10,2,5,24.47,42.65,0.0,0.0,0.0,346.18,3.47,7.0,1008.62,
2008,10,2,6,25.24,41.8,41.0,160.28,28.0,346.07,3.46,7.0,1008.96,
2008,10,2,7,26.0,40.94,253.0,478.41,106.0,345.95,3.45,8.0,1009.29,
2008,10,2,8,27.84,34.9,478.0,636.45,153.0,350.8,3.99,4.0,1009.05,
2008,10,2,9,29.67,28.86,687.0,773.57,163.0,355.65,4.53,1.0,1008.82,
2008,10,2,10,31.51,22.82,832.0,822.74,177.0,360.5,5.08,358.0,1008.59,
2008,10,2,11,32.74,20.15,919.0,879.17,164.0,362.25,5.54,357.0,1007.63,
2008,10,2,12,33.96,17.47,893.0,785.1,217.0,364.0,6.0,356.0,1006.67,
2008,10,2,13,35.19,14.8,842.0,828.35,177.0,365.75,6.46,354.0,1005.71,
2008,10,2,14,34.42,15.39,656.0,616.26,232.0,364.12,6.18,353.0,1005.61,
2008,10,2,15,33.66,15.97,496.0,638.7,161.0,362.48,5.91,351.0,1005.52,
2008,10,2,16,32.89,16.56,284.0,562.76,102.0,360.85,5.64,350.0,1005.42,
2008,10,2,17,31.58,18.53,65.0,314.95,34.0,358.57,5.6,351.0,1005.85,
2008,10,2,18,30.28,20.5,0.0,0.0,0.0,356.28,5.57,352.0,1006.28,
2008,10,2,19,28.97,22.47,0.0,0.0,0.0,354.0,5.53,353.0,1006.71,
2008,10,2,20,28.2,24.58,0.0,0.0,0.0,353.28,5.47,358.0,1006.94,
2008,10,2,21,27.44,26.69,0.0,0.0,0.0,352.57,5.4,2.0,1007.17,
2008,10,2,22,26.67,28.8,0.0,0.0,0.0,351.85,5.34,6.0,1007.4,
2008,10,2,23,26.14,31.36,0.0,0.0,0.0,350.9,5.18,6.0,1007.33,
2008,10,3,0,25.61,33.93,0.0,0.0,0.0,349.95,5.03,6.0,1007.27,
2008,10,3,1,25.08,36.49,0.0,0.0,0.0,349.0,4.87,6.0,1007.2,
2008,10,3,2,24.58,37.19,0.0,0.0,0.0,347.83,4.67,4.0,1007.2,
2008,10,3,3,24.08,37.9,0.0,0.0,0.0,346.67,4.47,2.0,1007.2,
2008,10,3,4,23.58,38.6,0.0,0.0,0.0,345.5,4.28,360.0,1007.2,
2008,10,3,5,24.51,36.96,0.0,0.0,0.0,346.82,4.47,360.0,1007.53,
2008,10,3,6,25.44,35.32,36.0,113.5,27.0,348.13,4.66,360.0,1007.86,
2008,10,3,7,26.37,33.68,232.0,363.61,121.0,349.45,4.86,360.0,1008.19,
2008,10,3,8,28.31,29.35,454.0,540.91,179.0,355.47,5.41,359.0,1007.76,
2008,10,3,9,30.24,25.02,669.0,715.72,186.0,361.48,5.97,358.0,1007.33,
2008,10,3,10,32.17,20.69,810.0,761.42,206.0,367.5,6.52,357.0,1006.9,
2008,10,3,11,33.22,19.5,901.0,829.87,191.0,370.42,7.09,356.0,1005.95,
2008,10,3,12,34.26,18.3,914.0,864.13,173.0,373.33,7.65,355.0,1004.99,
2008,10,3,13,35.31,17.11,847.0,859.84,160.0,376.25,8.21,354.0,1004.03,
2008,10,3,14,34.33,17.86,652.0,615.53,231.0,373.62,7.94,355.0,1003.8,
2008,10,3,15,33.36,18.6,508.0,714.98,136.0,370.98,7.67,356.0,1003.56,
2008,10,3,16,32.39,19.35,283.0,582.85,97.0,368.35,7.41,357.0,1003.33,
2008,10,3,17,31.22,21.85,60.0,276.14,34.0,364.9,7.25,358.0,1003.89,
2008,10,3,18,30.04,24.34,0.0,0.0,0.0,361.45,7.09,360.0,1004.46,
2008,10,3,19,28.87,26.84,0.0,0.0,0.0,358.0,6.92,1.0,1005.02,
2008,10,3,20,28.03,29.33,0.0,0.0,0.0,355.48,6.84,3.0,1005.12,
2008,10,3,21,27.2,31.81,0.0,0.0,0.0,352.97,6.75,4.0,1005.22,
2008,10,3,22,26.36,34.3,0.0,0.0,0.0,350.45,6.66,6.0,1005.32,
2008,10,3,23,25.73,35.87,0.0,0.0,0.0,347.65,6.45,6.0,1005.09,
2008,10,4,0,25.09,37.43,0.0,0.0,0.0,344.85,6.23,6.0,1004.85,
2008,10,4,1,24.45,39.0,0.0,0.0,0.0,342.05,6.01,6.0,1004.62,
2008,10,4,2,23.87,40.31,0.0,0.0,0.0,339.88,5.53,6.0,1004.62,
2008,10,4,3,23.29,41.62,0.0,0.0,0.0,337.72,5.05,6.0,1004.62,
2008,10,4,4,22.7,42.93,0.0,0.0,0.0,335.55,4.57,7.0,1004.62,
2008,10,4,5,23.65,41.52,0.0,0.0,0.0,335.97,4.47,9.0,1004.85,
2008,10,4,6,24.6,40.1,41.0,193.66,26.0,336.38,4.37,11.0,1005.09,
2008,10,4,7,25.55,38.69,261.0,554.0,93.0,336.8,4.28,14.0,1005.32,
2008,10,4,8,27.81,33.02,490.0,713.26,129.0,343.87,4.39,17.0,1004.95,
2008,10,4,9,30.06,27.34,689.0,803.26,149.0,350.93,4.5,20.0,1004.59,
2008,10,4,10,32.31,21.67,830.0,837.61,168.0,358.0,4.61,24.0,1004.23,
2008,10,4,11,33.85,19.46,912.0,877.61,164.0,362.0,4.71,25.0,1003.4,
2008,10,4,12,35.38,17.25,910.0,863.05,173.0,366.0,4.81,26.0,1002.57,
2008,10,4,13,36.92,15.04,838.0,842.61,168.0,370.0,4.91,27.0,1001.74,
2008,10,4,14,36.21,14.9,621.0,528.01,262.0,365.78,4.73,28.0,1001.71,
2008,10,4,15,35.51,14.76,509.0,740.18,127.0,361.57,4.54,29.0,1001.68,
2008,10,4,16,34.8,14.62,281.0,600.28,92.0,357.35,4.36,30.0,1001.65,
2008,10,4,17,33.26,16.66,58.0,289.17,32.0,353.85,4.18,29.0,1002.14,
2008,10,4,18,31.72,18.7,0.0,0.0,0.0,350.35,4.0,28.0,1002.64,
2008,10,4,19,30.18,20.74,0.0,0.0,0.0,346.85,3.82,26.0,1003.13,
2008,10,4,20,29.44,21.8,0.0,0.0,0.0,344.77,3.91,23.0,1003.37,
2008,10,4,21,28.71,22.85,0.0,0.0,0.0,342.68,4.0,19.0,1003.6,
2008,10,4,22,27.97,23.91,0.0,0.0,0.0,340.6,4.1,15.0,1003.83,
2008,10,4,23,27.33,25.02,0.0,0.0,0.0,339.9,3.99,16.0,1003.8,
2008,10,5,0,26.69,26.12,0.0,0.0,0.0,339.2,3.89,17.0,1003.76,
2008,10,5,1,26.04,27.23,0.0,0.0,0.0,338.5,3.78,17.0,1003.73,
2008,10,5,2,25.27,28.44,0.0,0.0,0.0,339.88,3.51,19.0,1003.96,
2008,10,5,3,24.5,29.66,0.0,0.0,0.0,341.27,3.24,20.0,1004.19,
2008,10,5,4,23.73,30.87,0.0,0.0,0.0,342.65,2.97,21.0,1004.42,
2008,10,5,5,25.07,29.57,0.0,0.0,0.0,345.1,2.76,22.0,1004.79,
2008,10,5,6,26.41,28.26,40.0,198.44,25.0,347.55,2.56,23.0,1005.15,
2008,10,5,7,27.75,26.96,257.0,541.2,94.0,350.0,2.36,24.0,1005.52,
2008,10,5,8,30.33,23.53,482.0,684.79,137.0,356.88,2.71,31.0,1005.32,
2008,10,5,9,32.91,20.1,679.0,772.06,162.0,363.77,3.07,37.0,1005.12,
2008,10,5,10,35.49,16.67,827.0,836.94,168.0,370.65,3.42,44.0,1004.92,
2008,10,5,11,36.63,15.53,899.0,844.49,182.0,372.22,3.37,46.0,1004.16,
2008,10,5,12,37.77,14.39,907.0,861.99,174.0,373.78,3.32,48.0,1003.4,
2008,10,5,13,38.92,13.25,834.0,841.66,168.0,375.35,3.27,51.0,1002.64,
2008,10,5,14,38.05,14.56,628.0,563.74,247.0,368.12,2.92,45.0,1002.51,
2008,10,5,15,37.19,15.87,499.0,711.08,135.0,360.88,2.57,39.0,1002.37,
2008,10,5,16,36.33,17.18,274.0,573.07,96.0,353.65,2.22,34.0,1002.24,
2008,10,5,17,34.07,19.79,52.0,256.7,30.0,350.47,2.4,33.0,1002.64,
2008,10,5,18,31.82,22.4,0.0,0.0,0.0,347.28,2.59,31.0,1003.03,
2008,10,5,19,29.56,25.01,0.0,0.0,0.0,344.1,2.77,30.0,1003.43,
2008,10,5,20,28.47,26.82,0.0,0.0,0.0,344.1,2.63,32.0,1003.53,
2008,10,5,21,27.37,28.64,0.0,0.0,0.0,344.1,2.49,33.0,1003.63,
2008,10,5,22,26.28,30.45,0.0,0.0,0.0,344.1,2.34,35.0,1003.73,
2008,10,5,23,25.57,32.78,0.0,0.0,0.0,344.65,2.38,31.0,1003.6,
2008,10,6,0,24.86,35.11,0.0,0.0,0.0,345.2,2.41,27.0,1003.46,
2008,10,6,1,24.14,37.44,0.0,0.0,0.0,345.75,2.44,23.0,1003.33,
2008,10,6,2,23.84,37.52,0.0,0.0,0.0,348.8,2.43,23.0,1003.53,
2008,10,6,3,23.54,37.59,0.0,0.0,0.0,351.85,2.42,24.0,1003.73,
2008,10,6,4,23.23,37.67,0.0,0.0,0.0,354.9,2.41,24.0,1003.93,
2008,10,6,5,24.85,33.95,0.0,0.0,0.0,357.77,2.25,25.0,1004.39,
2008,10,6,6,26.47,30.23,34.0,122.12,25.0,360.63,2.08,27.0,1004.85,
2008,10,6,7,28.09,26.51,241.0,444.69,108.0,363.5,1.92,28.0,1005.32,
2008,10,6,8,31.21,21.91,464.0,608.25,159.0,371.0,2.13,39.0,1005.28,
2008,10,6,9,34.32,17.32,665.0,728.67,179.0,378.5,2.34,49.0,1005.25,
2008,10,6,10,37.43,12.72,815.0,805.72,183.0,386.0,2.55,60.0,1005.22,
2008,10,6,11,38.31,11.74,886.0,812.33,199.0,386.55,2.15,61.0,1004.42,
2008,10,6,12,39.19,10.77,888.0,813.71,199.0,387.1,1.74,62.0,1003.63,
2008,10,6,13,40.08,9.79,816.0,793.73,191.0,387.65,1.34,63.0,1002.84,
2008,10,6,14,39.2,11.61,639.0,613.3,227.0,380.77,1.59,40.0,1002.77,
2008,10,6,15,38.33,13.42,492.0,695.28,139.0,373.88,1.84,16.0,1002.7,
2008,10,6,16,37.46,15.24,268.0,561.39,96.0,367.0,2.1,352.0,1002.64,
2008,10,6,17,35.38,17.01,49.0,245.32,29.0,362.05,2.4,358.0,1003.07,
2008,10,6,18,33.29,18.77,0.0,0.0,0.0,357.1,2.71,5.0,1003.5,
2008,10,6,19,31.21,20.54,0.0,0.0,0.0,352.15,3.02,11.0,1003.93,
2008,10,6,20,30.4,22.28,0.0,0.0,0.0,350.72,2.9,12.0,1004.13,
2008,10,6,21,29.58,24.03,0.0,0.0,0.0,349.28,2.77,13.0,1004.32,
2008,10,6,22,28.77,25.77,0.0,0.0,0.0,347.85,2.65,15.0,1004.52,
2008,10,6,23,28.12,26.58,0.0,0.0,0.0,346.52,2.79,11.0,1004.52,
2008,10,7,0,27.47,27.4,0.0,0.0,0.0,345.18,2.93,7.0,1004.52,
2008,10,7,1,26.81,28.21,0.0,0.0,0.0,343.85,3.08,4.0,1004.52,
2008,10,7,2,26.19,29.47,0.0,0.0,0.0,345.13,3.04,4.0,1004.92,
2008,10,7,3,25.56,30.73,0.0,0.0,0.0,346.42,3.0,5.0,1005.32,
2008,10,7,4,24.93,31.99,0.0,0.0,0.0,347.7,2.97,5.0,1005.71,
2008,10,7,5,26.01,31.85,0.0,0.0,0.0,349.5,2.85,8.0,1006.28,
2008,10,7,6,27.09,31.72,35.0,153.25,24.0,351.3,2.74,10.0,1006.84,
2008,10,7,7,28.17,31.58,245.0,478.19,103.0,353.1,2.62,13.0,1007.4,
2008,10,7,8,30.57,28.07,475.0,671.29,140.0,359.18,2.55,14.0,1007.2,
2008,10,7,9,32.96,24.57,669.0,755.73,167.0,365.27,2.47,16.0,1007.0,
2008,10,7,10,35.36,21.06,812.0,805.0,183.0,371.35,2.4,17.0,1006.81,
2008,10,7,11,36.56,18.41,887.0,827.44,190.0,372.43,2.45,11.0,1005.88,
2008,10,7,12,37.76,15.75,889.0,829.08,190.0,373.52,2.5,4.0,1004.95,
2008,10,7,13,38.96,13.1,816.0,807.88,183.0,374.6,2.55,358.0,1004.03,
2008,10,7,14,37.97,13.79,620.0,561.62,245.0,367.93,2.78,355.0,1003.8,
2008,10,7,15,36.99,14.49,482.0,667.29,146.0,361.27,3.0,353.0,1003.56,
2008,10,7,16,36.01,15.18,258.0,516.25,102.0,354.6,3.23,351.0,1003.33,
2008,10,7,17,34.56,17.88,42.0,167.99,29.0,351.7,3.53,350.0,1003.66,
2008,10,7,18,33.11,20.57,0.0,0.0,0.0,348.8,3.83,349.0,1003.99,
2008,10,7,19,31.66,23.27,0.0,0.0,0.0,345.9,4.12,348.0,1004.32,
2008,10,7,20,30.86,25.08,0.0,0.0,0.0,345.95,4.28,352.0,1004.62,
2008,10,7,21,30.07,26.9,0.0,0.0,0.0,346.0,4.44,355.0,1004.92,
2008,10,7,22,29.27,28.71,0.0,0.0,0.0,346.05,4.59,359.0,1005.22,
2008,10,7,23,28.61,32.01,0.0,0.0,0.0,346.63,4.42,1.0,1005.25,
2008,10,8,0,27.94,35.31,0.0,0.0,0.0,347.22,4.24,2.0,1005.28,
2008,10,8,1,27.27,38.61,0.0,0.0,0.0,347.8,4.07,4.0,1005.32,
2008,10,8,2,26.79,42.23,0.0,0.0,0.0,348.62,3.97,7.0,1005.32,
2008,10,8,3,26.31,45.85,0.0,0.0,0.0,349.43,3.87,10.0,1005.32,
2008,10,8,4,25.83,49.47,0.0,0.0,0.0,350.25,3.77,14.0,1005.32,
2008,10,8,5,26.48,49.54,0.0,0.0,0.0,351.55,3.7,14.0,1005.75,
2008,10,8,6,27.13,49.61,31.0,114.57,23.0,352.85,3.64,14.0,1006.18,
2008,10,8,7,27.77,49.68,236.0,430.82,109.0,354.15,3.57,14.0,1006.61,
2008,10,8,8,29.68,43.02,462.0,620.22,154.0,361.83,3.65,13.0,1006.28,
2008,10,8,9,31.59,36.35,655.0,713.52,183.0,369.52,3.72,11.0,1005.95,
2008,10,8,10,33.5,29.69,799.0,773.49,197.0,377.2,3.79,10.0,1005.61,
2008,10,8,11,34.67,25.88,878.0,811.7,197.0,380.42,3.89,6.0,1004.72,
2008,10,8,12,35.83,22.08,875.0,796.97,206.0,383.63,4.0,2.0,1003.83,
2008,10,8,13,37.0,18.27,808.0,791.4,191.0,386.85,4.1,359.0,1002.94,
2008,10,8,14,36.06,18.06,631.0,610.27,226.0,380.55,3.97,353.0,1002.67,
2008,10,8,15,35.13,17.86,475.0,652.83,149.0,374.25,3.84,347.0,1002.41,
2008,10,8,16,34.2,17.65,254.0,513.41,101.0,367.95,3.71,342.0,1002.14,
2008,10,8,17,32.76,20.26,40.0,177.39,27.0,364.48,4.15,343.0,1002.67,
2008,10,8,18,31.32,22.86,0.0,0.0,0.0,361.02,4.58,344.0,1003.2,
2008,10,8,19,29.88,25.47,0.0,0.0,0.0,357.55,5.02,345.0,1003.73,
2008,10,8,20,29.0,27.79,0.0,0.0,0.0,357.08,4.94,350.0,1003.93,
2008,10,8,21,28.12,30.1,0.0,0.0,0.0,356.62,4.86,354.0,1004.13,
2008,10,8,22,27.24,32.42,0.0,0.0,0.0,356.15,4.79,359.0,1004.32,
2008,10,8,23,26.65,35.17,0.0,0.0,0.0,355.43,4.57,359.0,1004.42,
2008,10,9,0,26.06,37.92,0.0,0.0,0.0,354.72,4.35,360.0,1004.52,
2008,10,9,1,25.46,40.67,0.0,0.0,0.0,354.0,4.14,0.0,1004.62,
2008,10,9,2,24.83,42.5,0.0,0.0,0.0,353.25,3.9,360.0,1004.82,
2008,10,9,3,24.2,44.33,0.0,0.0,0.0,352.5,3.67,359.0,1005.02,
2008,10,9,4,23.56,46.16,0.0,0.0,0.0,351.75,3.43,359.0,1005.22,
2008,10,9,5,24.34,45.39,0.0,0.0,0.0,352.47,3.53,358.0,1005.65,
2008,10,9,6,25.11,44.61,30.0,117.91,22.0,353.18,3.62,357.0,1006.08,
2008,10,9,7,25.88,43.84,238.0,458.0,104.0,353.9,3.71,356.0,1006.51,
2008,10,9,8,27.94,38.12,459.0,619.29,153.0,360.9,3.91,355.0,1006.14,
2008,10,9,9,30.0,32.39,656.0,725.65,178.0,367.9,4.11,353.0,1005.78,
2008,10,9,10,32.06,26.67,800.0,788.2,189.0,374.9,4.32,352.0,1005.42,
2008,10,9,11,33.29,23.51,875.0,810.24,198.0,377.53,4.57,348.0,1004.59,
2008,10,9,12,34.52,20.34,871.0,795.7,206.0,380.17,4.81,344.0,1003.76,
2008,10,9,13,35.76,17.18,794.0,760.59,204.0,382.8,5.06,340.0,1002.94,
2008,10,9,14,34.75,17.35,619.0,583.72,234.0,377.95,5.0,337.0,1002.67,
2008,10,9,15,33.75,17.53,467.0,638.11,151.0,373.1,4.94,333.0,1002.41,
2008,10,9,16,32.74,17.7,252.0,527.46,97.0,368.25,4.88,330.0,1002.14,
2008,10,9,17,31.25,20.27,37.0,173.34,25.0,364.9,5.15,334.0,1002.74,
2008,10,9,18,29.76,22.84,0.0,0.0,0.0,361.55,5.43,337.0,1003.33,
2008,10,9,19,28.27,25.41,0.0,0.0,0.0,358.2,5.7,341.0,1003.93,
2008,10,9,20,27.35,27.35,0.0,0.0,0.0,355.45,5.36,345.0,1004.19,
2008,10,9,21,26.42,29.3,0.0,0.0,0.0,352.7,5.03,349.0,1004.46,
2008,10,9,22,25.5,31.24,0.0,0.0,0.0,349.95,4.69,352.0,1004.72,
2008,10,9,23,24.95,33.97,0.0,0.0,0.0,347.4,4.51,354.0,1004.79,
2008,10,10,0,24.39,36.71,0.0,0.0,0.0,344.85,4.33,356.0,1004.85,
2008,10,10,1,23.83,39.44,0.0,0.0,0.0,342.3,4.15,357.0,1004.92,
2008,10,10,2,23.32,41.03,0.0,0.0,0.0,340.12,3.99,357.0,1005.09,
2008,10,10,3,22.8,42.62,0.0,0.0,0.0,337.93,3.82,357.0,1005.25,
2008,10,10,4,22.28,44.21,0.0,0.0,0.0,335.75,3.66,356.0,1005.42,
2008,10,10,5,23.11,44.11,0.0,0.0,0.0,336.12,3.69,357.0,1005.78,
2008,10,10,6,23.93,44.01,28.0,91.13,22.0,336.48,3.72,358.0,1006.14,
2008,10,10,7,24.75,43.91,233.0,437.42,106.0,336.85,3.75,359.0,1006.51,
2008,10,10,8,26.8,37.8,465.0,655.02,143.0,343.77,3.82,358.0,1006.18,
2008,10,10,9,28.85,31.68,653.0,725.73,177.0,350.68,3.88,356.0,1005.85,
2008,10,10,10,30.9,25.57,788.0,757.74,203.0,357.6,3.94,354.0,1005.52,
2008,10,10,11,32.07,22.6,871.0,809.99,197.0,359.92,4.33,350.0,1004.75,
2008,10,10,12,33.24,19.64,867.0,794.44,206.0,362.23,4.71,346.0,1003.99,
2008,10,10,13,34.42,16.67,794.0,774.82,196.0,364.55,5.09,342.0,1003.23,
2008,10,10,14,33.46,16.45,615.0,582.76,233.0,361.1,5.14,342.0,1003.23,
2008,10,10,15,32.5,16.24,466.0,649.58,147.0,357.65,5.2,342.0,1003.23,
2008,10,10,16,31.54,16.02,245.0,503.88,99.0,354.2,5.26,341.0,1003.23,
2008,10,10,17,30.24,17.62,35.0,184.01,23.0,351.55,5.43,345.0,1003.86,
2008,10,10,18,28.93,19.21,0.0,0.0,0.0,348.9,5.6,349.0,1004.49,
2008,10,10,19,27.63,20.81,0.0,0.0,0.0,346.25,5.77,352.0,1005.12,
2008,10,10,20,26.85,23.33,0.0,0.0,0.0,344.42,5.59,357.0,1005.38,
2008,10,10,21,26.08,25.86,0.0,0.0,0.0,342.58,5.41,1.0,1005.65,
2008,10,10,22,25.3,28.38,0.0,0.0,0.0,340.75,5.23,5.0,1005.91,
2008,10,10,23,24.72,31.6,0.0,0.0,0.0,339.25,4.87,4.0,1005.91,
2008,10,11,0,24.14,34.83,0.0,0.0,0.0,337.75,4.51,4.0,1005.91,
2008,10,11,1,23.55,38.05,0.0,0.0,0.0,336.25,4.15,3.0,1005.91,
2008,10,11,2,22.99,38.98,0.0,0.0,0.0,335.13,3.95,3.0,1006.31,
2008,10,11,3,22.43,39.9,0.0,0.0,0.0,334.02,3.75,2.0,1006.71,
2008,10,11,4,21.87,40.83,0.0,0.0,0.0,332.9,3.54,2.0,1007.1,
2008,10,11,5,22.88,39.31,0.0,0.0,0.0,333.92,3.65,2.0,1007.57,
2008,10,11,6,23.88,37.78,27.0,94.03,21.0,334.93,3.75,2.0,1008.03,
2008,10,11,7,24.88,36.26,236.0,472.13,100.0,335.95,3.85,2.0,1008.49,
2008,10,11,8,27.14,30.56,457.0,629.82,149.0,342.77,4.23,1.0,1008.13,
2008,10,11,9,29.39,24.85,650.0,724.33,177.0,349.58,4.62,360.0,1007.76,
2008,10,11,10,31.65,19.15,789.0,771.28,196.0,356.4,5.01,358.0,1007.4,
2008,10,11,11,32.67,17.74,862.0,794.07,204.0,359.35,5.61,355.0,1006.74,
2008,10,11,12,33.69,16.33,858.0,778.7,213.0,362.3,6.22,352.0,1006.08,
2008,10,11,13,34.72,14.92,786.0,759.25,203.0,365.25,6.83,349.0,1005.42,
2008,10,11,14,33.29,15.9,618.0,607.88,222.0,361.83,6.71,345.0,1005.48,
2008,10,11,15,31.87,16.88,461.0,646.85,146.0,358.42,6.6,341.0,1005.55,
2008,10,11,16,30.45,17.86,241.0,500.58,98.0,355.0,6.48,337.0,1005.61,
2008,10,11,17,29.15,20.23,30.0,146.95,21.0,352.0,6.36,339.0,1006.38,
2008,10,11,18,27.86,22.6,0.0,0.0,0.0,349.0,6.23,341.0,1007.14,
2008,10,11,19,26.56,24.97,0.0,0.0,0.0,346.0,6.11,343.0,1007.9,
2008,10,11,20,25.74,27.6,0.0,0.0,0.0,343.6,5.72,345.0,1008.16,
2008,10,11,21,24.92,30.22,0.0,0.0,0.0,341.2,5.33,347.0,1008.43,
2008,10,11,22,24.1,32.85,0.0,0.0,0.0,338.8,4.94,349.0,1008.69,
2008,10,11,23,23.49,35.84,0.0,0.0,0.0,336.67,4.69,347.0,1008.59,
2008,10,12,0,22.88,38.82,0.0,0.0,0.0,334.53,4.45,345.0,1008.49,
2008,10,12,1,22.26,41.81,0.0,0.0,0.0,332.4,4.21,343.0,1008.39,
2008,10,12,2,21.75,44.15,0.0,0.0,0.0,331.08,4.22,341.0,1008.53,
2008,10,12,3,21.24,46.49,0.0,0.0,0.0,329.77,4.23,339.0,1008.66,
2008,10,12,4,20.72,48.83,0.0,0.0,0.0,328.45,4.25,338.0,1008.79,
2008,10,12,5,21.37,48.52,0.0,0.0,0.0,328.23,4.51,339.0,1009.15,
2008,10,12,6,22.02,48.22,26.0,97.18,20.0,328.02,4.76,340.0,1009.52,
2008,10,12,7,22.66,47.91,227.0,426.95,105.0,327.8,5.02,341.0,1009.88,
2008,10,12,8,24.13,42.08,449.0,604.41,155.0,332.2,5.31,340.0,1009.45,
2008,10,12,9,25.6,36.24,651.0,738.34,171.0,336.6,5.6,338.0,1009.02,
2008,10,12,10,27.07,30.41,781.0,756.24,202.0,341.0,5.89,336.0,1008.59,
2008,10,12,11,27.95,27.26,834.0,717.46,242.0,342.08,6.03,334.0,1007.76,
2008,10,12,12,28.83,24.11,776.0,556.67,317.0,343.17,6.17,331.0,1006.94,
2008,10,12,13,29.71,20.96,581.0,255.26,386.0,344.25,6.3,328.0,1006.11,
2008,10,12,14,28.72,21.99,596.0,545.26,243.0,340.28,6.09,328.0,1005.98,
2008,10,12,15,27.73,23.02,444.0,583.98,162.0,336.32,5.87,327.0,1005.85,
2008,10,12,16,26.74,24.05,254.0,628.49,77.0,332.35,5.66,327.0,1005.71,
2008,10,12,17,25.79,27.17,29.0,157.0,20.0,330.22,5.39,327.0,1006.08,
2008,10,12,18,24.83,30.29,0.0,0.0,0.0,328.08,5.13,326.0,1006.44,
2008,10,12,19,23.88,33.41,0.0,0.0,0.0,325.95,4.87,326.0,1006.81,
2008,10,12,20,23.26,35.99,0.0,0.0,0.0,325.68,4.63,327.0,1006.71,
2008,10,12,21,22.63,38.57,0.0,0.0,0.0,325.42,4.4,329.0,1006.61,
2008,10,12,22,22.01,41.15,0.0,0.0,0.0,325.15,4.17,330.0,1006.51,
2008,10,12,23,21.57,43.4,0.0,0.0,0.0,325.08,3.89,332.0,1006.21,
2008,10,13,0,21.13,45.66,0.0,0.0,0.0,325.02,3.62,333.0,1005.91,
2008,10,13,1,20.69,47.91,0.0,0.0,0.0,324.95,3.35,335.0,1005.61,
2008,10,13,2,20.32,49.69,0.0,0.0,0.0,324.37,3.31,335.0,1005.68,
2008,10,13,3,19.95,51.48,0.0,0.0,0.0,323.78,3.28,334.0,1005.75,
2008,10,13,4,19.57,53.26,0.0,0.0,0.0,323.2,3.24,334.0,1005.81,
2008,10,13,5,20.44,51.48,0.0,0.0,0.0,324.55,3.42,336.0,1006.01,
2008,10,13,6,21.3,49.71,17.0,16.77,16.0,325.9,3.59,337.0,1006.21,
2008,10,13,7,22.16,47.93,202.0,292.88,119.0,327.25,3.77,339.0,1006.41,
2008,10,13,8,23.53,43.58,441.0,578.77,161.0,332.63,4.02,337.0,1006.04,
2008,10,13,9,24.9,39.22,641.0,709.25,182.0,338.02,4.28,336.0,1005.68,
2008,10,13,10,26.27,34.87,769.0,726.67,215.0,343.4,4.54,334.0,1005.32,
2008,10,13,11,26.92,32.78,860.0,808.17,196.0,343.52,4.43,327.0,1004.49,
2008,10,13,12,27.56,30.7,855.0,793.14,204.0,343.63,4.32,321.0,1003.66,
2008,10,13,13,28.21,28.61,782.0,772.38,195.0,343.75,4.21,315.0,1002.84,
2008,10,13,14,27.45,28.7,628.0,669.92,197.0,338.47,4.22,314.0,1002.7,
2008,10,13,15,26.69,28.79,452.0,643.23,144.0,333.18,4.23,313.0,1002.57,
2008,10,13,16,25.93,28.88,235.0,515.08,92.0,327.9,4.25,312.0,1002.44,
2008,10,13,17,24.88,31.46,23.0,93.54,18.0,326.25,4.09,314.0,1002.97,
2008,10,13,18,23.82,34.04,0.0,0.0,0.0,324.6,3.93,316.0,1003.5,
2008,10,13,19,22.77,36.62,0.0,0.0,0.0,322.95,3.77,318.0,1004.03,
2008,10,13,20,21.99,38.67,0.0,0.0,0.0,322.25,3.53,322.0,1004.16,
2008,10,13,21,21.21,40.73,0.0,0.0,0.0,321.55,3.29,326.0,1004.29,
2008,10,13,22,20.43,42.78,0.0,0.0,0.0,320.85,3.05,329.0,1004.42,
2008,10,13,23,19.91,44.95,0.0,0.0,0.0,320.67,2.86,333.0,1004.36,
2008,10,14,0,19.39,47.11,0.0,0.0,0.0,320.48,2.68,336.0,1004.29,
2008,10,14,1,18.86,49.28,0.0,0.0,0.0,320.3,2.5,339.0,1004.23,
2008,10,14,2,18.4,49.58,0.0,0.0,0.0,319.55,2.48,337.0,1004.42,
2008,10,14,3,17.94,49.88,0.0,0.0,0.0,318.8,2.47,336.0,1004.62,
2008,10,14,4,17.47,50.18,0.0,0.0,0.0,318.05,2.46,334.0,1004.82,
2008,10,14,5,18.61,46.85,0.0,0.0,0.0,321.07,2.4,336.0,1005.25,
2008,10,14,6,19.75,43.53,27.0,156.47,18.0,324.08,2.34,337.0,1005.68,
2008,10,14,7,20.88,40.2,241.0,555.14,85.0,327.1,2.29,339.0,1006.11,
2008,10,14,8,22.9,34.86,459.0,675.53,134.0,334.07,2.11,333.0,1005.95,
2008,10,14,9,24.92,29.51,645.0,735.83,171.0,341.03,1.92,328.0,1005.78,
2008,10,14,10,26.94,24.17,783.0,785.14,187.0,348.0,1.74,323.0,1005.61,
2008,10,14,11,27.92,22.73,851.0,790.9,204.0,349.9,1.72,310.0,1004.85,
2008,10,14,12,28.9,21.3,851.0,791.91,204.0,351.8,1.71,297.0,1004.09,
2008,10,14,13,29.89,19.86,782.0,785.65,188.0,353.7,1.7,284.0,1003.33,
2008,10,14,14,29.39,20.64,624.0,669.45,196.0,351.13,1.98,285.0,1003.27,
2008,10,14,15,28.9,21.42,453.0,665.55,137.0,348.57,2.27,287.0,1003.2,
2008,10,14,16,28.4,22.2,230.0,500.62,93.0,346.0,2.55,288.0,1003.13,
2008,10,14,17,27.07,24.43,21.0,80.59,17.0,344.62,2.84,297.0,1003.63,
2008,10,14,18,25.74,26.67,0.0,0.0,0.0,343.23,3.13,306.0,1004.13,
2008,10,14,19,24.41,28.9,0.0,0.0,0.0,341.85,3.42,315.0,1004.62,
2008,10,14,20,23.67,30.08,0.0,0.0,0.0,343.4,3.34,320.0,1004.82,
2008,10,14,21,22.94,31.25,0.0,0.0,0.0,344.95,3.26,324.0,1005.02,
2008,10,14,22,22.2,32.43,0.0,0.0,0.0,346.5,3.17,328.0,1005.22,
2008,10,14,23,21.87,33.21,0.0,0.0,0.0,349.93,3.06,327.0,1005.12,
2008,10,15,0,21.53,33.98,0.0,0.0,0.0,353.37,2.94,327.0,1005.02,
2008,10,15,1,21.19,34.76,0.0,0.0,0.0,356.8,2.83,326.0,1004.92,
2008,10,15,2,20.69,35.72,0.0,0.0,0.0,352.23,2.78,323.0,1005.18,
2008,10,15,3,20.18,36.67,0.0,0.0,0.0,347.67,2.74,320.0,1005.45,
2008,10,15,4,19.67,37.63,0.0,0.0,0.0,343.1,2.69,317.0,1005.71,
2008,10,15,5,20.66,35.46,0.0,0.0,0.0,344.28,2.92,315.0,1006.41,
2008,10,15,6,21.65,33.29,28.0,198.68,17.0,345.47,3.15,313.0,1007.1,
2008,10,15,7,22.64,31.12,198.0,290.75,117.0,346.65,3.38,312.0,1007.8,
2008,10,15,8,24.62,27.31,372.0,328.19,215.0,351.37,3.93,311.0,1007.73,
2008,10,15,9,26.59,23.5,616.0,639.47,206.0,356.08,4.47,310.0,1007.67,
2008,10,15,10,28.57,19.69,758.0,710.52,221.0,360.8,5.02,309.0,1007.6,
2008,10,15,11,29.34,18.86,843.0,775.96,211.0,361.13,5.04,308.0,1006.97,
2008,10,15,12,30.1,18.02,842.0,775.92,211.0,361.47,5.07,307.0,1006.34,
2008,10,15,13,30.87,17.19,755.0,711.32,220.0,361.8,5.09,306.0,1005.71,
2008,10,15,14,29.8,17.83,616.0,654.78,200.0,354.28,4.84,304.0,1006.01,
2008,10,15,15,28.74,18.48,446.0,652.09,139.0,346.77,4.59,302.0,1006.31,
2008,10,15,16,27.68,19.12,226.0,496.77,92.0,339.25,4.34,301.0,1006.61,
2008,10,15,17,26.24,20.77,16.0,43.6,14.0,336.1,4.13,305.0,1007.27,
2008,10,15,18,24.79,22.43,0.0,0.0,0.0,332.95,3.91,309.0,1007.93,
2008,10,15,19,23.35,24.08,0.0,0.0,0.0,329.8,3.7,314.0,1008.59,
2008,10,15,20,22.49,25.34,0.0,0.0,0.0,327.07,3.66,316.0,1008.82,
2008,10,15,21,21.62,26.59,0.0,0.0,0.0,324.33,3.61,319.0,1009.05,
2008,10,15,22,20.76,27.85,0.0,0.0,0.0,321.6,3.57,321.0,1009.29,
2008,10,15,23,20.21,29.02,0.0,0.0,0.0,319.72,3.54,322.0,1009.35,
2008,10,16,0,19.66,30.19,0.0,0.0,0.0,317.83,3.51,322.0,1009.42,
2008,10,16,1,19.11,31.36,0.0,0.0,0.0,315.95,3.48,323.0,1009.48,
2008,10,16,2,18.66,31.77,0.0,0.0,0.0,314.82,3.54,322.0,1009.91,
2008,10,16,3,18.21,32.18,0.0,0.0,0.0,313.68,3.6,321.0,1010.34,
2008,10,16,4,17.75,32.59,0.0,0.0,0.0,312.55,3.67,320.0,1010.77,
2008,10,16,5,18.95,30.79,0.0,0.0,0.0,312.9,3.73,321.0,1011.34,
2008,10,16,6,20.14,29.0,25.0,169.24,16.0,313.25,3.79,322.0,1011.9,
2008,10,16,7,21.33,27.2,240.0,583.06,79.0,313.6,3.85,323.0,1012.46,
2008,10,16,8,23.22,24.11,461.0,712.73,122.0,317.77,4.66,322.0,1012.36,
2008,10,16,9,25.1,21.03,653.0,792.98,147.0,321.93,5.48,321.0,1012.26,
2008,10,16,10,26.98,17.94,789.0,829.3,165.0,326.1,6.29,320.0,1012.16,
2008,10,16,11,27.66,17.3,853.0,821.33,187.0,325.73,6.25,320.0,1011.37,
2008,10,16,12,28.34,16.66,842.0,790.68,202.0,325.37,6.21,320.0,1010.58,
2008,10,16,13,29.03,16.02,764.0,753.82,200.0,325.0,6.17,319.0,1009.78,
2008,10,16,14,28.0,17.25,601.0,614.57,213.0,320.7,5.67,320.0,1009.58,
2008,10,16,15,26.98,18.47,439.0,636.21,142.0,316.4,5.17,321.0,1009.39,
2008,10,16,16,25.96,19.7,223.0,504.0,89.0,312.1,4.68,321.0,1009.19,
2008,10,16,17,24.83,22.59,14.0,47.43,12.0,310.35,4.66,322.0,1009.62,
2008,10,16,18,23.69,25.48,0.0,0.0,0.0,308.6,4.65,323.0,1010.05,
2008,10,16,19,22.56,28.37,0.0,0.0,0.0,306.85,4.63,323.0,1010.48,
2008,10,16,20,21.89,30.58,0.0,0.0,0.0,306.75,4.55,326.0,1010.48,
2008,10,16,21,21.23,32.79,0.0,0.0,0.0,306.65,4.47,328.0,1010.48,
2008,10,16,22,20.56,35.0,0.0,0.0,0.0,306.55,4.39,331.0,1010.48,
2008,10,16,23,20.18,36.69,0.0,0.0,0.0,306.47,4.25,333.0,1010.18,
2008,10,17,0,19.8,38.38,0.0,0.0,0.0,306.38,4.12,335.0,1009.88,
2008,10,17,1,19.42,40.07,0.0,0.0,0.0,306.3,3.99,338.0,1009.58,
2008,10,17,2,19.17,40.22,0.0,0.0,0.0,305.38,3.99,341.0,1009.88,
2008,10,17,3,18.92,40.37,0.0,0.0,0.0,304.47,4.0,344.0,1010.18,
2008,10,17,4,18.66,40.52,0.0,0.0,0.0,303.55,4.0,347.0,1010.48,
2008,10,17,5,19.81,38.27,0.0,0.0,0.0,304.82,4.03,350.0,1010.77,
2008,10,17,6,20.96,36.03,20.0,78.48,16.0,306.08,4.06,353.0,1011.07,
2008,10,17,7,22.11,33.78,240.0,602.98,75.0,307.35,4.08,356.0,1011.37,
2008,10,17,8,23.9,30.03,463.0,738.09,114.0,313.03,4.58,357.0,1010.94,
2008,10,17,9,25.68,26.28,653.0,806.29,141.0,318.72,5.08,359.0,1010.51,
2008,10,17,10,27.47,22.53,790.0,843.71,158.0,324.4,5.57,0.0,1010.08,
2008,10,17,11,28.25,20.63,854.0,836.15,179.0,325.17,5.43,357.0,1009.02,
2008,10,17,12,29.03,18.74,853.0,836.61,179.0,325.93,5.3,354.0,1007.96,
2008,10,17,13,29.81,16.84,773.0,798.1,179.0,326.7,5.16,351.0,1006.9,
2008,10,17,14,28.79,17.34,608.0,651.93,199.0,321.62,4.87,347.0,1006.67,
2008,10,17,15,27.77,17.83,438.0,648.11,138.0,316.53,4.58,344.0,1006.44,
2008,10,17,16,26.75,18.33,219.0,499.91,88.0,311.45,4.29,340.0,1006.21,
2008,10,17,17,25.58,20.59,9.0,0.0,9.0,309.9,4.4,341.0,1006.67,
2008,10,17,18,24.41,22.86,0.0,0.0,0.0,308.35,4.52,341.0,1007.14,
2008,10,17,19,23.24,25.12,0.0,0.0,0.0,306.8,4.63,341.0,1007.6,
2008,10,17,20,22.55,27.41,0.0,0.0,0.0,306.43,4.55,345.0,1007.57,
2008,10,17,21,21.87,29.7,0.0,0.0,0.0,306.07,4.46,349.0,1007.53,
2008,10,17,22,21.18,31.99,0.0,0.0,0.0,305.7,4.37,352.0,1007.5,
2008,10,17,23,20.78,35.61,0.0,0.0,0.0,305.45,4.27,354.0,1007.24,
2008,10,18,0,20.37,39.24,0.0,0.0,0.0,305.2,4.16,355.0,1006.97,
2008,10,18,1,19.96,42.86,0.0,0.0,0.0,304.95,4.06,356.0,1006.71,
2008,10,18,2,19.42,44.92,0.0,0.0,0.0,304.25,3.76,355.0,1006.64,
2008,10,18,3,18.88,46.97,0.0,0.0,0.0,303.55,3.46,354.0,1006.57,
2008,10,18,4,18.33,49.03,0.0,0.0,0.0,302.85,3.16,353.0,1006.51,
2008,10,18,5,19.32,48.65,0.0,0.0,0.0,304.77,3.11,352.0,1006.84,
2008,10,18,6,20.3,48.26,15.0,41.05,13.0,306.68,3.06,352.0,1007.17,
2008,10,18,7,21.28,47.88,228.0,516.39,88.0,308.6,3.01,352.0,1007.5,
2008,10,18,8,23.23,42.45,452.0,695.72,125.0,315.8,2.95,350.0,1007.2,
2008,10,18,9,25.17,37.03,646.0,791.29,146.0,323.0,2.9,347.0,1006.9,
2008,10,18,10,27.12,31.6,786.0,843.53,157.0,330.2,2.84,345.0,1006.61,
2008,10,18,11,28.17,28.12,855.0,851.13,171.0,331.68,2.9,338.0,1005.71,
2008,10,18,12,29.22,24.65,848.0,835.6,178.0,333.17,2.95,331.0,1004.82,
2008,10,18,13,30.28,21.17,769.0,796.92,179.0,334.65,3.01,324.0,1003.93,
2008,10,18,14,29.46,21.93,607.0,664.08,193.0,329.35,3.0,322.0,1003.76,
2008,10,18,15,28.65,22.68,436.0,657.97,134.0,324.05,2.99,320.0,1003.6,
2008,10,18,16,27.83,23.44,218.0,514.97,85.0,318.75,2.98,319.0,1003.43,
2008,10,18,17,26.51,27.22,0.0,0.0,0.0,316.5,3.19,321.0,1003.93,
2008,10,18,18,25.18,30.99,0.0,0.0,0.0,314.25,3.4,324.0,1004.42,
2008,10,18,19,23.86,34.77,0.0,0.0,0.0,312.0,3.61,327.0,1004.92,
2008,10,18,20,23.14,37.6,0.0,0.0,0.0,312.02,3.53,331.0,1005.15,
2008,10,18,21,22.41,40.42,0.0,0.0,0.0,312.03,3.45,336.0,1005.38,
2008,10,18,22,21.69,43.25,0.0,0.0,0.0,312.05,3.37,340.0,1005.61,
2008,10,18,23,21.17,45.6,0.0,0.0,0.0,312.27,3.31,344.0,1005.55,
2008,10,19,0,20.65,47.96,0.0,0.0,0.0,312.48,3.26,348.0,1005.48,
2008,10,19,1,20.12,50.31,0.0,0.0,0.0,312.7,3.2,352.0,1005.42,
2008,10,19,2,19.61,51.18,0.0,0.0,0.0,313.47,3.09,354.0,1005.55,
2008,10,19,3,19.09,52.04,0.0,0.0,0.0,314.23,2.99,357.0,1005.68,
2008,10,19,4,18.57,52.91,0.0,0.0,0.0,315.0,2.88,360.0,1005.81,
2008,10,19,5,19.62,50.61,0.0,0.0,0.0,316.9,2.77,360.0,1006.14,
2008,10,19,6,20.67,48.31,15.0,43.06,13.0,318.8,2.65,0.0,1006.47,
2008,10,19,7,21.71,46.01,225.0,513.86,87.0,320.7,2.54,0.0,1006.81,
2008,10,19,8,24.1,39.71,447.0,682.85,128.0,327.97,2.46,356.0,1006.54,
2008,10,19,9,26.49,33.41,639.0,774.58,152.0,335.23,2.39,352.0,1006.28,
2008,10,19,10,28.88,27.11,783.0,842.04,158.0,342.5,2.32,348.0,1006.01,
2008,10,19,11,30.01,24.26,851.0,850.01,171.0,344.17,2.53,337.0,1005.28,
2008,10,19,12,31.14,21.4,849.0,850.87,170.0,345.83,2.75,327.0,1004.56,
2008,10,19,13,32.28,18.55,773.0,826.94,164.0,347.5,2.97,316.0,1003.83,
2008,10,19,14,31.43,19.85,620.0,731.24,167.0,343.1,2.97,317.0,1003.76,
2008,10,19,15,30.59,21.14,441.0,707.49,119.0,338.7,2.98,318.0,1003.7,
2008,10,19,16,29.75,22.44,212.0,491.07,87.0,334.3,2.99,319.0,1003.63,
2008,10,19,17,28.25,25.24,0.0,0.0,0.0,331.63,3.3,324.0,1004.23,
2008,10,19,18,26.75,28.04,0.0,0.0,0.0,328.97,3.6,328.0,1004.82,
2008,10,19,19,25.25,30.84,0.0,0.0,0.0,326.3,3.9,333.0,1005.42,
2008,10,19,20,24.4,33.52,0.0,0.0,0.0,326.3,3.76,338.0,1005.61,
2008,10,19,21,23.56,36.19,0.0,0.0,0.0,326.3,3.61,344.0,1005.81,
2008,10,19,22,22.71,38.87,0.0,0.0,0.0,326.3,3.46,349.0,1006.01,
2008,10,19,23,22.02,42.07,0.0,0.0,0.0,326.17,3.26,353.0,1006.08,
2008,10,20,0,21.32,45.27,0.0,0.0,0.0,326.03,3.07,357.0,1006.14,
2008,10,20,1,20.62,48.47,0.0,0.0,0.0,325.9,2.87,1.0,1006.21,
2008,10,20,2,19.95,48.98,0.0,0.0,0.0,325.27,2.74,2.0,1006.24,
2008,10,20,3,19.27,49.5,0.0,0.0,0.0,324.63,2.6,3.0,1006.28,
2008,10,20,4,18.59,50.01,0.0,0.0,0.0,324.0,2.47,4.0,1006.31,
2008,10,20,5,19.75,47.15,0.0,0.0,0.0,325.92,2.36,3.0,1006.67,
2008,10,20,6,20.91,44.28,12.0,22.65,11.0,327.83,2.25,2.0,1007.04,
2008,10,20,7,22.06,41.42,224.0,522.63,85.0,329.75,2.14,0.0,1007.4,
2008,10,20,8,24.69,35.6,446.0,693.57,124.0,336.93,2.35,353.0,1007.3,
2008,10,20,9,27.32,29.79,639.0,788.12,146.0,344.12,2.56,346.0,1007.2,
2008,10,20,10,29.95,23.97,779.0,841.9,157.0,351.3,2.77,339.0,1007.1,
2008,10,20,11,31.04,21.68,851.0,865.22,162.0,352.77,3.21,334.0,1006.34,
2008,10,20,12,32.12,19.38,849.0,865.03,162.0,354.23,3.66,328.0,1005.58,
2008,10,20,13,33.21,17.09,769.0,825.88,164.0,355.7,4.1,323.0,1004.82,
2008,10,20,14,32.08,18.64,616.0,729.37,167.0,350.73,4.03,323.0,1004.72,
2008,10,20,15,30.96,20.18,435.0,691.32,123.0,345.77,3.96,323.0,1004.62,
2008,10,20,16,29.84,21.73,210.0,506.23,83.0,340.8,3.89,324.0,1004.52,
2008,10,20,17,28.43,25.44,0.0,0.0,0.0,339.25,3.92,326.0,1005.02,
2008,10,20,18,27.02,29.16,0.0,0.0,0.0,337.7,3.94,329.0,1005.52,
2008,10,20,19,25.61,32.87,0.0,0.0,0.0,336.15,3.97,332.0,1006.01,
2008,10,20,20,24.73,37.0,0.0,0.0,0.0,335.27,3.73,335.0,1006.04,
2008,10,20,21,23.86,41.13,0.0,0.0,0.0,334.38,3.49,338.0,1006.08,
2008,10,20,22,22.98,45.26,0.0,0.0,0.0,333.5,3.26,342.0,1006.11,
2008,10,20,23,22.38,49.17,0.0,0.0,0.0,332.73,3.14,342.0,1006.04,
2008,10,21,0,21.78,53.07,0.0,0.0,0.0,331.97,3.03,343.0,1005.98,
2008,10,21,1,21.17,56.98,0.0,0.0,0.0,331.2,2.92,344.0,1005.91,
2008,10,21,2,20.69,57.85,0.0,0.0,0.0,331.3,2.89,343.0,1005.85,
2008,10,21,3,20.21,58.71,0.0,0.0,0.0,331.4,2.85,343.0,1005.78,
2008,10,21,4,19.73,59.58,0.0,0.0,0.0,331.5,2.81,343.0,1005.71,
2008,10,21,5,20.58,57.92,0.0,0.0,0.0,332.72,2.96,340.0,1006.14,
2008,10,21,6,21.42,56.26,10.0,23.92,9.0,333.93,3.11,338.0,1006.57,
2008,10,21,7,22.26,54.6,208.0,417.72,98.0,335.15,3.26,336.0,1007.0,
2008,10,21,8,24.19,48.04,434.0,641.61,138.0,342.28,3.79,333.0,1006.81,
2008,10,21,9,26.12,41.49,625.0,743.98,162.0,349.42,4.32,331.0,1006.61,
2008,10,21,10,28.05,34.93,771.0,825.47,164.0,356.55,4.86,328.0,1006.41,
2008,10,21,11,29.04,31.53,847.0,864.18,162.0,358.3,5.04,326.0,1005.52,
2008,10,21,12,30.03,28.14,840.0,848.95,169.0,360.05,5.22,324.0,1004.62,
2008,10,21,13,31.02,24.74,772.0,856.35,148.0,361.8,5.41,322.0,1003.73,
2008,10,21,14,29.9,26.04,622.0,771.57,150.0,357.68,5.16,321.0,1003.56,
2008,10,21,15,28.79,27.33,433.0,701.62,119.0,353.57,4.92,319.0,1003.4,
2008,10,21,16,27.67,28.63,209.0,521.72,80.0,349.45,4.68,318.0,1003.23,
2008,10,21,17,26.43,31.94,0.0,0.0,0.0,345.53,4.69,320.0,1003.66,
2008,10,21,18,25.19,35.26,0.0,0.0,0.0,341.62,4.7,322.0,1004.09,
2008,10,21,19,23.95,38.57,0.0,0.0,0.0,337.7,4.72,323.0,1004.52,
2008,10,21,20,23.17,41.22,0.0,0.0,0.0,334.43,4.54,325.0,1004.69,
2008,10,21,21,22.4,43.87,0.0,0.0,0.0,331.17,4.37,327.0,1004.85,
2008,10,21,22,21.62,46.52,0.0,0.0,0.0,327.9,4.19,330.0,1005.02,
2008,10,21,23,21.15,49.18,0.0,0.0,0.0,325.13,3.99,331.0,1004.95,
2008,10,22,0,20.68,51.83,0.0,0.0,0.0,322.37,3.78,332.0,1004.89,
2008,10,22,1,20.2,54.49,0.0,0.0,0.0,319.6,3.57,333.0,1004.82,
2008,10,22,2,19.63,56.77,0.0,0.0,0.0,316.63,3.49,333.0,1004.82,
2008,10,22,3,19.06,59.05,0.0,0.0,0.0,313.67,3.4,334.0,1004.82,
2008,10,22,4,18.48,61.33,0.0,0.0,0.0,310.7,3.31,334.0,1004.82,
2008,10,22,5,19.32,59.85,0.0,0.0,0.0,311.9,3.4,334.0,1005.05,
2008,10,22,6,20.16,58.36,0.0,0.0,0.0,313.1,3.49,335.0,1005.28,
2008,10,22,7,20.99,56.88,174.0,230.17,114.0,314.3,3.57,335.0,1005.52,
2008,10,22,8,22.65,50.6,394.0,471.22,178.0,321.1,3.9,333.0,1005.18,
2008,10,22,9,24.31,44.31,604.0,673.57,187.0,327.9,4.23,332.0,1004.85,
2008,10,22,10,25.97,38.03,750.0,762.45,192.0,334.7,4.55,330.0,1004.52,
2008,10,22,11,26.94,34.47,824.0,801.04,192.0,335.92,4.74,326.0,1003.73,
2008,10,22,12,27.9,30.9,836.0,847.98,169.0,337.13,4.92,322.0,1002.94,
2008,10,22,13,28.87,27.34,764.0,838.83,156.0,338.35,5.1,318.0,1002.14,
2008,10,22,14,27.83,28.51,621.0,784.66,144.0,334.47,5.01,318.0,1001.98,
2008,10,22,15,26.8,29.67,433.0,725.54,111.0,330.58,4.92,317.0,1001.81,
2008,10,22,16,25.77,30.84,204.0,508.81,80.0,326.7,4.83,317.0,1001.65,
2008,10,22,17,24.74,34.18,0.0,0.0,0.0,324.63,4.84,319.0,1002.17,
2008,10,22,18,23.72,37.52,0.0,0.0,0.0,322.57,4.86,321.0,1002.7,
2008,10,22,19,22.69,40.86,0.0,0.0,0.0,320.5,4.87,323.0,1003.23,
2008,10,22,20,22.0,43.55,0.0,0.0,0.0,319.52,4.63,325.0,1003.43,
2008,10,22,21,21.3,46.25,0.0,0.0,0.0,318.53,4.4,326.0,1003.63,
2008,10,22,22,20.61,48.94,0.0,0.0,0.0,317.55,4.17,328.0,1003.83,
2008,10,22,23,20.15,51.42,0.0,0.0,0.0,317.03,3.92,328.0,1003.8,
2008,10,23,0,19.69,53.89,0.0,0.0,0.0,316.52,3.68,329.0,1003.76,
2008,10,23,1,19.22,56.37,0.0,0.0,0.0,316.0,3.43,329.0,1003.73,
2008,10,23,2,18.92,57.69,0.0,0.0,0.0,315.1,3.31,329.0,1003.8,
2008,10,23,3,18.62,59.0,0.0,0.0,0.0,314.2,3.2,330.0,1003.86,
2008,10,23,4,18.31,60.32,0.0,0.0,0.0,313.3,3.08,330.0,1003.93,
2008,10,23,5,19.27,57.56,0.0,0.0,0.0,314.88,3.05,328.0,1004.42,
2008,10,23,6,20.23,54.8,0.0,0.0,0.0,316.47,3.03,326.0,1004.92,
2008,10,23,7,21.19,52.04,211.0,476.76,88.0,318.05,3.01,324.0,1005.42,
2008,10,23,8,22.82,46.49,435.0,676.34,127.0,323.97,3.63,323.0,1005.28,
2008,10,23,9,24.44,40.95,632.0,800.56,139.0,329.88,4.26,323.0,1005.15,
2008,10,23,10,26.06,35.4,779.0,886.95,133.0,335.8,4.88,322.0,1005.02,
2008,10,23,11,26.75,33.4,843.0,878.66,153.0,336.38,5.06,319.0,1004.32,
2008,10,23,12,27.44,31.41,845.0,895.53,144.0,336.97,5.24,317.0,1003.63,
2008,10,23,13,28.14,29.41,760.0,837.75,156.0,337.55,5.42,314.0,1002.94,
2008,10,23,14,27.28,30.92,627.0,827.67,127.0,334.65,5.25,314.0,1002.97,
2008,10,23,15,26.43,32.42,431.0,736.16,107.0,331.75,5.07,314.0,1003.0,
2008,10,23,16,25.58,33.93,206.0,553.69,73.0,328.85,4.9,315.0,1003.03,
2008,10,23,17,24.66,37.13,0.0,0.0,0.0,327.95,4.65,316.0,1003.46,
2008,10,23,18,23.75,40.32,0.0,0.0,0.0,327.05,4.41,318.0,1003.89,
2008,10,23,19,22.83,43.52,0.0,0.0,0.0,326.15,4.17,320.0,1004.32,
2008,10,23,20,22.19,45.85,0.0,0.0,0.0,326.02,4.06,322.0,1004.52,
2008,10,23,21,21.55,48.19,0.0,0.0,0.0,325.88,3.95,324.0,1004.72,
2008,10,23,22,20.91,50.52,0.0,0.0,0.0,325.75,3.85,326.0,1004.92,
2008,10,23,23,20.49,52.84,0.0,0.0,0.0,325.83,3.61,327.0,1004.82,
2008,10,24,0,20.06,55.15,0.0,0.0,0.0,325.92,3.37,329.0,1004.72,
2008,10,24,1,19.63,57.47,0.0,0.0,0.0,326.0,3.13,330.0,1004.62,
2008,10,24,2,19.29,58.49,0.0,0.0,0.0,324.68,3.13,329.0,1004.82,
2008,10,24,3,18.94,59.51,0.0,0.0,0.0,323.37,3.12,329.0,1005.02,
2008,10,24,4,18.59,60.53,0.0,0.0,0.0,322.05,3.12,329.0,1005.22,
2008,10,24,5,19.51,57.96,0.0,0.0,0.0,323.48,3.07,329.0,1005.65,
2008,10,24,6,20.43,55.38,0.0,0.0,0.0,324.92,3.03,330.0,1006.08,
2008,10,24,7,21.34,52.81,206.0,454.42,90.0,326.35,2.98,330.0,1006.51,
2008,10,24,8,22.83,47.77,429.0,660.95,130.0,331.25,3.43,330.0,1006.31,
2008,10,24,9,24.32,42.73,628.0,798.33,139.0,336.15,3.89,329.0,1006.11,
2008,10,24,10,25.81,37.69,767.0,854.01,148.0,341.05,4.34,328.0,1005.91,
2008,10,24,11,26.5,34.68,839.0,877.7,153.0,340.42,4.57,324.0,1005.12,
2008,10,24,12,27.19,31.68,836.0,878.07,152.0,339.78,4.8,321.0,1004.32,
2008,10,24,13,27.89,28.67,767.0,884.05,133.0,339.15,5.03,318.0,1003.53,
2008,10,24,14,27.01,28.58,616.0,796.22,138.0,333.98,4.98,318.0,1003.7,
2008,10,24,15,26.14,28.5,395.0,561.3,150.0,328.82,4.92,318.0,1003.86,
2008,10,24,16,25.26,28.41,193.0,464.58,83.0,323.65,4.87,318.0,1004.03,
2008,10,24,17,24.28,31.35,0.0,0.0,0.0,321.8,4.8,319.0,1004.49,
2008,10,24,18,23.3,34.3,0.0,0.0,0.0,319.95,4.72,319.0,1004.95,
2008,10,24,19,22.32,37.24,0.0,0.0,0.0,318.1,4.65,320.0,1005.42,
2008,10,24,20,21.64,39.64,0.0,0.0,0.0,317.62,4.46,321.0,1005.61,
2008,10,24,21,20.95,42.03,0.0,0.0,0.0,317.13,4.26,323.0,1005.81,
2008,10,24,22,20.27,44.43,0.0,0.0,0.0,316.65,4.07,324.0,1006.01,
2008,10,24,23,19.79,46.6,0.0,0.0,0.0,316.45,3.77,325.0,1005.88,
2008,10,25,0,19.31,48.76,0.0,0.0,0.0,316.25,3.48,325.0,1005.75,
2008,10,25,1,18.83,50.93,0.0,0.0,0.0,316.05,3.19,326.0,1005.61,
2008,10,25,2,18.52,51.24,0.0,0.0,0.0,315.48,3.12,325.0,1005.78,
2008,10,25,3,18.2,51.56,0.0,0.0,0.0,314.92,3.06,324.0,1005.95,
2008,10,25,4,17.88,51.87,0.0,0.0,0.0,314.35,2.99,324.0,1006.11,
2008,10,25,5,18.9,49.14,0.0,0.0,0.0,316.03,2.92,323.0,1006.57,
2008,10,25,6,19.92,46.41,0.0,0.0,0.0,317.72,2.86,322.0,1007.04,
2008,10,25,7,20.93,43.68,213.0,526.68,80.0,319.4,2.79,321.0,1007.5,
2008,10,25,8,22.59,38.87,435.0,712.17,115.0,324.07,3.52,321.0,1007.17,
2008,10,25,9,24.24,34.06,631.0,827.29,127.0,328.73,4.25,320.0,1006.84,
2008,10,25,10,25.89,29.25,771.0,884.54,133.0,333.4,4.98,320.0,1006.51,
2008,10,25,11,26.45,27.62,826.0,844.59,169.0,331.58,5.26,317.0,1005.75,
2008,10,25,12,27.01,25.99,828.0,860.43,161.0,329.77,5.55,314.0,1004.99,
2008,10,25,13,27.57,24.36,755.0,850.9,148.0,327.95,5.83,311.0,1004.23,
2008,10,25,14,26.62,25.42,615.0,809.57,132.0,323.22,5.46,312.0,1004.29,
2008,10,25,15,25.67,26.47,419.0,704.54,114.0,318.48,5.08,314.0,1004.36,
2008,10,25,16,24.72,27.53,189.0,458.44,82.0,313.75,4.7,315.0,1004.42,
2008,10,25,17,23.74,30.55,0.0,0.0,0.0,312.38,4.65,316.0,1005.05,
2008,10,25,18,22.75,33.57,0.0,0.0,0.0,311.02,4.6,316.0,1005.68,
2008,10,25,19,21.77,36.59,0.0,0.0,0.0,309.65,4.55,316.0,1006.31,
2008,10,25,20,21.11,39.25,0.0,0.0,0.0,309.85,4.38,320.0,1006.41,
2008,10,25,21,20.46,41.91,0.0,0.0,0.0,310.05,4.21,323.0,1006.51,
2008,10,25,22,19.8,44.57,0.0,0.0,0.0,310.25,4.04,326.0,1006.61,
2008,10,25,23,19.36,47.85,0.0,0.0,0.0,310.83,3.83,329.0,1006.44,
2008,10,26,0,18.92,51.12,0.0,0.0,0.0,311.42,3.62,332.0,1006.28,
2008,10,26,1,18.47,54.4,0.0,0.0,0.0,312.0,3.41,336.0,1006.11,
2008,10,26,2,18.3,56.57,0.0,0.0,0.0,313.22,3.34,338.0,1006.41,
2008,10,26,3,18.12,58.74,0.0,0.0,0.0,314.43,3.28,341.0,1006.71,
2008,10,26,4,17.94,60.91,0.0,0.0,0.0,315.65,3.21,344.0,1007.0,
2008,10,26,5,18.76,60.23,0.0,0.0,0.0,317.33,3.24,342.0,1007.47,
2008,10,26,6,19.57,59.56,0.0,0.0,0.0,319.02,3.27,341.0,1007.93,
2008,10,26,7,20.38,58.88,203.0,468.47,86.0,320.7,3.3,340.0,1008.39,
2008,10,26,8,22.0,51.97,434.0,723.8,111.0,325.87,3.65,339.0,1008.03,
2008,10,26,9,23.62,45.07,631.0,841.75,121.0,331.03,4.0,338.0,1007.67,
2008,10,26,10,25.24,38.16,772.0,900.06,126.0,336.2,4.34,338.0,1007.3,
2008,10,26,11,26.08,34.62,840.0,909.33,136.0,336.17,4.48,336.0,1006.47,
2008,10,26,12,26.91,31.08,836.0,908.72,135.0,336.13,4.61,335.0,1005.65,
2008,10,26,13,27.75,27.54,759.0,880.79,134.0,336.1,4.74,334.0,1004.82,
2008,10,26,14,26.95,27.59,610.0,807.85,131.0,331.48,4.55,333.0,1005.02,
2008,10,26,15,26.16,27.64,417.0,714.98,110.0,326.87,4.35,333.0,1005.22,
2008,10,26,16,25.37,27.69,188.0,473.72,79.0,322.25,4.15,332.0,1005.42,
2008,10,26,17,24.32,30.35,0.0,0.0,0.0,320.1,4.18,331.0,1005.91,
2008,10,26,18,23.26,33.01,0.0,0.0,0.0,317.95,4.21,330.0,1006.41,
2008,10,26,19,22.21,35.67,0.0,0.0,0.0,315.8,4.23,328.0,1006.9,
2008,10,26,20,21.58,37.91,0.0,0.0,0.0,315.37,4.22,332.0,1007.14,
2008,10,26,21,20.94,40.16,0.0,0.0,0.0,314.93,4.21,335.0,1007.37,
2008,10,26,22,20.31,42.4,0.0,0.0,0.0,314.5,4.19,339.0,1007.6,
2008,10,26,23,19.88,45.53,0.0,0.0,0.0,314.8,4.03,344.0,1007.53,
2008,10,27,0,19.44,48.65,0.0,0.0,0.0,315.1,3.86,350.0,1007.47,
2008,10,27,1,19.0,51.78,0.0,0.0,0.0,315.4,3.7,355.0,1007.4,
2008,10,27,2,18.58,54.07,0.0,0.0,0.0,314.57,3.49,354.0,1007.57,
2008,10,27,3,18.15,56.37,0.0,0.0,0.0,313.73,3.29,353.0,1007.73,
2008,10,27,4,17.72,58.66,0.0,0.0,0.0,312.9,3.09,353.0,1007.9,
2008,10,27,5,18.65,57.26,0.0,0.0,0.0,314.5,3.07,351.0,1008.39,
2008,10,27,6,19.57,55.85,0.0,0.0,0.0,316.1,3.04,349.0,1008.89,
2008,10,27,7,20.49,54.45,194.0,413.05,92.0,317.7,3.02,348.0,1009.39,
2008,10,27,8,22.14,48.42,422.0,670.18,125.0,323.7,3.3,344.0,1009.09,
2008,10,27,9,23.78,42.39,617.0,794.99,138.0,329.7,3.58,341.0,1008.79,
2008,10,27,10,25.43,36.36,763.0,882.14,133.0,335.7,3.86,338.0,1008.49,
2008,10,27,11,26.1,33.07,831.0,891.63,144.0,335.12,4.07,333.0,1007.5,
2008,10,27,12,26.77,29.79,828.0,891.02,144.0,334.53,4.28,327.0,1006.51,
2008,10,27,13,27.45,26.5,746.0,848.62,147.0,333.95,4.48,322.0,1005.52,
2008,10,27,14,26.52,27.35,603.0,790.79,137.0,329.47,4.41,322.0,1005.58,
2008,10,27,15,25.6,28.19,413.0,713.77,109.0,324.98,4.34,321.0,1005.65,
2008,10,27,16,24.68,29.04,188.0,498.12,75.0,320.5,4.26,321.0,1005.71,
2008,10,27,17,23.7,31.81,0.0,0.0,0.0,318.57,4.4,322.0,1006.31,
2008,10,27,18,22.71,34.58,0.0,0.0,0.0,316.63,4.54,324.0,1006.9,
2008,10,27,19,21.73,37.35,0.0,0.0,0.0,314.7,4.68,326.0,1007.5,
2008,10,27,20,21.1,39.73,0.0,0.0,0.0,314.43,4.57,329.0,1007.67,
2008,10,27,21,20.47,42.11,0.0,0.0,0.0,314.17,4.46,332.0,1007.83,
2008,10,27,22,19.84,44.49,0.0,0.0,0.0,313.9,4.36,336.0,1008.0,
2008,10,27,23,19.4,46.77,0.0,0.0,0.0,313.75,4.11,339.0,1007.76,
2008,10,28,0,18.96,49.04,0.0,0.0,0.0,313.6,3.87,343.0,1007.53,
2008,10,28,1,18.52,51.32,0.0,0.0,0.0,313.45,3.63,347.0,1007.3,
2008,10,28,2,18.17,51.83,0.0,0.0,0.0,311.97,3.41,346.0,1007.37,
2008,10,28,3,17.82,52.34,0.0,0.0,0.0,310.48,3.2,346.0,1007.43,
2008,10,28,4,17.47,52.85,0.0,0.0,0.0,309.0,2.98,345.0,1007.5,
2008,10,28,5,18.45,50.5,0.0,0.0,0.0,310.42,2.95,345.0,1008.03,
2008,10,28,6,19.43,48.14,0.0,0.0,0.0,311.83,2.91,345.0,1008.56,
2008,10,28,7,20.41,45.79,207.0,548.92,73.0,313.25,2.88,345.0,1009.09,
2008,10,28,8,21.96,41.32,429.0,731.75,107.0,318.82,3.29,343.0,1008.79,
2008,10,28,9,23.5,36.86,630.0,869.56,109.0,324.38,3.7,341.0,1008.49,
2008,10,28,10,25.05,32.39,763.0,897.83,125.0,329.95,4.11,339.0,1008.19,
2008,10,28,11,25.71,30.8,835.0,923.32,127.0,330.0,4.32,332.0,1007.24,
2008,10,28,12,26.36,29.22,828.0,905.86,136.0,330.05,4.53,326.0,1006.28,
2008,10,28,13,27.02,27.63,750.0,878.74,133.0,330.1,4.74,320.0,1005.32,
2008,10,28,14,26.18,28.82,599.0,788.81,137.0,326.22,4.68,319.0,1005.35,
2008,10,28,15,25.35,30.02,409.0,712.43,108.0,322.33,4.61,318.0,1005.38,
2008,10,28,16,24.51,31.21,186.0,509.65,72.0,318.45,4.54,318.0,1005.42,
2008,10,28,17,23.55,34.26,0.0,0.0,0.0,317.53,4.53,320.0,1005.91,
2008,10,28,18,22.58,37.3,0.0,0.0,0.0,316.62,4.52,321.0,1006.41,
2008,10,28,19,21.62,40.35,0.0,0.0,0.0,315.7,4.51,323.0,1006.9,
2008,10,28,20,20.94,42.73,0.0,0.0,0.0,315.47,4.4,326.0,1007.14,
2008,10,28,21,20.27,45.12,0.0,0.0,0.0,315.23,4.3,328.0,1007.37,
2008,10,28,22,19.59,47.5,0.0,0.0,0.0,315.0,4.19,331.0,1007.6,
2008,10,28,23,19.17,49.63,0.0,0.0,0.0,314.88,4.05,333.0,1007.63,
2008,10,29,0,18.75,51.75,0.0,0.0,0.0,314.77,3.91,336.0,1007.67,
2008,10,29,1,18.32,53.88,0.0,0.0,0.0,314.65,3.77,338.0,1007.7,
2008,10,29,2,17.9,55.05,0.0,0.0,0.0,313.22,3.61,338.0,1007.96,
2008,10,29,3,17.48,56.22,0.0,0.0,0.0,311.78,3.45,337.0,1008.23,
2008,10,29,4,17.06,57.39,0.0,0.0,0.0,310.35,3.3,336.0,1008.49,
2008,10,29,5,17.9,55.16,0.0,0.0,0.0,311.25,3.26,335.0,1008.96,
2008,10,29,6,18.73,52.92,0.0,0.0,0.0,312.15,3.22,333.0,1009.42,
2008,10,29,7,19.56,50.69,203.0,534.69,74.0,313.05,3.19,331.0,1009.88,
2008,10,29,8,21.0,45.8,430.0,757.61,99.0,317.68,3.87,330.0,1009.65,
2008,10,29,9,22.43,40.92,623.0,852.69,115.0,322.32,4.55,328.0,1009.42,
2008,10,29,10,23.87,36.03,759.0,895.3,126.0,326.95,5.23,327.0,1009.19,
2008,10,29,11,24.59,33.89,827.0,905.5,136.0,326.93,5.55,324.0,1008.29,
2008,10,29,12,25.31,31.75,823.0,905.04,135.0,326.92,5.87,322.0,1007.4,
2008,10,29,13,26.03,29.61,750.0,893.39,126.0,326.9,6.19,319.0,1006.51,
2008,10,29,14,25.13,30.45,601.0,817.68,125.0,323.0,5.92,320.0,1006.67,
2008,10,29,15,24.24,31.3,407.0,722.91,104.0,319.1,5.65,321.0,1006.84,
2008,10,29,16,23.35,32.14,180.0,480.55,74.0,315.2,5.38,321.0,1007.0,
2008,10,29,17,22.53,35.09,0.0,0.0,0.0,314.38,5.26,323.0,1007.7,
2008,10,29,18,21.71,38.04,0.0,0.0,0.0,313.57,5.14,324.0,1008.39,
2008,10,29,19,20.89,40.99,0.0,0.0,0.0,312.75,5.02,325.0,1009.09,
2008,10,29,20,20.29,43.22,0.0,0.0,0.0,312.68,4.82,327.0,1009.25,
2008,10,29,21,19.69,45.45,0.0,0.0,0.0,312.62,4.62,329.0,1009.42,
2008,10,29,22,19.09,47.68,0.0,0.0,0.0,312.55,4.41,331.0,1009.58,
2008,10,29,23,18.68,49.94,0.0,0.0,0.0,312.32,4.24,333.0,1009.58,
2008,10,30,0,18.27,52.19,0.0,0.0,0.0,312.08,4.06,336.0,1009.58,
2008,10,30,1,17.85,54.45,0.0,0.0,0.0,311.85,3.89,338.0,1009.58,
2008,10,30,2,17.58,56.25,0.0,0.0,0.0,311.43,3.77,342.0,1009.82,
2008,10,30,3,17.31,58.05,0.0,0.0,0.0,311.02,3.66,345.0,1010.05,
2008,10,30,4,17.04,59.85,0.0,0.0,0.0,310.6,3.54,349.0,1010.28,
2008,10,30,5,17.87,58.02,0.0,0.0,0.0,310.35,3.47,348.0,1010.71,
2008,10,30,6,18.7,56.18,0.0,0.0,0.0,310.1,3.39,347.0,1011.14,
2008,10,30,7,19.53,54.35,200.0,520.17,76.0,309.85,3.31,346.0,1011.57,
2008,10,30,8,21.01,46.77,422.0,728.55,106.0,313.17,4.03,345.0,1011.34,
2008,10,30,9,22.48,39.19,619.0,850.83,115.0,316.48,4.75,343.0,1011.11,
2008,10,30,10,23.96,31.61,755.0,894.17,126.0,319.8,5.48,341.0,1010.87,
2008,10,30,11,24.62,29.41,827.0,921.75,127.0,318.95,5.69,338.0,1009.95,
2008,10,30,12,25.28,27.2,824.0,920.04,128.0,318.1,5.9,335.0,1009.02,
2008,10,30,13,25.94,25.0,749.0,908.15,118.0,317.25,6.11,332.0,1008.1,
2008,10,30,14,25.08,26.19,600.0,831.27,119.0,314.05,5.74,333.0,1008.19,
2008,10,30,15,24.22,27.39,404.0,719.02,105.0,310.85,5.37,334.0,1008.29,
2008,10,30,16,23.36,28.58,178.0,482.65,73.0,307.65,4.99,335.0,1008.39,
2008,10,30,17,22.45,31.91,0.0,0.0,0.0,307.28,4.88,336.0,1008.99,
2008,10,30,18,21.54,35.25,0.0,0.0,0.0,306.92,4.76,336.0,1009.58,
2008,10,30,19,20.63,38.58,0.0,0.0,0.0,306.55,4.65,337.0,1010.18,
2008,10,30,20,19.98,41.33,0.0,0.0,0.0,306.98,4.44,340.0,1010.28,
2008,10,30,21,19.33,44.09,0.0,0.0,0.0,307.42,4.23,344.0,1010.38,
2008,10,30,22,18.68,46.84,0.0,0.0,0.0,307.85,4.03,347.0,1010.48,
2008,10,30,23,18.25,48.77,0.0,0.0,0.0,307.67,3.91,351.0,1010.34,
2008,10,31,0,17.81,50.7,0.0,0.0,0.0,307.48,3.8,355.0,1010.21,
2008,10,31,1,17.37,52.63,0.0,0.0,0.0,307.3,3.68,359.0,1010.08,
2008,10,31,2,17.02,54.03,0.0,0.0,0.0,306.87,3.62,359.0,1010.15,
2008,10,31,3,16.67,55.43,0.0,0.0,0.0,306.43,3.55,359.0,1010.21,
2008,10,31,4,16.32,56.83,0.0,0.0,0.0,306.0,3.49,359.0,1010.28,
2008,10,31,5,17.2,55.05,0.0,0.0,0.0,306.58,3.51,359.0,1010.51,
2008,10,31,6,18.08,53.26,0.0,0.0,0.0,307.17,3.53,360.0,1010.74,
2008,10,31,7,18.95,51.48,188.0,445.89,83.0,307.75,3.54,0.0,1010.97,
2008,10,31,8,20.69,45.99,410.0,675.87,119.0,312.43,4.0,2.0,1010.71,
2008,10,31,9,22.42,40.51,608.0,818.41,126.0,317.12,4.46,5.0,1010.44,
2008,10,31,10,24.16,35.02,751.0,893.03,126.0,321.8,4.92,7.0,1010.18,
2008,10,31,11,25.15,31.64,818.0,903.73,135.0,322.88,5.06,5.0,1009.39,
2008,10,31,12,26.13,28.25,819.0,919.23,127.0,323.97,5.19,3.0,1008.59,
2008,10,31,13,27.12,24.87,745.0,907.1,118.0,325.05,5.32,1.0,1007.8,
2008,10,31,14,26.14,25.93,599.0,844.95,113.0,321.2,4.91,359.0,1007.93,
2008,10,31,15,25.16,27.0,402.0,729.49,101.0,317.35,4.49,357.0,1008.06,
2008,10,31,16,24.18,28.06,173.0,461.34,74.0,313.5,4.07,355.0,1008.19,
2008,10,31,17,23.18,31.22,0.0,0.0,0.0,311.92,4.08,356.0,1008.79,
2008,10,31,18,19.68,42.3,0.0,0.0,0.0,306.58,4.04,358.0,1009.39,
2008,10,31,19,19.66,43.0,0.0,0.0,0.0,307.16,4.0,359.0,1009.98,
2008,10,31,20,19.64,43.7,0.0,0.0,0.0,307.73,3.95,2.0,1010.28,
2008,10,31,21,19.63,44.39,0.0,0.0,0.0,308.31,3.9,4.0,1010.58,
2008,10,31,22,19.61,45.09,0.0,0.0,0.0,308.89,3.86,7.0,1010.87,
2008,10,31,23,19.59,45.79,0.0,0.0,0.0,309.46,3.81,8.0,1010.81,
2008,11,1,0,19.58,46.49,0.0,0.0,0.0,310.04,3.77,9.0,1010.74,
2008,11,1,1,19.56,47.18,0.0,0.0,0.0,310.62,3.72,10.0,1010.68,
2008,11,1,2,19.54,47.88,0.0,0.0,0.0,311.2,3.67,7.0,1010.71,
2008,11,1,3,19.53,48.58,0.0,0.0,0.0,311.77,3.63,5.0,1010.74,
2008,11,1,4,19.51,49.28,0.0,0.0,0.0,312.35,3.58,3.0,1010.77,
2008,11,1,5,19.49,49.97,0.0,0.0,0.0,312.93,3.54,6.0,1011.3,
2008,11,1,6,19.48,50.67,0.0,0.0,0.0,313.51,3.49,8.0,1011.83,
2008,11,1,7,19.46,51.37,198.0,554.69,69.0,314.08,3.44,10.0,1012.36,
2008,11,1,8,19.44,52.07,422.0,765.17,95.0,314.66,3.4,16.0,1012.1,
2008,11,1,9,19.43,52.76,611.0,847.11,115.0,315.24,3.35,22.0,1011.83,
2008,11,1,10,25.59,31.8,747.0,891.88,126.0,329.25,4.58,29.0,1011.57,
2008,11,1,11,26.75,28.67,814.0,902.81,135.0,330.95,4.74,28.0,1010.64,
2008,11,1,12,27.9,25.55,815.0,918.38,127.0,332.65,4.91,28.0,1009.72,
2008,11,1,13,29.06,22.42,745.0,921.98,111.0,334.35,5.08,27.0,1008.79,
2008,11,1,14,28.05,23.2,602.0,872.71,103.0,329.72,4.69,25.0,1008.69,
2008,11,1,15,27.04,23.97,398.0,727.81,100.0,325.08,4.3,23.0,1008.59,
2008,11,1,16,26.03,24.75,173.0,486.52,70.0,320.45,3.92,20.0,1008.49,
2008,11,1,17,24.94,27.46,0.0,0.0,0.0,318.05,3.99,19.0,1008.99,
2008,11,1,18,23.86,30.18,0.0,0.0,0.0,315.65,4.06,18.0,1009.48,
2008,11,1,19,22.77,32.89,0.0,0.0,0.0,313.25,4.14,17.0,1009.98,
2008,11,1,20,22.18,35.24,0.0,0.0,0.0,312.2,4.22,16.0,1010.11,
2008,11,1,21,21.6,37.6,0.0,0.0,0.0,311.15,4.3,16.0,1010.25,
2008,11,1,22,21.01,39.95,0.0,0.0,0.0,310.1,4.39,15.0,1010.38,
2008,11,1,23,20.63,42.45,0.0,0.0,0.0,310.48,4.35,14.0,1010.38,
2008,11,2,0,20.24,44.95,0.0,0.0,0.0,310.87,4.32,13.0,1010.38,
2008,11,2,1,19.85,47.45,0.0,0.0,0.0,311.25,4.29,12.0,1010.38,
2008,11,2,2,19.6,49.32,0.0,0.0,0.0,311.68,4.13,13.0,1010.11,
2008,11,2,3,19.35,51.2,0.0,0.0,0.0,312.12,3.97,15.0,1009.85,
2008,11,2,4,19.1,53.07,0.0,0.0,0.0,312.55,3.81,16.0,1009.58,
2008,11,2,5,20.08,51.43,0.0,0.0,0.0,314.37,3.55,19.0,1009.78,
2008,11,2,6,21.07,49.79,0.0,0.0,0.0,316.18,3.3,21.0,1009.98,
2008,11,2,7,22.06,48.15,198.0,579.22,65.0,318.0,3.05,24.0,1010.18,
2008,11,2,8,23.89,42.0,417.0,749.76,99.0,324.67,3.33,26.0,1009.88,
2008,11,2,9,25.72,35.85,605.0,829.77,122.0,331.33,3.62,27.0,1009.58,
2008,11,2,10,27.55,29.7,742.0,882.05,131.0,338.0,3.9,29.0,1009.29,
2008,11,2,11,28.6,27.17,812.0,904.54,135.0,340.02,4.12,25.0,1008.33,
2008,11,2,12,29.65,24.65,804.0,886.63,143.0,342.03,4.34,21.0,1007.37,
2008,11,2,13,30.7,22.12,732.0,879.96,130.0,344.05,4.55,18.0,1006.41,
2008,11,2,14,29.54,22.95,593.0,840.9,115.0,338.95,4.22,13.0,1006.18,
2008,11,2,15,28.38,23.78,396.0,728.44,100.0,333.85,3.89,8.0,1005.95,
2008,11,2,16,27.23,24.61,178.0,560.07,61.0,328.75,3.56,4.0,1005.71,
2008,11,2,17,26.21,26.81,0.0,0.0,0.0,326.25,3.67,3.0,1006.18,
2008,11,2,18,25.2,29.0,0.0,0.0,0.0,323.75,3.78,3.0,1006.64,
2008,11,2,19,24.19,31.2,0.0,0.0,0.0,321.25,3.89,3.0,1007.1,
2008,11,2,20,23.58,32.8,0.0,0.0,0.0,319.65,3.91,2.0,1007.17,
2008,11,2,21,22.98,34.41,0.0,0.0,0.0,318.05,3.94,2.0,1007.24,
2008,11,2,22,22.37,36.01,0.0,0.0,0.0,316.45,3.96,1.0,1007.3,
2008,11,2,23,21.93,38.13,0.0,0.0,0.0,316.0,3.98,360.0,1007.27,
2008,11,3,0,21.49,40.25,0.0,0.0,0.0,315.55,4.0,358.0,1007.24,
2008,11,3,1,21.05,42.37,0.0,0.0,0.0,315.1,4.01,357.0,1007.2,
2008,11,3,2,20.63,44.63,0.0,0.0,0.0,315.43,3.9,355.0,1006.9,
2008,11,3,3,20.21,46.89,0.0,0.0,0.0,315.77,3.79,354.0,1006.61,
2008,11,3,4,19.8,49.15,0.0,0.0,0.0,316.1,3.68,352.0,1006.31,
2008,11,3,5,20.54,48.83,0.0,0.0,0.0,316.65,3.67,353.0,1006.64,
2008,11,3,6,21.29,48.51,0.0,0.0,0.0,317.2,3.66,354.0,1006.97,
2008,11,3,7,22.04,48.19,190.0,520.6,72.0,317.75,3.66,355.0,1007.3,
2008,11,3,8,23.75,42.45,407.0,707.99,109.0,324.43,3.9,359.0,1007.14,
2008,11,3,9,25.46,36.72,598.0,813.97,127.0,331.12,4.14,4.0,1006.97,
2008,11,3,10,27.18,30.98,734.0,864.86,138.0,337.8,4.39,9.0,1006.81,
2008,11,3,11,28.22,27.76,808.0,903.58,135.0,339.45,4.57,10.0,1006.04,
2008,11,3,12,29.26,24.53,804.0,903.06,134.0,341.1,4.75,11.0,1005.28,
2008,11,3,13,30.3,21.31,724.0,862.42,137.0,342.75,4.94,12.0,1004.52,
2008,11,3,14,29.29,22.32,583.0,808.64,126.0,337.58,4.42,9.0,1004.39,
2008,11,3,15,28.28,23.32,393.0,726.48,100.0,332.42,3.91,7.0,1004.26,
2008,11,3,16,27.27,24.33,175.0,552.94,61.0,327.25,3.39,4.0,1004.13,
2008,11,3,17,26.28,26.84,0.0,0.0,0.0,324.42,3.56,1.0,1004.69,
2008,11,3,18,25.29,29.34,0.0,0.0,0.0,321.58,3.72,359.0,1005.25,
2008,11,3,19,24.3,31.85,0.0,0.0,0.0,318.75,3.89,356.0,1005.81,
2008,11,3,20,23.74,33.12,0.0,0.0,0.0,317.13,4.12,357.0,1005.95,
2008,11,3,21,23.19,34.39,0.0,0.0,0.0,315.52,4.36,357.0,1006.08,
2008,11,3,22,22.63,35.66,0.0,0.0,0.0,313.9,4.59,358.0,1006.21,
2008,11,3,23,22.12,38.62,0.0,0.0,0.0,313.67,4.54,359.0,1006.21,
2008,11,4,0,21.62,41.57,0.0,0.0,0.0,313.43,4.48,0.0,1006.21,
2008,11,4,1,21.11,44.53,0.0,0.0,0.0,313.2,4.43,2.0,1006.21,
2008,11,4,2,20.65,46.41,0.0,0.0,0.0,312.6,4.22,359.0,1005.98,
2008,11,4,3,20.18,48.28,0.0,0.0,0.0,312.0,4.01,357.0,1005.75,
2008,11,4,4,19.72,50.16,0.0,0.0,0.0,311.4,3.81,355.0,1005.52,
2008,11,4,5,20.45,49.68,0.0,0.0,0.0,311.68,3.8,356.0,1006.11,
2008,11,4,6,21.19,49.21,0.0,0.0,0.0,311.97,3.79,357.0,1006.71,
2008,11,4,7,21.93,48.73,192.0,572.24,64.0,312.25,3.78,358.0,1007.3,
2008,11,4,8,23.65,42.58,408.0,732.64,102.0,318.53,4.03,2.0,1007.1,
2008,11,4,9,25.37,36.44,600.0,843.18,115.0,324.82,4.28,6.0,1006.9,
2008,11,4,10,27.1,30.29,730.0,863.53,138.0,331.1,4.52,10.0,1006.71,
2008,11,4,11,28.09,27.09,799.0,886.4,142.0,332.8,4.23,11.0,1005.98,
2008,11,4,12,29.08,23.89,800.0,902.01,134.0,334.5,3.94,12.0,1005.25,
2008,11,4,13,30.08,20.69,724.0,877.14,130.0,336.2,3.64,13.0,1004.52,
2008,11,4,14,28.9,22.99,582.0,823.97,119.0,330.9,3.28,10.0,1004.52,
2008,11,4,15,27.72,25.28,387.0,709.38,103.0,325.6,2.91,7.0,1004.52,
2008,11,4,16,26.54,27.58,171.0,540.5,61.0,320.3,2.55,4.0,1004.52,
2008,11,4,17,25.38,29.95,0.0,0.0,0.0,317.78,2.74,1.0,1005.09,
2008,11,4,18,24.22,32.32,0.0,0.0,0.0,315.27,2.92,358.0,1005.65,
2008,11,4,19,23.07,34.69,0.0,0.0,0.0,312.75,3.1,354.0,1006.21,
2008,11,4,20,22.46,35.63,0.0,0.0,0.0,311.97,3.15,354.0,1006.38,
2008,11,4,21,21.86,36.57,0.0,0.0,0.0,311.18,3.2,354.0,1006.54,
2008,11,4,22,21.25,37.51,0.0,0.0,0.0,310.4,3.26,354.0,1006.71,
2008,11,4,23,20.73,38.34,0.0,0.0,0.0,309.5,3.23,354.0,1006.77,
2008,11,5,0,20.2,39.17,0.0,0.0,0.0,308.6,3.2,355.0,1006.84,
2008,11,5,1,19.68,40.0,0.0,0.0,0.0,307.7,3.17,356.0,1006.9,
2008,11,5,2,19.32,39.45,0.0,0.0,0.0,308.05,3.14,356.0,1006.9,
2008,11,5,3,18.95,38.89,0.0,0.0,0.0,308.4,3.11,356.0,1006.9,
2008,11,5,4,18.59,38.34,0.0,0.0,0.0,308.75,3.08,357.0,1006.9,
2008,11,5,5,19.45,36.64,0.0,0.0,0.0,309.33,2.86,357.0,1007.33,
2008,11,5,6,20.32,34.93,0.0,0.0,0.0,309.92,2.63,358.0,1007.76,
2008,11,5,7,21.19,33.23,188.0,557.34,65.0,310.5,2.41,358.0,1008.19,
2008,11,5,8,23.13,29.47,402.0,716.67,105.0,315.8,2.4,357.0,1007.83,
2008,11,5,9,25.07,25.71,593.0,827.27,120.0,321.1,2.38,355.0,1007.47,
2008,11,5,10,27.02,21.95,729.0,878.31,130.0,326.4,2.36,353.0,1007.1,
2008,11,5,11,27.86,20.37,799.0,901.56,134.0,325.62,2.52,346.0,1006.18,
2008,11,5,12,28.7,18.8,792.0,884.57,142.0,324.83,2.68,339.0,1005.25,
2008,11,5,13,29.55,17.22,716.0,859.29,137.0,324.05,2.84,332.0,1004.32,
2008,11,5,14,28.31,18.69,572.0,791.06,130.0,318.68,2.99,327.0,1004.49,
2008,11,5,15,27.07,20.17,386.0,722.09,99.0,313.32,3.14,322.0,1004.66,
2008,11,5,16,25.83,21.64,169.0,547.42,59.0,307.95,3.3,317.0,1004.82,
2008,11,5,17,24.74,23.86,0.0,0.0,0.0,306.15,3.49,319.0,1005.35,
2008,11,5,18,23.66,26.08,0.0,0.0,0.0,304.35,3.67,321.0,1005.88,
2008,11,5,19,22.58,28.3,0.0,0.0,0.0,302.55,3.86,323.0,1006.41,
2008,11,5,20,21.93,30.56,0.0,0.0,0.0,302.95,3.73,325.0,1006.47,
2008,11,5,21,21.28,32.81,0.0,0.0,0.0,303.35,3.6,328.0,1006.54,
2008,11,5,22,20.63,35.07,0.0,0.0,0.0,303.75,3.46,330.0,1006.61,
2008,11,5,23,20.15,37.38,0.0,0.0,0.0,303.98,3.35,335.0,1006.54,
2008,11,6,0,19.67,39.7,0.0,0.0,0.0,304.22,3.23,339.0,1006.47,
2008,11,6,1,19.19,42.01,0.0,0.0,0.0,304.45,3.12,344.0,1006.41,
2008,11,6,2,18.74,43.0,0.0,0.0,0.0,305.08,3.0,347.0,1006.24,
2008,11,6,3,18.28,44.0,0.0,0.0,0.0,305.72,2.88,350.0,1006.08,
2008,11,6,4,17.83,44.99,0.0,0.0,0.0,306.35,2.76,354.0,1005.91,
2008,11,6,5,18.76,42.78,0.0,0.0,0.0,307.78,2.59,356.0,1006.28,
2008,11,6,6,19.69,40.57,0.0,0.0,0.0,309.22,2.43,358.0,1006.64,
2008,11,6,7,20.63,38.36,184.0,542.06,66.0,310.65,2.26,360.0,1007.0,
2008,11,6,8,22.73,33.87,396.0,700.46,108.0,316.72,2.31,8.0,1006.71,
2008,11,6,9,24.83,29.39,586.0,809.41,126.0,322.78,2.35,16.0,1006.41,
2008,11,6,10,26.93,24.9,725.0,877.01,130.0,328.85,2.4,25.0,1006.11,
2008,11,6,11,27.86,23.29,795.0,900.49,134.0,329.22,2.65,26.0,1005.25,
2008,11,6,12,28.79,21.67,788.0,883.33,142.0,329.58,2.91,28.0,1004.39,
2008,11,6,13,29.72,20.06,712.0,859.09,136.0,329.95,3.16,30.0,1003.53,
2008,11,6,14,28.66,22.97,569.0,790.09,130.0,325.07,2.92,27.0,1003.5,
2008,11,6,15,27.59,25.88,381.0,706.98,102.0,320.18,2.69,25.0,1003.46,
2008,11,6,16,26.53,28.79,166.0,534.14,60.0,315.3,2.46,22.0,1003.43,
2008,11,6,17,25.18,32.4,0.0,0.0,0.0,313.87,2.54,27.0,1003.86,
2008,11,6,18,23.84,36.0,0.0,0.0,0.0,312.43,2.63,32.0,1004.29,
2008,11,6,19,22.5,39.61,0.0,0.0,0.0,311.0,2.72,36.0,1004.72,
2008,11,6,20,21.63,41.88,0.0,0.0,0.0,311.88,2.49,38.0,1004.75,
2008,11,6,21,20.75,44.14,0.0,0.0,0.0,312.77,2.26,40.0,1004.79,
2008,11,6,22,19.88,46.41,0.0,0.0,0.0,313.65,2.03,42.0,1004.82,
2008,11,6,23,19.3,50.46,0.0,0.0,0.0,314.67,2.17,39.0,1004.69,
2008,11,7,0,18.72,54.51,0.0,0.0,0.0,315.68,2.31,35.0,1004.56,
2008,11,7,1,18.14,58.56,0.0,0.0,0.0,316.7,2.46,32.0,1004.42,
2008,11,7,2,17.73,58.35,0.0,0.0,0.0,316.63,2.36,27.0,1004.49,
2008,11,7,3,17.32,58.14,0.0,0.0,0.0,316.57,2.27,22.0,1004.56,
2008,11,7,4,16.91,57.93,0.0,0.0,0.0,316.5,2.18,18.0,1004.62,
2008,11,7,5,17.96,53.34,0.0,0.0,0.0,318.63,1.95,20.0,1005.09,
2008,11,7,6,19.01,48.75,0.0,0.0,0.0,320.77,1.72,22.0,1005.55,
2008,11,7,7,20.06,44.16,184.0,582.29,59.0,322.9,1.49,24.0,1006.01,
2008,11,7,8,22.41,39.44,399.0,740.39,97.0,328.72,2.01,33.0,1005.95,
2008,11,7,9,24.76,34.73,582.0,809.04,125.0,334.53,2.53,41.0,1005.88,
2008,11,7,10,27.12,30.01,717.0,859.38,137.0,340.35,3.05,49.0,1005.81,
2008,11,7,11,27.83,27.77,791.0,899.38,134.0,338.85,3.14,45.0,1005.12,
2008,11,7,12,28.54,25.53,788.0,898.51,134.0,337.35,3.23,40.0,1004.42,
2008,11,7,13,29.25,23.29,709.0,857.33,137.0,335.85,3.32,35.0,1003.73,
2008,11,7,14,28.08,25.65,565.0,789.01,129.0,331.05,3.03,32.0,1003.83,
2008,11,7,15,26.91,28.02,378.0,704.28,102.0,326.25,2.74,30.0,1003.93,
2008,11,7,16,25.74,30.38,161.0,499.91,63.0,321.45,2.46,28.0,1004.03,
2008,11,7,17,24.18,33.86,0.0,0.0,0.0,318.88,2.56,37.0,1004.52,
2008,11,7,18,22.62,37.33,0.0,0.0,0.0,316.32,2.67,46.0,1005.02,
2008,11,7,19,21.07,40.81,0.0,0.0,0.0,313.75,2.77,55.0,1005.52,
2008,11,7,20,20.32,42.61,0.0,0.0,0.0,313.48,2.48,61.0,1005.65,
2008,11,7,21,19.57,44.4,0.0,0.0,0.0,313.22,2.18,66.0,1005.78,
2008,11,7,22,18.82,46.2,0.0,0.0,0.0,312.95,1.89,72.0,1005.91,
2008,11,7,23,18.29,48.66,0.0,0.0,0.0,313.22,1.78,63.0,1005.95,
2008,11,8,0,17.77,51.13,0.0,0.0,0.0,313.48,1.67,55.0,1005.98,
2008,11,8,1,17.24,53.59,0.0,0.0,0.0,313.75,1.56,47.0,1006.01,
2008,11,8,2,16.78,56.24,0.0,0.0,0.0,313.62,1.54,45.0,1006.01,
2008,11,8,3,16.31,58.89,0.0,0.0,0.0,313.48,1.52,43.0,1006.01,
2008,11,8,4,15.85,61.54,0.0,0.0,0.0,313.35,1.5,41.0,1006.01,
2008,11,8,5,17.0,55.84,0.0,0.0,0.0,313.9,1.37,45.0,1006.47,
2008,11,8,6,18.15,50.15,0.0,0.0,0.0,314.45,1.23,50.0,1006.94,
2008,11,8,7,19.31,44.45,179.0,557.54,61.0,315.0,1.09,54.0,1007.4,
2008,11,8,8,21.92,37.78,394.0,724.13,101.0,319.68,1.66,66.0,1007.33,
2008,11,8,9,24.53,31.1,578.0,806.87,125.0,324.37,2.24,77.0,1007.27,
2008,11,8,10,27.14,24.43,713.0,859.42,136.0,329.05,2.81,89.0,1007.2,
2008,11,8,11,27.82,22.93,779.0,865.21,150.0,328.18,2.54,82.0,1006.64,
2008,11,8,12,28.51,21.43,776.0,864.1,150.0,327.32,2.26,74.0,1006.08,
2008,11,8,13,29.2,19.93,705.0,856.99,136.0,326.45,1.99,67.0,1005.52,
2008,11,8,14,27.96,23.89,565.0,802.39,124.0,322.65,2.09,64.0,1005.42,
2008,11,8,15,26.71,27.84,375.0,703.98,101.0,318.85,2.2,61.0,1005.32,
2008,11,8,16,25.47,31.8,163.0,547.22,57.0,315.05,2.3,57.0,1005.22,
2008,11,8,17,23.94,34.01,0.0,0.0,0.0,312.85,2.55,59.0,1005.81,
2008,11,8,18,22.41,36.23,0.0,0.0,0.0,310.65,2.79,60.0,1006.41,
2008,11,8,19,20.89,38.44,0.0,0.0,0.0,308.45,3.03,62.0,1007.0,
2008,11,8,20,20.23,41.7,0.0,0.0,0.0,308.9,2.82,66.0,1007.24,
2008,11,8,21,19.58,44.97,0.0,0.0,0.0,309.35,2.6,70.0,1007.47,
2008,11,8,22,18.92,48.23,0.0,0.0,0.0,309.8,2.39,75.0,1007.7,
2008,11,8,23,18.49,50.13,0.0,0.0,0.0,310.18,2.17,70.0,1007.6,
2008,11,9,0,18.06,52.03,0.0,0.0,0.0,310.57,1.95,65.0,1007.5,
2008,11,9,1,17.63,53.93,0.0,0.0,0.0,310.95,1.74,60.0,1007.4,
2008,11,9,2,17.27,55.9,0.0,0.0,0.0,311.6,1.7,55.0,1007.4,
2008,11,9,3,16.91,57.88,0.0,0.0,0.0,312.25,1.66,50.0,1007.4,
2008,11,9,4,16.55,59.85,0.0,0.0,0.0,312.9,1.63,44.0,1007.4,
2008,11,9,5,17.65,54.86,0.0,0.0,0.0,313.07,1.4,48.0,1007.93,
2008,11,9,6,18.76,49.86,0.0,0.0,0.0,313.23,1.17,51.0,1008.46,
2008,11,9,7,19.87,44.87,136.0,220.51,90.0,313.4,0.94,54.0,1008.99,
2008,11,9,8,22.4,36.42,388.0,710.11,103.0,318.0,1.28,67.0,1008.89,
2008,11,9,9,24.93,27.96,517.0,559.14,205.0,322.6,1.63,81.0,1008.79,
2008,11,9,10,27.47,19.51,725.0,923.82,108.0,327.2,1.97,94.0,1008.69,
2008,11,9,11,28.12,18.53,783.0,898.41,133.0,325.37,1.66,90.0,1007.96,
2008,11,9,12,28.77,17.54,780.0,897.27,133.0,323.53,1.34,85.0,1007.24,
2008,11,9,13,29.43,16.56,701.0,855.06,136.0,321.7,1.02,81.0,1006.51,
2008,11,9,14,28.04,19.15,562.0,801.17,124.0,317.52,1.15,63.0,1006.34,
2008,11,9,15,26.65,21.74,364.0,649.21,113.0,313.33,1.28,45.0,1006.18,
2008,11,9,16,25.27,24.33,159.0,532.75,57.0,309.15,1.41,27.0,1006.01,
2008,11,9,17,23.82,28.71,0.0,0.0,0.0,307.72,1.71,18.0,1006.51,
2008,11,9,18,22.37,33.1,0.0,0.0,0.0,306.28,2.02,9.0,1007.0,
2008,11,9,19,20.93,37.48,0.0,0.0,0.0,304.85,2.33,360.0,1007.5,
2008,11,9,20,20.29,41.28,0.0,0.0,0.0,305.82,2.4,360.0,1007.53,
2008,11,9,21,19.65,45.07,0.0,0.0,0.0,306.78,2.46,360.0,1007.57,
2008,11,9,22,19.01,48.87,0.0,0.0,0.0,307.75,2.52,360.0,1007.6,
2008,11,9,23,18.6,49.86,0.0,0.0,0.0,308.58,2.51,357.0,1007.57,
2008,11,10,0,18.2,50.84,0.0,0.0,0.0,309.42,2.5,355.0,1007.53,
2008,11,10,1,17.79,51.83,0.0,0.0,0.0,310.25,2.48,352.0,1007.5,
2008,11,10,2,17.45,50.66,0.0,0.0,0.0,309.95,2.5,351.0,1007.57,
2008,11,10,3,17.11,49.5,0.0,0.0,0.0,309.65,2.51,349.0,1007.63,
2008,11,10,4,16.77,48.33,0.0,0.0,0.0,309.35,2.52,347.0,1007.7,
2008,11,10,5,17.68,43.8,0.0,0.0,0.0,309.48,2.41,347.0,1008.23,
2008,11,10,6,18.59,39.26,0.0,0.0,0.0,309.62,2.29,346.0,1008.76,
2008,11,10,7,19.5,34.73,174.0,559.44,59.0,309.75,2.18,346.0,1009.29,
2008,11,10,8,21.82,30.08,388.0,733.53,96.0,314.83,2.5,343.0,1009.09,
2008,11,10,9,24.15,25.42,574.0,818.65,120.0,319.92,2.81,339.0,1008.89,
2008,11,10,10,26.48,20.77,709.0,872.98,129.0,325.0,3.13,336.0,1008.69,
2008,11,10,11,27.16,19.5,775.0,880.49,141.0,323.38,3.45,333.0,1008.06,
2008,11,10,12,27.85,18.22,776.0,895.85,133.0,321.77,3.77,329.0,1007.43,
2008,11,10,13,28.54,16.95,701.0,871.28,128.0,320.15,4.1,326.0,1006.81,
2008,11,10,14,27.25,19.5,555.0,785.14,128.0,314.98,3.89,325.0,1006.81,
2008,11,10,15,25.96,22.06,369.0,700.33,100.0,309.82,3.67,324.0,1006.81,
2008,11,10,16,24.67,24.61,155.0,501.86,60.0,304.65,3.46,323.0,1006.81,
2008,11,10,17,23.56,27.98,0.0,0.0,0.0,302.1,3.71,324.0,1007.43,
2008,11,10,18,22.45,31.35,0.0,0.0,0.0,299.55,3.96,325.0,1008.06,
2008,11,10,19,21.35,34.72,0.0,0.0,0.0,297.0,4.21,326.0,1008.69,
2008,11,10,20,20.69,37.75,0.0,0.0,0.0,297.22,4.17,330.0,1008.89,
2008,11,10,21,20.03,40.78,0.0,0.0,0.0,297.43,4.12,333.0,1009.09,
2008,11,10,22,19.37,43.81,0.0,0.0,0.0,297.65,4.08,337.0,1009.29,
2008,11,10,23,18.88,46.56,0.0,0.0,0.0,298.3,3.92,341.0,1009.25,
2008,11,11,0,18.4,49.31,0.0,0.0,0.0,298.95,3.76,345.0,1009.22,
2008,11,11,1,17.91,52.06,0.0,0.0,0.0,299.6,3.6,349.0,1009.19,
2008,11,11,2,17.52,53.99,0.0,0.0,0.0,300.05,3.5,349.0,1009.15,
2008,11,11,3,17.12,55.93,0.0,0.0,0.0,300.5,3.41,350.0,1009.12,
2008,11,11,4,16.73,57.86,0.0,0.0,0.0,300.95,3.31,350.0,1009.09,
2008,11,11,5,17.53,55.64,0.0,0.0,0.0,301.72,3.18,350.0,1009.55,
2008,11,11,6,18.34,53.43,0.0,0.0,0.0,302.48,3.05,350.0,1010.01,
2008,11,11,7,19.15,51.21,165.0,493.79,65.0,303.25,2.92,349.0,1010.48,
2008,11,11,8,20.89,45.44,374.0,666.15,111.0,309.07,3.15,348.0,1010.21,
2008,11,11,9,22.64,39.68,570.0,818.27,119.0,314.88,3.37,347.0,1009.95,
2008,11,11,10,24.39,33.91,702.0,856.37,136.0,320.7,3.6,346.0,1009.68,
2008,11,11,11,25.19,31.16,771.0,879.11,141.0,321.1,3.63,341.0,1008.99,
2008,11,11,12,26.0,28.42,769.0,878.97,141.0,321.5,3.66,337.0,1008.29,
2008,11,11,13,26.81,25.67,694.0,853.97,135.0,321.9,3.68,332.0,1007.6,
2008,11,11,14,25.72,27.51,559.85,797.48,128.35,316.02,3.46,329.0,1007.57,
2008,11,11,15,24.62,29.35,362.0,670.74,106.0,310.13,3.23,327.0,1007.53,
2008,11,11,16,23.53,31.19,153.0,507.43,58.0,304.25,3.01,324.0,1007.5,
2008,11,11,17,22.51,34.77,0.0,0.0,0.0,302.07,3.17,324.0,1007.9,
2008,11,11,18,21.49,38.34,0.0,0.0,0.0,299.88,3.33,324.0,1008.29,
2008,11,11,19,20.47,41.92,0.0,0.0,0.0,297.7,3.49,324.0,1008.69,
2008,11,11,20,19.84,45.19,0.0,0.0,0.0,297.42,3.37,327.0,1008.69,
2008,11,11,21,19.21,48.47,0.0,0.0,0.0,297.13,3.24,330.0,1008.69,
2008,11,11,22,18.58,51.74,0.0,0.0,0.0,296.85,3.12,332.0,1008.69,
2008,11,11,23,18.09,54.35,0.0,0.0,0.0,296.77,3.03,334.0,1008.56,
2008,11,12,0,17.59,56.95,0.0,0.0,0.0,296.68,2.95,336.0,1008.43,
2008,11,12,1,17.1,59.56,0.0,0.0,0.0,296.6,2.87,338.0,1008.29,
2008,11,12,2,16.65,60.59,0.0,0.0,0.0,296.65,2.76,340.0,1008.23,
2008,11,12,3,16.2,61.63,0.0,0.0,0.0,296.7,2.66,342.0,1008.16,
2008,11,12,4,15.75,62.66,0.0,0.0,0.0,296.75,2.55,343.0,1008.1,
2008,11,12,5,16.59,59.49,0.0,0.0,0.0,298.07,2.45,343.0,1008.56,
2008,11,12,6,17.44,56.31,0.0,0.0,0.0,299.38,2.35,343.0,1009.02,
2008,11,12,7,18.29,53.14,164.0,511.37,62.0,300.7,2.25,342.0,1009.48,
2008,11,12,8,20.34,47.34,379.0,715.13,99.0,306.65,2.29,337.0,1009.25,
2008,11,12,9,22.4,41.54,566.0,816.05,119.0,312.6,2.32,331.0,1009.02,
2008,11,12,10,24.46,35.74,698.0,854.76,136.0,318.55,2.36,325.0,1008.79,
2008,11,12,11,25.35,32.61,767.0,877.67,141.0,319.17,2.6,319.0,1008.0,
2008,11,12,12,26.24,29.49,765.0,877.34,141.0,319.78,2.85,314.0,1007.2,
2008,11,12,13,27.13,26.36,691.0,853.29,135.0,320.4,3.09,308.0,1006.41,
2008,11,12,14,25.88,28.94,546.0,767.12,133.0,315.18,3.07,307.0,1006.51,
2008,11,12,15,24.62,31.51,381.0,814.64,72.0,309.97,3.04,307.0,1006.61,
2008,11,12,16,23.37,34.09,151.0,496.7,59.0,304.75,3.02,306.0,1006.71,
2008,11,12,17,22.33,38.07,0.0,0.0,0.0,302.97,3.23,308.0,1007.37,
2008,11,12,18,21.3,42.04,0.0,0.0,0.0,301.18,3.44,310.0,1008.03,
2008,11,12,19,20.27,46.02,0.0,0.0,0.0,299.4,3.66,313.0,1008.69,
2008,11,12,20,19.64,49.44,0.0,0.0,0.0,299.6,3.58,315.0,1008.86,
2008,11,12,21,19.01,52.85,0.0,0.0,0.0,299.8,3.51,318.0,1009.02,
2008,11,12,22,18.38,56.27,0.0,0.0,0.0,300.0,3.43,320.0,1009.19,
2008,11,12,23,17.94,59.19,0.0,0.0,0.0,300.13,3.33,322.0,1009.02,
2008,11,13,0,17.51,62.1,0.0,0.0,0.0,300.27,3.23,324.0,1008.86,
2008,11,13,1,17.07,65.02,0.0,0.0,0.0,300.4,3.13,326.0,1008.69,
2008,11,13,2,16.7,65.68,0.0,0.0,0.0,300.42,3.06,328.0,1008.69,
2008,11,13,3,16.33,66.34,0.0,0.0,0.0,300.43,2.99,331.0,1008.69,
2008,11,13,4,15.96,67.0,0.0,0.0,0.0,300.45,2.92,333.0,1008.69,
2008,11,13,5,16.8,63.94,0.0,0.0,0.0,301.43,2.87,334.0,1009.32,
2008,11,13,6,17.65,60.89,0.0,0.0,0.0,302.42,2.82,334.0,1009.95,
2008,11,13,7,18.5,57.83,156.0,453.13,67.0,303.4,2.77,335.0,1010.58,
2008,11,13,8,20.42,51.75,353.0,576.91,129.0,309.65,3.16,333.0,1010.38,
2008,11,13,9,22.34,45.68,556.0,784.38,129.0,315.9,3.55,332.0,1010.18,
2008,11,13,10,24.26,39.6,694.0,853.1,136.0,322.15,3.94,331.0,1009.98,
2008,11,13,11,25.04,35.78,759.0,860.67,148.0,322.95,4.23,328.0,1009.29,
2008,11,13,12,25.82,31.97,761.0,877.04,140.0,323.75,4.51,326.0,1008.59,
2008,11,13,13,26.6,28.15,676.0,804.74,154.0,324.55,4.8,323.0,1007.9,
2008,11,13,14,25.41,29.92,546.0,782.08,127.0,319.85,4.61,321.0,1007.7,
2008,11,13,15,24.22,31.69,359.0,681.64,102.0,315.15,4.42,319.0,1007.5,
2008,11,13,16,23.03,33.46,146.0,463.68,61.0,310.45,4.23,317.0,1007.3,
2008,11,13,17,22.15,36.34,0.0,0.0,0.0,308.73,4.52,320.0,1007.9,
2008,11,13,18,21.28,39.21,0.0,0.0,0.0,307.02,4.8,323.0,1008.49,
2008,11,13,19,20.41,42.09,0.0,0.0,0.0,305.3,5.09,326.0,1009.09,
2008,11,13,20,19.85,44.89,0.0,0.0,0.0,304.9,4.94,329.0,1009.29,
2008,11,13,21,19.28,47.69,0.0,0.0,0.0,304.5,4.8,333.0,1009.48,
2008,11,13,22,18.72,50.49,0.0,0.0,0.0,304.1,4.65,337.0,1009.68,
2008,11,13,23,18.3,53.2,0.0,0.0,0.0,303.62,4.44,340.0,1009.62,
2008,11,14,0,17.87,55.9,0.0,0.0,0.0,303.13,4.23,343.0,1009.55,
2008,11,14,1,17.45,58.61,0.0,0.0,0.0,302.65,4.01,346.0,1009.48,
2008,11,14,2,17.1,59.6,0.0,0.0,0.0,301.32,4.05,347.0,1009.42,
2008,11,14,3,16.75,60.58,0.0,0.0,0.0,299.98,4.09,348.0,1009.35,
2008,11,14,4,16.41,61.57,0.0,0.0,0.0,298.65,4.12,349.0,1009.29,
2008,11,14,5,17.21,60.33,0.0,0.0,0.0,299.8,4.05,350.0,1009.75,
2008,11,14,6,18.01,59.08,0.0,0.0,0.0,300.95,3.97,352.0,1010.21,
2008,11,14,7,18.81,57.84,150.0,424.07,68.0,302.1,3.89,354.0,1010.68,
2008,11,14,8,20.31,51.53,366.0,672.69,107.0,307.6,4.35,355.0,1010.51,
2008,11,14,9,21.81,45.23,555.0,798.5,123.0,313.1,4.82,357.0,1010.34,
2008,11,14,10,23.32,38.92,690.0,852.93,135.0,318.6,5.28,358.0,1010.18,
2008,11,14,11,24.09,35.18,764.0,893.0,133.0,319.07,5.26,355.0,1009.52,
2008,11,14,12,24.86,31.44,762.0,892.28,133.0,319.53,5.23,352.0,1008.86,
2008,11,14,13,25.63,27.7,684.0,850.13,135.0,320.0,5.2,349.0,1008.19,
2008,11,14,14,24.5,28.27,540.0,765.2,132.0,314.07,4.94,345.0,1008.03,
2008,11,14,15,23.37,28.85,355.0,666.96,105.0,308.13,4.68,341.0,1007.86,
2008,11,14,16,22.25,29.42,143.0,451.8,61.0,302.2,4.41,337.0,1007.7,
2008,11,14,17,21.37,31.78,0.0,0.0,0.0,300.33,4.58,338.0,1008.49,
2008,11,14,18,20.5,34.14,0.0,0.0,0.0,298.47,4.75,340.0,1009.29,
2008,11,14,19,19.63,36.5,0.0,0.0,0.0,296.6,4.92,341.0,1010.08,
2008,11,14,20,19.08,38.75,0.0,0.0,0.0,296.22,4.84,345.0,1010.41,
2008,11,14,21,18.53,41.01,0.0,0.0,0.0,295.83,4.76,349.0,1010.74,
2008,11,14,22,17.98,43.26,0.0,0.0,0.0,295.45,4.68,353.0,1011.07,
2008,11,14,23,17.59,45.99,0.0,0.0,0.0,295.22,4.51,355.0,1010.91,
2008,11,15,0,17.2,48.71,0.0,0.0,0.0,294.98,4.34,358.0,1010.74,
2008,11,15,1,16.81,51.44,0.0,0.0,0.0,294.75,4.18,1.0,1010.58,
2008,11,15,2,16.36,53.42,0.0,0.0,0.0,293.78,4.03,359.0,1010.48,
2008,11,15,3,15.91,55.39,0.0,0.0,0.0,292.82,3.88,357.0,1010.38,
2008,11,15,4,15.46,57.37,0.0,0.0,0.0,291.85,3.72,355.0,1010.28,
2008,11,15,5,16.29,56.14,0.0,0.0,0.0,292.7,3.8,356.0,1010.68,
2008,11,15,6,17.12,54.91,0.0,0.0,0.0,293.55,3.87,356.0,1011.07,
2008,11,15,7,17.96,53.68,158.0,525.45,58.0,294.4,3.94,357.0,1011.47,
2008,11,15,8,19.57,47.79,372.0,736.03,91.0,299.85,4.28,0.0,1011.14,
2008,11,15,9,21.19,41.9,554.0,812.77,117.0,305.3,4.61,3.0,1010.81,
2008,11,15,10,22.81,36.01,686.0,851.16,135.0,310.75,4.94,6.0,1010.48,
2008,11,15,11,23.73,32.48,756.0,875.8,140.0,312.07,4.82,3.0,1009.68,
2008,11,15,12,24.65,28.95,754.0,874.81,140.0,313.38,4.71,1.0,1008.89,
2008,11,15,13,25.57,25.42,677.0,833.62,141.0,314.7,4.59,358.0,1008.1,
2008,11,15,14,24.48,26.63,544.0,795.15,122.0,309.9,4.22,356.0,1008.13,
2008,11,15,15,23.38,27.84,353.0,665.37,105.0,305.1,3.85,353.0,1008.16,
2008,11,15,16,22.29,29.05,144.0,478.4,58.0,300.3,3.48,351.0,1008.19,
2008,11,15,17,21.36,31.6,0.0,0.0,0.0,298.43,3.69,351.0,1008.62,
2008,11,15,18,20.43,34.14,0.0,0.0,0.0,296.57,3.9,351.0,1009.05,
2008,11,15,19,19.51,36.69,0.0,0.0,0.0,294.7,4.11,351.0,1009.48,
2008,11,15,20,18.95,38.94,0.0,0.0,0.0,294.42,4.12,353.0,1009.58,
2008,11,15,21,18.38,41.19,0.0,0.0,0.0,294.13,4.14,355.0,1009.68,
2008,11,15,22,17.82,43.44,0.0,0.0,0.0,293.85,4.15,357.0,1009.78,
2008,11,15,23,17.37,46.13,0.0,0.0,0.0,293.77,4.03,357.0,1009.58,
2008,11,16,0,16.91,48.82,0.0,0.0,0.0,293.68,3.91,357.0,1009.39,
2008,11,16,1,16.46,51.51,0.0,0.0,0.0,293.6,3.79,357.0,1009.19,
2008,11,16,2,15.81,53.47,0.0,0.0,0.0,293.32,3.56,358.0,1009.15,
2008,11,16,3,15.15,55.44,0.0,0.0,0.0,293.03,3.32,358.0,1009.12,
2008,11,16,4,14.5,57.4,0.0,0.0,0.0,292.75,3.09,359.0,1009.09,
2008,11,16,5,15.25,55.72,0.0,0.0,0.0,293.12,2.99,358.0,1009.48,
2008,11,16,6,16.01,54.04,0.0,0.0,0.0,293.48,2.9,358.0,1009.88,
2008,11,16,7,16.77,52.36,130.0,288.36,76.0,293.85,2.8,357.0,1010.28,
2008,11,16,8,18.69,46.63,351.0,618.15,117.0,299.27,2.88,358.0,1010.05,
2008,11,16,9,20.61,40.91,539.0,752.32,137.0,304.68,2.96,360.0,1009.82,
2008,11,16,10,22.54,35.18,629.0,642.82,215.0,310.1,3.03,1.0,1009.58,
2008,11,16,11,23.69,32.27,752.0,874.1,140.0,311.72,3.04,2.0,1008.82,
2008,11,16,12,24.85,29.36,746.0,857.12,147.0,313.33,3.04,3.0,1008.06,
2008,11,16,13,26.01,26.45,655.0,755.96,171.0,314.95,3.05,4.0,1007.3,
2008,11,16,14,24.86,30.9,529.0,734.41,141.0,310.62,2.81,6.0,1007.2,
2008,11,16,15,23.71,35.35,354.0,690.59,98.0,306.28,2.57,7.0,1007.1,
2008,11,16,16,22.57,39.8,142.0,465.97,59.0,301.95,2.33,9.0,1007.0,
2008,11,16,17,21.34,42.21,0.0,0.0,0.0,298.93,2.54,6.0,1007.43,
2008,11,16,18,20.12,44.61,0.0,0.0,0.0,295.92,2.75,3.0,1007.86,
2008,11,16,19,18.9,47.02,0.0,0.0,0.0,292.9,2.97,360.0,1008.29,
2008,11,16,20,18.18,49.46,0.0,0.0,0.0,292.58,2.91,0.0,1008.29,
2008,11,16,21,17.46,51.91,0.0,0.0,0.0,292.27,2.85,0.0,1008.29,
2008,11,16,22,16.74,54.35,0.0,0.0,0.0,291.95,2.79,1.0,1008.29,
2008,11,16,23,16.17,56.14,0.0,0.0,0.0,291.88,2.78,359.0,1008.06,
2008,11,17,0,15.6,57.93,0.0,0.0,0.0,291.82,2.78,357.0,1007.83,
2008,11,17,1,15.03,59.72,0.0,0.0,0.0,291.75,2.77,355.0,1007.6,
2008,11,17,2,14.66,59.61,0.0,0.0,0.0,292.42,2.72,355.0,1007.53,
2008,11,17,3,14.28,59.51,0.0,0.0,0.0,293.08,2.66,355.0,1007.47,
2008,11,17,4,13.91,59.4,0.0,0.0,0.0,293.75,2.61,355.0,1007.4,
2008,11,17,5,14.79,55.69,0.0,0.0,0.0,294.62,2.5,357.0,1007.8,
2008,11,17,6,15.67,51.97,0.0,0.0,0.0,295.48,2.39,360.0,1008.19,
2008,11,17,7,16.55,48.26,151.0,521.08,55.0,296.35,2.28,2.0,1008.59,
2008,11,17,8,19.07,41.9,359.0,692.71,99.0,302.02,2.23,5.0,1008.39,
2008,11,17,9,21.6,35.55,529.0,721.22,146.0,307.68,2.17,7.0,1008.19,
2008,11,17,10,24.13,29.19,678.0,849.0,134.0,313.35,2.12,10.0,1008.0,
2008,11,17,11,25.34,26.57,748.0,873.76,139.0,314.45,2.0,9.0,1007.24,
2008,11,17,12,26.55,23.96,747.0,873.69,139.0,315.55,1.89,9.0,1006.47,
2008,11,17,13,27.77,21.34,675.0,848.52,134.0,316.65,1.77,8.0,1005.71,
2008,11,17,14,26.36,26.07,523.0,718.64,145.0,311.92,1.93,2.0,1005.61,
2008,11,17,15,24.95,30.81,348.0,661.69,104.0,307.18,2.1,355.0,1005.52,
2008,11,17,16,23.55,35.54,139.0,453.08,59.0,302.45,2.26,348.0,1005.42,
2008,11,17,17,22.36,37.7,0.0,0.0,0.0,299.38,2.55,348.0,1005.85,
2008,11,17,18,21.18,39.87,0.0,0.0,0.0,296.32,2.84,348.0,1006.28,
2008,11,17,19,20.0,42.03,0.0,0.0,0.0,293.25,3.13,348.0,1006.71,
2008,11,17,20,19.39,44.03,0.0,0.0,0.0,292.9,3.12,352.0,1006.74,
2008,11,17,21,18.77,46.04,0.0,0.0,0.0,292.55,3.1,356.0,1006.77,
2008,11,17,22,18.16,48.04,0.0,0.0,0.0,292.2,3.09,359.0,1006.81,
2008,11,17,23,17.59,50.06,0.0,0.0,0.0,292.45,3.06,0.0,1006.61,
2008,11,18,0,17.02,52.09,0.0,0.0,0.0,292.7,3.03,1.0,1006.41,
2008,11,18,1,16.45,54.11,0.0,0.0,0.0,292.95,3.01,2.0,1006.21,
2008,11,18,2,15.7,56.07,0.0,0.0,0.0,293.35,2.83,3.0,1006.04,
2008,11,18,3,14.95,58.04,0.0,0.0,0.0,293.75,2.66,3.0,1005.88,
2008,11,18,4,14.21,60.0,0.0,0.0,0.0,294.15,2.48,4.0,1005.71,
2008,11,18,5,15.05,56.77,0.0,0.0,0.0,295.42,2.27,5.0,1005.88,
2008,11,18,6,15.89,53.55,0.0,0.0,0.0,296.68,2.05,6.0,1006.04,
2008,11,18,7,16.73,50.32,119.0,237.3,76.0,297.95,1.83,8.0,1006.21,
2008,11,18,8,19.24,43.74,356.0,690.61,99.0,303.37,1.73,5.0,1006.01,
2008,11,18,9,21.76,37.17,540.0,792.0,122.0,308.78,1.63,2.0,1005.81,
2008,11,18,10,24.28,30.59,671.0,831.35,141.0,314.2,1.53,359.0,1005.61,
2008,11,18,11,25.45,27.79,741.0,856.06,147.0,313.8,1.47,356.0,1004.82,
2008,11,18,12,26.63,24.99,744.0,871.56,140.0,313.4,1.41,353.0,1004.03,
2008,11,18,13,27.81,22.19,668.0,831.51,140.0,313.0,1.35,351.0,1003.23,
2008,11,18,14,26.43,25.32,530.0,761.8,131.0,308.25,1.53,358.0,1003.03,
2008,11,18,15,25.05,28.44,352.0,700.47,95.0,303.5,1.7,5.0,1002.84,
2008,11,18,16,23.67,31.57,147.0,559.67,49.0,298.75,1.88,12.0,1002.64,
2008,11,18,17,22.13,34.01,0.0,0.0,0.0,295.82,1.95,12.0,1002.9,
2008,11,18,18,20.59,36.45,0.0,0.0,0.0,292.88,2.02,12.0,1003.17,
2008,11,18,19,19.06,38.89,0.0,0.0,0.0,289.95,2.1,13.0,1003.43,
2008,11,18,20,18.36,41.88,0.0,0.0,0.0,290.47,2.03,17.0,1003.5,
2008,11,18,21,17.67,44.87,0.0,0.0,0.0,290.98,1.96,21.0,1003.56,
2008,11,18,22,16.97,47.86,0.0,0.0,0.0,291.5,1.89,25.0,1003.63,
2008,11,18,23,16.74,51.83,0.0,0.0,0.0,293.55,1.94,29.0,1003.46,
2008,11,19,0,16.52,55.8,0.0,0.0,0.0,295.6,2.0,33.0,1003.3,
2008,11,19,1,16.29,59.77,0.0,0.0,0.0,297.65,2.06,36.0,1003.13,
2008,11,19,2,16.25,61.18,0.0,0.0,0.0,299.82,1.93,38.0,1003.1,
2008,11,19,3,16.21,62.59,0.0,0.0,0.0,301.98,1.8,40.0,1003.07,
2008,11,19,4,16.17,64.0,0.0,0.0,0.0,304.15,1.67,42.0,1003.03,
2008,11,19,5,16.5,59.18,0.0,0.0,0.0,307.03,1.43,43.0,1003.43,
2008,11,19,6,16.84,54.36,0.0,0.0,0.0,309.92,1.2,44.0,1003.83,
2008,11,19,7,17.18,49.54,138.0,432.14,61.0,312.8,0.97,46.0,1004.23,
2008,11,19,8,20.19,41.27,348.0,661.32,104.0,319.88,1.01,62.0,1004.13,
2008,11,19,9,23.21,32.99,507.0,650.1,166.0,326.97,1.05,79.0,1004.03,
2008,11,19,10,26.23,24.72,600.0,575.42,235.0,334.05,1.09,96.0,1003.93,
2008,11,19,11,27.25,23.7,630.0,492.17,290.0,336.6,1.14,123.0,1003.2,
2008,11,19,12,28.28,22.67,646.0,540.43,273.0,339.15,1.19,150.0,1002.47,
2008,11,19,13,29.31,21.65,594.0,561.29,239.0,341.7,1.24,177.0,1001.74,
2008,11,19,14,28.92,22.72,47.0,0.0,47.0,340.25,1.18,168.0,1001.65,
2008,11,19,15,28.52,23.79,323.0,528.58,130.0,338.8,1.12,160.0,1001.55,
2008,11,19,16,28.13,24.86,121.0,299.32,69.0,337.35,1.06,151.0,1001.45,
2008,11,19,17,27.08,27.96,0.0,0.0,0.0,334.98,1.26,109.0,1001.84,
2008,11,19,18,26.04,31.05,0.0,0.0,0.0,332.62,1.47,66.0,1002.24,
2008,11,19,19,25.0,34.15,0.0,0.0,0.0,330.25,1.67,24.0,1002.64,
2008,11,19,20,23.1,41.56,0.0,0.0,0.0,331.72,2.0,25.0,1002.77,
2008,11,19,21,21.19,48.98,0.0,0.0,0.0,333.18,2.32,27.0,1002.9,
2008,11,19,22,19.29,56.39,0.0,0.0,0.0,334.65,2.65,28.0,1003.03,
2008,11,19,23,18.82,57.6,0.0,0.0,0.0,339.47,2.57,34.0,1003.0,
2008,11,20,0,18.34,58.82,0.0,0.0,0.0,344.28,2.48,39.0,1002.97,
2008,11,20,1,17.87,60.03,0.0,0.0,0.0,349.1,2.4,45.0,1002.94,
2008,11,20,2,17.54,62.51,0.0,0.0,0.0,353.28,2.2,46.0,1003.17,
2008,11,20,3,17.2,64.98,0.0,0.0,0.0,357.47,2.0,48.0,1003.4,
2008,11,20,4,16.87,67.46,0.0,0.0,0.0,361.65,1.81,50.0,1003.63,
2008,11,20,5,17.89,62.46,0.0,0.0,0.0,366.9,1.57,53.0,1004.32,
2008,11,20,6,18.91,57.45,0.0,0.0,0.0,372.15,1.33,56.0,1005.02,
2008,11,20,7,19.94,52.45,126.0,331.1,68.0,377.4,1.09,59.0,1005.71,
2008,11,20,8,22.62,48.35,329.0,563.15,123.0,384.38,1.13,76.0,1005.68,
2008,11,20,9,25.3,44.25,527.0,759.6,131.0,391.37,1.17,93.0,1005.65,
2008,11,20,10,27.98,40.15,664.0,830.22,140.0,398.35,1.21,110.0,1005.61,
2008,11,20,11,28.93,40.18,738.0,870.88,139.0,398.6,1.08,136.0,1004.89,
2008,11,20,12,29.88,40.2,737.0,869.91,139.0,398.85,0.95,162.0,1004.16,
2008,11,20,13,30.83,40.23,670.0,861.87,127.0,399.1,0.81,188.0,1003.43,
2008,11,20,14,29.88,41.47,534.0,804.58,116.0,390.67,1.51,230.0,1003.63,
2008,11,20,15,28.93,42.71,346.0,685.1,97.0,382.23,2.2,272.0,1003.83,
2008,11,20,16,27.99,43.95,119.0,289.96,69.0,373.8,2.9,314.0,1004.03,
2008,11,20,17,26.89,42.35,0.0,0.0,0.0,376.77,3.3,320.0,1004.62,
2008,11,20,18,25.8,40.76,0.0,0.0,0.0,379.73,3.7,327.0,1005.22,
2008,11,20,19,24.71,39.16,0.0,0.0,0.0,382.7,4.1,334.0,1005.81,
2008,11,20,20,23.99,37.58,0.0,0.0,0.0,383.77,4.03,338.0,1006.11,
2008,11,20,21,23.27,36.01,0.0,0.0,0.0,384.83,3.97,342.0,1006.41,
2008,11,20,22,22.55,34.43,0.0,0.0,0.0,385.9,3.9,346.0,1006.71,
2008,11,20,23,22.17,34.8,0.0,0.0,0.0,383.13,3.77,347.0,1006.84,
2008,11,21,0,21.79,35.17,0.0,0.0,0.0,380.37,3.65,349.0,1006.97,
2008,11,21,1,21.41,35.54,0.0,0.0,0.0,377.6,3.52,350.0,1007.1,
2008,11,21,2,21.31,36.13,0.0,0.0,0.0,377.25,3.41,349.0,1007.17,
2008,11,21,3,21.2,36.72,0.0,0.0,0.0,376.9,3.3,348.0,1007.24,
2008,11,21,4,21.1,37.31,0.0,0.0,0.0,376.55,3.19,347.0,1007.3,
2008,11,21,5,21.54,35.91,0.0,0.0,0.0,372.55,3.15,346.0,1007.93,
2008,11,21,6,21.98,34.5,0.0,0.0,0.0,368.55,3.11,346.0,1008.56,
2008,11,21,7,22.42,33.1,38.0,0.0,38.0,364.55,3.08,345.0,1009.19,
2008,11,21,8,24.17,29.35,322.0,540.44,126.0,366.87,3.43,345.0,1009.12,
2008,11,21,9,25.92,25.6,476.0,548.1,192.0,369.18,3.78,346.0,1009.05,
2008,11,21,10,27.67,21.85,653.0,797.71,152.0,371.5,4.14,346.0,1008.99,
2008,11,21,11,28.42,20.88,726.0,836.66,153.0,370.17,4.4,342.0,1008.46,
2008,11,21,12,29.17,19.92,726.0,836.82,153.0,368.83,4.66,338.0,1007.93,
2008,11,21,13,29.92,18.95,660.0,828.47,140.0,367.5,4.92,335.0,1007.4,
2008,11,21,14,28.5,20.2,534.0,819.27,110.0,361.12,4.7,334.0,1007.53,
2008,11,21,15,27.07,21.45,345.0,682.59,98.0,354.73,4.48,333.0,1007.67,
2008,11,21,16,25.65,22.7,134.0,449.66,57.0,348.35,4.26,332.0,1007.8,
2008,11,21,17,24.52,24.75,0.0,0.0,0.0,344.82,4.3,335.0,1008.43,
2008,11,21,18,23.39,26.79,0.0,0.0,0.0,341.28,4.34,338.0,1009.05,
2008,11,21,19,22.27,28.84,0.0,0.0,0.0,337.75,4.39,342.0,1009.68,
2008,11,21,20,21.5,31.65,0.0,0.0,0.0,335.33,4.17,345.0,1009.82,
2008,11,21,21,20.73,34.46,0.0,0.0,0.0,332.92,3.94,349.0,1009.95,
2008,11,21,22,19.96,37.27,0.0,0.0,0.0,330.5,3.72,353.0,1010.08,
2008,11,21,23,19.44,40.72,0.0,0.0,0.0,328.9,3.63,353.0,1010.08,
2008,11,22,0,18.91,44.16,0.0,0.0,0.0,327.3,3.54,354.0,1010.08,
2008,11,22,1,18.39,47.61,0.0,0.0,0.0,325.7,3.45,354.0,1010.08,
2008,11,22,2,17.86,48.9,0.0,0.0,0.0,325.75,3.32,353.0,1010.01,
2008,11,22,3,17.32,50.2,0.0,0.0,0.0,325.8,3.19,353.0,1009.95,
2008,11,22,4,16.79,51.49,0.0,0.0,0.0,325.85,3.06,352.0,1009.88,
2008,11,22,5,17.34,52.31,0.0,0.0,0.0,324.6,3.09,352.0,1010.28,
2008,11,22,6,17.9,53.14,0.0,0.0,0.0,323.35,3.11,352.0,1010.68,
2008,11,22,7,18.46,53.96,109.0,224.58,71.0,322.1,3.13,352.0,1011.07,
2008,11,22,8,20.28,49.35,329.0,595.18,115.0,327.45,3.37,349.0,1010.81,
2008,11,22,9,22.11,44.75,514.0,728.14,139.0,332.8,3.61,347.0,1010.54,
2008,11,22,10,23.94,40.14,649.0,796.82,151.0,338.15,3.85,344.0,1010.28,
2008,11,22,11,24.83,36.72,731.0,868.06,139.0,339.1,4.19,339.0,1009.42,
2008,11,22,12,25.73,33.3,731.0,869.36,138.0,340.05,4.53,334.0,1008.56,
2008,11,22,13,26.63,29.88,661.0,844.3,133.0,341.0,4.87,329.0,1007.7,
2008,11,22,14,25.42,31.03,524.0,771.88,126.0,337.78,4.75,329.0,1007.67,
2008,11,22,15,24.21,32.18,339.0,657.69,102.0,334.57,4.63,329.0,1007.63,
2008,11,22,16,23.01,33.33,132.0,434.95,58.0,331.35,4.51,328.0,1007.6,
2008,11,22,17,22.0,37.15,0.0,0.0,0.0,327.1,4.63,330.0,1008.1,
2008,11,22,18,21.0,40.98,0.0,0.0,0.0,322.85,4.74,332.0,1008.59,
2008,11,22,19,20.0,44.8,0.0,0.0,0.0,318.6,4.86,334.0,1009.09,
2008,11,22,20,19.23,48.24,0.0,0.0,0.0,315.6,4.51,335.0,1009.05,
2008,11,22,21,18.46,51.67,0.0,0.0,0.0,312.6,4.16,336.0,1009.02,
2008,11,22,22,17.69,55.11,0.0,0.0,0.0,309.6,3.81,337.0,1008.99,
2008,11,22,23,17.16,57.74,0.0,0.0,0.0,307.2,3.72,337.0,1008.89,
2008,11,23,0,16.63,60.36,0.0,0.0,0.0,304.8,3.64,336.0,1008.79,
2008,11,23,1,16.1,62.99,0.0,0.0,0.0,302.4,3.56,336.0,1008.69,
2008,11,23,2,15.55,63.89,0.0,0.0,0.0,300.45,3.43,336.0,1008.72,
2008,11,23,3,15.0,64.8,0.0,0.0,0.0,298.5,3.29,336.0,1008.76,
2008,11,23,4,14.45,65.7,0.0,0.0,0.0,296.55,3.16,335.0,1008.79,
2008,11,23,5,15.07,63.12,0.0,0.0,0.0,295.72,3.07,336.0,1009.12,
2008,11,23,6,15.69,60.54,0.0,0.0,0.0,294.88,2.98,337.0,1009.45,
2008,11,23,7,16.31,57.96,128.0,433.08,56.0,294.05,2.9,338.0,1009.78,
2008,11,23,8,17.98,49.78,337.0,667.65,99.0,298.48,3.19,336.0,1009.42,
2008,11,23,9,19.66,41.61,519.0,771.61,124.0,302.92,3.49,334.0,1009.05,
2008,11,23,10,21.34,33.43,653.0,826.4,139.0,307.35,3.78,332.0,1008.69,
2008,11,23,11,22.15,30.34,728.0,867.25,139.0,306.48,3.9,325.0,1007.76,
2008,11,23,12,22.96,27.25,724.0,852.02,145.0,305.62,4.03,318.0,1006.84,
2008,11,23,13,23.78,24.16,658.0,842.47,133.0,304.75,4.15,311.0,1005.91,
2008,11,23,14,22.64,25.82,521.0,772.66,124.0,301.08,4.03,310.0,1006.14,
2008,11,23,15,21.5,27.49,341.0,682.56,96.0,297.42,3.91,309.0,1006.38,
2008,11,23,16,20.37,29.15,133.0,455.3,56.0,293.75,3.79,308.0,1006.61,
2008,11,23,17,19.3,32.27,0.0,0.0,0.0,291.92,3.79,312.0,1007.27,
2008,11,23,18,18.23,35.39,0.0,0.0,0.0,290.08,3.78,315.0,1007.93,
2008,11,23,19,17.16,38.51,0.0,0.0,0.0,288.25,3.78,318.0,1008.59,
2008,11,23,20,16.44,41.48,0.0,0.0,0.0,289.6,3.55,322.0,1008.69,
2008,11,23,21,15.72,44.45,0.0,0.0,0.0,290.95,3.33,327.0,1008.79,
2008,11,23,22,15.0,47.42,0.0,0.0,0.0,292.3,3.1,331.0,1008.89,
2008,11,23,23,14.4,50.56,0.0,0.0,0.0,291.48,2.94,334.0,1008.66,
2008,11,24,0,13.8,53.69,0.0,0.0,0.0,290.67,2.77,337.0,1008.43,
2008,11,24,1,13.2,56.83,0.0,0.0,0.0,289.85,2.61,340.0,1008.19,
2008,11,24,2,12.79,57.12,0.0,0.0,0.0,286.35,2.61,341.0,1008.43,
2008,11,24,3,12.38,57.42,0.0,0.0,0.0,282.85,2.61,341.0,1008.66,
2008,11,24,4,11.98,57.71,0.0,0.0,0.0,279.35,2.61,341.0,1008.89,
2008,11,24,5,12.77,54.59,0.0,0.0,0.0,280.02,2.34,345.0,1009.42,
2008,11,24,6,13.56,51.47,0.0,0.0,0.0,280.68,2.07,350.0,1009.95,
2008,11,24,7,14.35,48.35,130.0,477.61,52.0,281.35,1.81,354.0,1010.48,
2008,11,24,8,16.4,41.91,337.0,690.39,93.0,285.67,2.0,356.0,1010.25,
2008,11,24,9,18.45,35.46,524.0,813.59,110.0,289.98,2.2,357.0,1010.01,
2008,11,24,10,20.51,29.02,653.0,841.66,132.0,294.3,2.4,359.0,1009.78,
2008,11,24,11,21.51,26.21,729.0,884.1,131.0,292.98,2.33,353.0,1008.99,
2008,11,24,12,22.51,23.39,725.0,866.95,138.0,291.67,2.25,347.0,1008.19,
2008,11,24,13,23.52,20.58,652.0,826.03,139.0,290.35,2.18,341.0,1007.4,
2008,11,24,14,22.3,25.86,525.0,800.66,115.0,285.78,2.17,339.0,1007.63,
2008,11,24,15,21.07,31.14,336.0,654.33,102.0,281.22,2.16,337.0,1007.86,
2008,11,24,16,19.85,36.42,131.0,439.96,57.0,276.65,2.15,335.0,1008.1,
2008,11,24,17,18.63,38.04,0.0,0.0,0.0,275.22,2.24,332.0,1008.79,
2008,11,24,18,17.42,39.66,0.0,0.0,0.0,273.78,2.34,330.0,1009.48,
2008,11,24,19,16.21,41.28,0.0,0.0,0.0,272.35,2.43,327.0,1010.18,
2008,11,24,20,15.72,43.65,0.0,0.0,0.0,273.4,2.36,331.0,1010.31,
2008,11,24,21,15.22,46.01,0.0,0.0,0.0,274.45,2.29,336.0,1010.44,
2008,11,24,22,14.73,48.38,0.0,0.0,0.0,275.5,2.22,340.0,1010.58,
2008,11,24,23,14.22,49.93,0.0,0.0,0.0,277.08,2.29,345.0,1010.34,
2008,11,25,0,13.71,51.48,0.0,0.0,0.0,278.67,2.35,351.0,1010.11,
2008,11,25,1,13.2,53.03,0.0,0.0,0.0,280.25,2.41,356.0,1009.88,
2008,11,25,2,12.75,53.21,0.0,0.0,0.0,280.8,2.37,1.0,1009.88,
2008,11,25,3,12.3,53.38,0.0,0.0,0.0,281.35,2.32,5.0,1009.88,
2008,11,25,4,11.85,53.56,0.0,0.0,0.0,281.9,2.28,9.0,1009.88,
2008,11,25,5,12.69,48.52,0.0,0.0,0.0,284.4,2.04,10.0,1010.41,
2008,11,25,6,13.54,43.48,0.0,0.0,0.0,286.9,1.81,11.0,1010.94,
2008,11,25,7,14.39,38.44,125.0,455.12,52.0,289.4,1.57,12.0,1011.47,
2008,11,25,8,17.2,32.66,334.0,687.77,93.0,293.92,1.71,14.0,1011.37,
2008,11,25,9,20.02,26.88,518.0,796.69,115.0,298.43,1.86,17.0,1011.27,
2008,11,25,10,22.84,21.1,646.0,824.52,138.0,302.95,2.0,19.0,1011.17,
2008,11,25,11,23.98,19.54,718.0,850.52,145.0,302.2,2.09,19.0,1010.38,
2008,11,25,12,25.12,17.99,727.0,883.37,131.0,301.45,2.18,20.0,1009.58,
2008,11,25,13,26.26,16.43,653.0,841.68,132.0,300.7,2.28,20.0,1008.79,
2008,11,25,14,24.97,19.24,521.0,785.61,120.0,296.28,2.11,25.0,1008.79,
2008,11,25,15,23.67,22.06,335.0,653.78,102.0,291.87,1.94,30.0,1008.79,
2008,11,25,16,22.38,24.87,128.0,418.26,58.0,287.45,1.77,35.0,1008.79,
2008,11,25,17,20.89,27.88,0.0,0.0,0.0,285.33,1.91,28.0,1009.35,
2008,11,25,18,19.4,30.88,0.0,0.0,0.0,283.22,2.06,21.0,1009.91,
2008,11,25,19,17.92,33.89,0.0,0.0,0.0,281.1,2.21,14.0,1010.48,
2008,11,25,20,17.31,37.13,0.0,0.0,0.0,282.47,2.14,17.0,1010.48,
2008,11,25,21,16.7,40.38,0.0,0.0,0.0,283.83,2.08,21.0,1010.48,
2008,11,25,22,16.09,43.62,0.0,0.0,0.0,285.2,2.01,24.0,1010.48,
2008,11,25,23,15.82,47.15,0.0,0.0,0.0,288.28,1.99,23.0,1010.25,
2008,11,26,0,15.54,50.68,0.0,0.0,0.0,291.37,1.97,23.0,1010.01,
2008,11,26,1,15.27,54.21,0.0,0.0,0.0,294.45,1.94,23.0,1009.78,
2008,11,26,2,14.76,56.56,0.0,0.0,0.0,296.08,1.89,25.0,1009.98,
2008,11,26,3,14.25,58.9,0.0,0.0,0.0,297.72,1.84,26.0,1010.18,
2008,11,26,4,13.74,61.25,0.0,0.0,0.0,299.35,1.79,28.0,1010.38,
2008,11,26,5,14.45,55.72,0.0,0.0,0.0,299.8,1.6,29.0,1010.77,
2008,11,26,6,15.16,50.18,0.0,0.0,0.0,300.25,1.42,29.0,1011.17,
2008,11,26,7,15.88,44.65,122.0,444.42,52.0,300.7,1.23,29.0,1011.57,
2008,11,26,8,19.01,36.25,330.0,685.04,92.0,305.32,1.3,32.0,1011.34,
2008,11,26,9,22.14,27.86,512.0,781.51,119.0,309.93,1.37,35.0,1011.11,
2008,11,26,10,25.27,19.46,647.0,839.77,132.0,314.55,1.45,38.0,1010.87,
2008,11,26,11,26.41,17.45,718.0,865.78,137.0,313.63,1.44,31.0,1010.11,
2008,11,26,12,27.55,15.43,720.0,865.61,138.0,312.72,1.44,24.0,1009.35,
2008,11,26,13,28.69,13.42,651.0,841.11,132.0,311.8,1.43,16.0,1008.59,
2008,11,26,14,27.26,16.22,524.0,813.56,110.0,306.65,1.6,16.0,1008.56,
2008,11,26,15,25.82,19.02,337.0,678.4,96.0,301.5,1.77,16.0,1008.53,
2008,11,26,16,24.39,21.82,85.0,90.03,70.0,296.35,1.94,15.0,1008.49,
2008,11,26,17,23.24,23.58,0.0,0.0,0.0,294.65,1.97,14.0,1008.92,
2008,11,26,18,22.09,25.33,0.0,0.0,0.0,292.95,1.99,12.0,1009.35,
2008,11,26,19,20.95,27.09,0.0,0.0,0.0,291.25,2.01,11.0,1009.78,
2008,11,26,20,20.15,31.07,0.0,0.0,0.0,294.53,2.03,6.0,1009.75,
2008,11,26,21,19.35,35.05,0.0,0.0,0.0,297.82,2.05,2.0,1009.72,
2008,11,26,22,18.55,39.03,0.0,0.0,0.0,301.1,2.07,357.0,1009.68,
2008,11,26,23,18.02,43.15,0.0,0.0,0.0,304.18,2.13,358.0,1009.35,
2008,11,27,0,17.48,47.26,0.0,0.0,0.0,307.27,2.2,358.0,1009.02,
2008,11,27,1,16.95,51.38,0.0,0.0,0.0,310.35,2.26,358.0,1008.69,
2008,11,27,2,16.2,51.55,0.0,0.0,0.0,308.35,2.28,360.0,1008.86,
2008,11,27,3,15.44,51.72,0.0,0.0,0.0,306.35,2.3,1.0,1009.02,
2008,11,27,4,14.69,51.89,0.0,0.0,0.0,304.35,2.32,2.0,1009.19,
2008,11,27,5,15.47,46.42,0.0,0.0,0.0,305.97,2.07,3.0,1009.55,
2008,11,27,6,16.25,40.95,0.0,0.0,0.0,307.58,1.83,4.0,1009.91,
2008,11,27,7,17.03,35.48,117.0,413.85,53.0,309.2,1.59,5.0,1010.28,
2008,11,27,8,20.3,29.08,323.0,658.97,96.0,313.83,1.73,360.0,1009.95,
2008,11,27,9,23.57,22.68,508.0,780.07,118.0,318.47,1.88,354.0,1009.62,
2008,11,27,10,26.84,16.28,647.0,853.43,126.0,323.1,2.03,348.0,1009.29,
2008,11,27,11,28.04,14.75,712.0,848.15,145.0,321.95,2.38,343.0,1008.49,
2008,11,27,12,29.24,13.21,717.0,865.52,137.0,320.8,2.74,339.0,1007.7,
2008,11,27,13,30.45,11.68,653.0,856.68,126.0,319.65,3.09,334.0,1006.9,
2008,11,27,14,28.44,16.48,523.0,813.93,110.0,314.53,3.05,332.0,1006.84,
2008,11,27,15,26.43,21.28,338.0,691.7,93.0,309.42,3.01,331.0,1006.77,
2008,11,27,16,24.43,26.08,128.0,427.8,57.0,304.3,2.97,330.0,1006.71,
2008,11,27,17,22.97,27.73,0.0,0.0,0.0,300.9,3.08,331.0,1007.14,
2008,11,27,18,21.52,29.37,0.0,0.0,0.0,297.5,3.2,333.0,1007.57,
2008,11,27,19,20.07,31.02,0.0,0.0,0.0,294.1,3.31,334.0,1008.0,
2008,11,27,20,19.2,32.83,0.0,0.0,0.0,293.43,3.23,337.0,1008.1,
2008,11,27,21,18.32,34.64,0.0,0.0,0.0,292.77,3.15,340.0,1008.19,
2008,11,27,22,17.45,36.45,0.0,0.0,0.0,292.1,3.08,342.0,1008.29,
2008,11,27,23,16.76,38.46,0.0,0.0,0.0,292.6,2.95,344.0,1007.96,
2008,11,28,0,16.07,40.47,0.0,0.0,0.0,293.1,2.83,345.0,1007.63,
2008,11,28,1,15.38,42.48,0.0,0.0,0.0,293.6,2.7,347.0,1007.3,
2008,11,28,2,15.16,43.71,0.0,0.0,0.0,295.57,2.61,347.0,1007.24,
2008,11,28,3,14.93,44.95,0.0,0.0,0.0,297.53,2.52,347.0,1007.17,
2008,11,28,4,14.71,46.18,0.0,0.0,0.0,299.5,2.43,347.0,1007.1,
2008,11,28,5,15.74,41.49,0.0,0.0,0.0,300.73,2.35,347.0,1007.5,
2008,11,28,6,16.77,36.81,0.0,0.0,0.0,301.97,2.27,346.0,1007.9,
2008,11,28,7,17.81,32.12,105.0,309.6,58.0,303.2,2.19,346.0,1008.29,
2008,11,28,8,20.72,27.03,301.0,526.98,121.0,307.95,2.31,342.0,1008.1,
2008,11,28,9,23.63,21.94,469.0,601.51,170.0,312.7,2.43,339.0,1007.9,
2008,11,28,10,26.54,16.85,630.0,789.8,150.0,317.45,2.55,335.0,1007.7,
2008,11,28,11,27.71,15.17,709.0,846.81,145.0,318.35,2.96,333.0,1006.94,
2008,11,28,12,28.88,13.49,711.0,848.87,144.0,319.25,3.37,330.0,1006.18,
2008,11,28,13,30.06,11.81,650.0,855.91,125.0,320.15,3.78,328.0,1005.42,
2008,11,28,14,28.19,14.61,518.0,798.35,114.0,314.45,3.76,324.0,1005.45,
2008,11,28,15,26.31,17.42,337.0,690.74,93.0,308.75,3.73,320.0,1005.48,
2008,11,28,16,24.44,20.22,131.0,471.57,53.0,303.05,3.71,315.0,1005.52,
2008,11,28,17,23.27,21.98,0.0,0.0,0.0,300.6,3.9,318.0,1006.04,
2008,11,28,18,22.11,23.75,0.0,0.0,0.0,298.15,4.09,321.0,1006.57,
2008,11,28,19,20.95,25.51,0.0,0.0,0.0,295.7,4.28,324.0,1007.1,
2008,11,28,20,20.19,27.96,0.0,0.0,0.0,295.68,4.15,327.0,1007.3,
2008,11,28,21,19.43,30.4,0.0,0.0,0.0,295.67,4.03,330.0,1007.5,
2008,11,28,22,18.67,32.85,0.0,0.0,0.0,295.65,3.9,333.0,1007.7,
2008,11,28,23,18.13,35.07,0.0,0.0,0.0,294.83,3.87,335.0,1007.47,
2008,11,29,0,17.59,37.29,0.0,0.0,0.0,294.02,3.84,337.0,1007.24,
2008,11,29,1,17.05,39.51,0.0,0.0,0.0,293.2,3.81,339.0,1007.0,
2008,11,29,2,16.73,41.91,0.0,0.0,0.0,293.12,3.8,341.0,1007.0,
2008,11,29,3,16.4,44.32,0.0,0.0,0.0,293.03,3.8,342.0,1007.0,
2008,11,29,4,16.08,46.72,0.0,0.0,0.0,292.95,3.79,344.0,1007.0,
2008,11,29,5,16.55,47.79,0.0,0.0,0.0,292.67,3.63,345.0,1007.5,
2008,11,29,6,17.02,48.86,0.0,0.0,0.0,292.38,3.47,347.0,1008.0,
2008,11,29,7,17.5,49.93,95.0,228.18,61.0,292.1,3.31,348.0,1008.49,
2008,11,29,8,19.18,45.22,292.0,493.06,125.0,298.27,3.63,348.0,1008.33,
2008,11,29,9,20.86,40.52,485.0,691.94,143.0,304.43,3.95,348.0,1008.16,
2008,11,29,10,22.54,35.81,634.0,819.72,138.0,310.6,4.28,348.0,1008.0,
2008,11,29,11,23.55,31.71,706.0,846.87,144.0,311.93,4.46,346.0,1007.27,
2008,11,29,12,24.56,27.61,713.0,863.54,138.0,313.27,4.64,344.0,1006.54,
2008,11,29,13,25.58,23.51,645.0,838.67,132.0,314.6,4.83,342.0,1005.81,
2008,11,29,14,24.33,25.63,511.0,768.68,123.0,311.42,4.51,339.0,1005.85,
2008,11,29,15,23.08,27.75,329.0,638.51,104.0,308.23,4.18,336.0,1005.88,
2008,11,29,16,21.83,29.87,127.0,430.47,56.0,305.05,3.86,333.0,1005.91,
2008,11,29,17,20.81,33.04,0.0,0.0,0.0,301.92,4.0,335.0,1006.71,
2008,11,29,18,19.79,36.21,0.0,0.0,0.0,298.78,4.14,336.0,1007.5,
2008,11,29,19,18.77,39.38,0.0,0.0,0.0,295.65,4.28,338.0,1008.29,
2008,11,29,20,18.1,42.66,0.0,0.0,0.0,294.7,4.08,342.0,1008.59,
2008,11,29,21,17.42,45.94,0.0,0.0,0.0,293.75,3.89,346.0,1008.89,
2008,11,29,22,16.75,49.22,0.0,0.0,0.0,292.8,3.7,350.0,1009.19,
2008,11,29,23,16.1,53.34,0.0,0.0,0.0,291.97,3.4,353.0,1009.09,
2008,11,30,0,15.44,57.47,0.0,0.0,0.0,291.13,3.11,356.0,1008.99,
2008,11,30,1,14.79,61.59,0.0,0.0,0.0,290.3,2.81,359.0,1008.89,
2008,11,30,2,14.4,63.87,0.0,0.0,0.0,291.0,2.71,2.0,1008.92,
2008,11,30,3,14.01,66.15,0.0,0.0,0.0,291.7,2.6,4.0,1008.96,
2008,11,30,4,13.63,68.43,0.0,0.0,0.0,292.4,2.5,7.0,1008.99,
2008,11,30,5,14.24,65.92,0.0,0.0,0.0,293.43,2.24,7.0,1009.58,
2008,11,30,6,14.85,63.42,0.0,0.0,0.0,294.47,1.98,8.0,1010.18,
2008,11,30,7,15.47,60.91,108.0,389.79,51.0,295.5,1.72,9.0,1010.77,
2008,11,30,8,17.76,52.55,316.0,663.93,93.0,301.22,1.78,8.0,1010.71,
2008,11,30,9,20.06,44.18,499.0,775.18,118.0,306.93,1.83,8.0,1010.64,
2008,11,30,10,22.36,35.82,634.0,834.87,131.0,312.65,1.89,8.0,1010.58,
2008,11,30,11,23.82,30.93,707.0,861.97,137.0,313.37,2.1,2.0,1009.91,
2008,11,30,12,25.28,26.04,706.0,846.55,144.0,314.08,2.31,356.0,1009.25,
2008,11,30,13,26.75,21.15,643.0,837.6,132.0,314.8,2.52,349.0,1008.59,
2008,11,30,14,25.42,24.76,513.0,782.41,119.0,311.6,2.57,349.0,1008.62,
2008,11,30,15,24.09,28.38,331.0,662.66,98.0,308.4,2.61,349.0,1008.66,
2008,11,30,16,22.77,31.99,128.0,443.62,55.0,305.2,2.65,348.0,1008.69,
2008,11,30,17,21.41,34.06,0.0,0.0,0.0,302.25,2.74,352.0,1009.39,
2008,11,30,18,17.87,37.41,0.0,0.0,0.0,298.53,2.16,355.0,1010.08,
2008,11,30,19,17.61,39.47,0.0,0.0,0.0,297.43,2.31,358.0,1010.77,
2008,11,30,20,17.34,41.53,0.0,0.0,0.0,296.33,2.46,4.0,1010.94,
2008,11,30,21,17.07,43.59,0.0,0.0,0.0,295.23,2.61,9.0,1011.11,
2008,11,30,22,16.81,45.65,0.0,0.0,0.0,294.13,2.75,15.0,1011.27,
2008,11,30,23,16.54,47.71,0.0,0.0,0.0,293.03,2.9,16.0,1011.2,
2006,12,1,0,16.27,49.77,0.0,0.0,0.0,291.93,3.05,18.0,1011.14,
2006,12,1,1,16.01,51.83,0.0,0.0,0.0,290.83,3.19,20.0,1011.07,
2006,12,1,2,15.74,53.89,0.0,0.0,0.0,289.73,3.34,336.0,1009.95,
2006,12,1,3,15.47,55.95,0.0,0.0,0.0,288.63,3.49,336.0,1009.91,
2006,12,1,4,15.21,58.01,0.0,0.0,0.0,287.53,3.64,336.0,1009.88,
2006,12,1,5,14.94,60.07,0.0,0.0,0.0,286.43,3.78,336.0,1010.44,
2006,12,1,6,14.67,62.13,0.0,0.0,0.0,285.33,3.93,337.0,1011.01,
2006,12,1,7,14.41,64.19,114.0,494.79,43.0,284.23,4.08,337.0,1011.57,
2006,12,1,8,14.14,66.26,305.0,591.41,108.0,283.13,4.23,339.0,1011.37,
2006,12,1,9,13.87,68.32,502.0,787.66,117.0,282.03,4.37,340.0,1011.17,
2006,12,1,10,19.75,46.64,639.0,843.4,133.0,300.6,5.34,341.0,1010.97,
2006,12,1,11,20.72,42.08,720.0,902.86,125.0,302.22,5.38,342.0,1010.21,
2006,12,1,12,21.68,37.53,716.0,871.66,139.0,303.83,5.42,343.0,1009.45,
2006,12,1,13,22.65,32.97,635.0,783.82,158.0,305.45,5.46,344.0,1008.69,
2006,12,1,14,21.72,34.91,521.0,807.99,115.0,302.17,4.97,341.0,1008.69,
2006,12,1,15,20.8,36.84,342.0,718.07,90.0,298.88,4.49,338.0,1008.69,
2006,12,1,16,19.88,38.78,126.0,407.87,59.0,295.6,4.0,335.0,1008.69,
2006,12,1,17,19.1,41.41,0.0,0.0,0.0,293.68,4.01,335.0,1009.15,
2006,12,1,18,18.32,44.05,0.0,0.0,0.0,291.77,4.02,335.0,1009.62,
2006,12,1,19,17.53,46.68,0.0,0.0,0.0,289.85,4.03,334.0,1010.08,
2006,12,1,20,17.06,46.57,0.0,0.0,0.0,288.67,3.99,338.0,1010.18,
2006,12,1,21,16.58,46.47,0.0,0.0,0.0,287.48,3.95,342.0,1010.28,
2006,12,1,22,16.1,46.36,0.0,0.0,0.0,286.3,3.92,346.0,1010.38,
2006,12,1,23,15.61,45.12,0.0,0.0,0.0,284.27,3.85,350.0,1010.28,
2006,12,2,0,15.13,43.88,0.0,0.0,0.0,282.23,3.78,354.0,1010.18,
2006,12,2,1,14.65,42.64,0.0,0.0,0.0,280.2,3.71,357.0,1010.08,
2006,12,2,2,13.95,43.12,0.0,0.0,0.0,278.2,3.6,358.0,1010.11,
2006,12,2,3,13.25,43.59,0.0,0.0,0.0,276.2,3.49,359.0,1010.15,
2006,12,2,4,12.56,44.07,0.0,0.0,0.0,274.2,3.38,360.0,1010.18,
2006,12,2,5,13.21,41.72,0.0,0.0,0.0,274.6,3.21,3.0,1010.68,
2006,12,2,6,13.86,39.37,0.0,0.0,0.0,275.0,3.04,7.0,1011.17,
2006,12,2,7,14.51,37.02,112.0,497.19,42.0,275.4,2.87,11.0,1011.67,
2006,12,2,8,16.87,32.56,330.0,799.1,66.0,281.77,2.97,15.0,1011.63,
2006,12,2,9,19.24,28.11,497.0,771.38,122.0,288.13,3.06,20.0,1011.6,
2006,12,2,10,21.6,23.65,632.0,826.79,138.0,294.5,3.16,25.0,1011.57,
2006,12,2,11,22.73,21.71,714.0,886.07,132.0,296.55,3.3,27.0,1010.71,
2006,12,2,12,23.86,19.78,698.0,805.91,166.0,298.6,3.44,30.0,1009.85,
2006,12,2,13,24.99,17.84,644.0,831.77,139.0,300.65,3.59,32.0,1008.99,
2006,12,2,14,23.49,22.71,509.0,747.79,134.0,296.13,3.36,25.0,1009.12,
2006,12,2,15,22.0,27.59,326.0,616.51,110.0,291.62,3.14,18.0,1009.25,
2006,12,2,16,20.51,32.46,122.0,365.7,62.0,287.1,2.91,11.0,1009.39,
2006,12,2,17,19.37,34.29,0.0,0.0,0.0,283.92,2.99,14.0,1009.75,
2006,12,2,18,18.23,36.11,0.0,0.0,0.0,280.73,3.07,17.0,1010.11,
2006,12,2,19,17.08,37.94,0.0,0.0,0.0,277.55,3.14,20.0,1010.48,
2006,12,2,20,16.28,39.67,0.0,0.0,0.0,275.98,3.1,19.0,1010.48,
2006,12,2,21,15.48,41.41,0.0,0.0,0.0,274.42,3.05,19.0,1010.48,
2006,12,2,22,14.68,43.14,0.0,0.0,0.0,272.85,3.01,19.0,1010.48,
2006,12,2,23,14.01,45.48,0.0,0.0,0.0,272.43,2.92,18.0,1010.41,
2006,12,3,0,13.34,47.81,0.0,0.0,0.0,272.02,2.84,17.0,1010.34,
2006,12,3,1,12.67,50.15,0.0,0.0,0.0,271.6,2.76,16.0,1010.28,
2006,12,3,2,11.77,53.42,0.0,0.0,0.0,271.58,2.56,15.0,1010.18,
2006,12,3,3,10.87,56.7,0.0,0.0,0.0,271.57,2.35,15.0,1010.08,
2006,12,3,4,9.97,59.97,0.0,0.0,0.0,271.55,2.15,14.0,1009.98,
2006,12,3,5,10.7,55.78,0.0,0.0,0.0,273.52,1.94,12.0,1010.38,
2006,12,3,6,11.44,51.59,0.0,0.0,0.0,275.48,1.74,10.0,1010.77,
2006,12,3,7,12.17,47.4,95.0,296.82,54.0,277.45,1.53,8.0,1011.17,
2006,12,3,8,14.87,40.49,325.0,781.23,69.0,282.17,1.38,3.0,1011.14,
2006,12,3,9,17.58,33.59,494.0,769.3,122.0,286.88,1.23,357.0,1011.11,
2006,12,3,10,20.28,26.68,640.0,875.48,119.0,291.6,1.08,352.0,1011.07,
2006,12,3,11,21.24,24.47,712.0,885.85,132.0,290.82,0.94,339.0,1010.15,
2006,12,3,12,22.2,22.27,720.0,903.73,125.0,290.03,0.8,326.0,1009.22,
2006,12,3,13,23.17,20.06,653.0,879.82,120.0,289.25,0.66,314.0,1008.29,
2006,12,3,14,21.7,22.28,519.0,807.07,115.0,283.3,0.96,306.0,1008.23,
2006,12,3,15,20.23,24.5,339.0,703.12,93.0,277.35,1.25,299.0,1008.16,
2006,12,3,16,18.77,26.72,133.0,494.02,52.0,271.4,1.54,292.0,1008.1,
2006,12,3,17,17.52,34.14,0.0,0.0,0.0,269.47,1.98,296.0,1008.56,
2006,12,3,18,16.28,41.57,0.0,0.0,0.0,267.53,2.41,300.0,1009.02,
2006,12,3,19,15.03,48.99,0.0,0.0,0.0,265.6,2.84,304.0,1009.48,
2006,12,3,20,14.45,51.16,0.0,0.0,0.0,266.35,2.9,305.0,1009.52,
2006,12,3,21,13.86,53.32,0.0,0.0,0.0,267.1,2.95,307.0,1009.55,
2006,12,3,22,13.27,55.49,0.0,0.0,0.0,267.85,3.01,309.0,1009.58,
2006,12,3,23,12.9,58.48,0.0,0.0,0.0,268.87,3.0,309.0,1009.52,
2006,12,4,0,12.53,61.48,0.0,0.0,0.0,269.88,2.99,309.0,1009.45,
2006,12,4,1,12.16,64.47,0.0,0.0,0.0,270.9,2.98,310.0,1009.39,
2006,12,4,2,11.82,65.43,0.0,0.0,0.0,272.0,3.01,308.0,1009.35,
2006,12,4,3,11.48,66.38,0.0,0.0,0.0,273.1,3.03,306.0,1009.32,
2006,12,4,4,11.15,67.34,0.0,0.0,0.0,274.2,3.06,303.0,1009.29,
2006,12,4,5,11.77,64.47,0.0,0.0,0.0,274.6,3.0,303.0,1009.78,
2006,12,4,6,12.4,61.6,0.0,0.0,0.0,275.0,2.94,302.0,1010.28,
2006,12,4,7,13.03,58.73,108.0,509.2,39.0,275.4,2.88,301.0,1010.77,
2006,12,4,8,14.87,53.73,311.0,686.03,88.0,280.2,3.82,305.0,1010.44,
2006,12,4,9,16.72,48.73,491.0,769.19,121.0,285.0,4.75,309.0,1010.11,
2006,12,4,10,18.56,43.73,631.0,841.79,132.0,289.8,5.68,313.0,1009.78,
2006,12,4,11,19.32,41.92,709.0,884.0,132.0,290.85,5.99,315.0,1009.15,
2006,12,4,12,20.07,40.12,714.0,886.2,132.0,291.9,6.29,317.0,1008.53,
2006,12,4,13,20.83,38.31,637.0,813.81,145.0,292.95,6.59,319.0,1007.9,
2006,12,4,14,19.89,40.17,510.0,762.36,129.0,291.12,5.97,319.0,1008.13,
2006,12,4,15,18.95,42.03,340.0,718.21,89.0,289.28,5.34,319.0,1008.36,
2006,12,4,16,18.02,43.89,127.0,433.08,56.0,287.45,4.72,319.0,1008.59,
2006,12,4,17,17.17,47.76,0.0,0.0,0.0,286.32,4.55,320.0,1009.12,
2006,12,4,18,16.32,51.62,0.0,0.0,0.0,285.18,4.38,321.0,1009.65,
2006,12,4,19,15.46,55.49,0.0,0.0,0.0,284.05,4.21,322.0,1010.18,
2006,12,4,20,14.91,58.25,0.0,0.0,0.0,283.33,4.11,324.0,1010.28,
2006,12,4,21,14.35,61.02,0.0,0.0,0.0,282.62,4.01,325.0,1010.38,
2006,12,4,22,13.8,63.78,0.0,0.0,0.0,281.9,3.92,326.0,1010.48,
2006,12,4,23,13.41,66.22,0.0,0.0,0.0,281.63,3.78,329.0,1010.38,
2006,12,5,0,13.02,68.66,0.0,0.0,0.0,281.37,3.64,331.0,1010.28,
2006,12,5,1,12.63,71.1,0.0,0.0,0.0,281.1,3.5,334.0,1010.18,
2006,12,5,2,12.48,71.64,0.0,0.0,0.0,282.32,3.36,335.0,1010.05,
2006,12,5,3,12.34,72.18,0.0,0.0,0.0,283.53,3.22,337.0,1009.91,
2006,12,5,4,12.2,72.72,0.0,0.0,0.0,284.75,3.08,339.0,1009.78,
2006,12,5,5,12.77,70.22,0.0,0.0,0.0,285.23,2.82,340.0,1010.31,
2006,12,5,6,13.35,67.72,0.0,0.0,0.0,285.72,2.56,341.0,1010.84,
2006,12,5,7,13.92,65.22,101.0,421.29,45.0,286.2,2.3,342.0,1011.37,
2006,12,5,8,15.55,58.14,298.0,607.79,102.0,291.68,2.73,341.0,1011.27,
2006,12,5,9,17.17,51.07,364.0,265.38,237.0,297.17,3.16,340.0,1011.17,
2006,12,5,10,18.8,43.99,607.0,748.46,165.0,302.65,3.59,340.0,1011.07,
2006,12,5,11,19.49,41.21,695.0,834.38,152.0,301.98,3.9,335.0,1010.15,
2006,12,5,12,20.18,38.44,672.0,728.05,195.0,301.32,4.22,331.0,1009.22,
2006,12,5,13,20.87,35.66,640.0,830.27,139.0,300.65,4.54,326.0,1008.29,
2006,12,5,14,20.03,38.39,477.0,611.16,172.0,296.42,4.23,322.0,1008.33,
2006,12,5,15,19.2,41.12,354.0,824.79,66.0,292.18,3.93,319.0,1008.36,
2006,12,5,16,18.37,43.85,71.0,42.68,64.0,287.95,3.63,315.0,1008.39,
2006,12,5,17,17.65,47.1,0.0,0.0,0.0,288.65,3.86,315.0,1008.92,
2006,12,5,18,16.94,50.34,0.0,0.0,0.0,289.35,4.09,315.0,1009.45,
2006,12,5,19,16.22,53.59,0.0,0.0,0.0,290.05,4.32,315.0,1009.98,
2006,12,5,20,15.83,56.16,0.0,0.0,0.0,291.0,4.24,317.0,1010.08,
2006,12,5,21,15.43,58.73,0.0,0.0,0.0,291.95,4.17,319.0,1010.18,
2006,12,5,22,15.04,61.3,0.0,0.0,0.0,292.9,4.1,321.0,1010.28,
2006,12,5,23,14.46,65.03,0.0,0.0,0.0,291.53,3.87,322.0,1010.15,
2006,12,6,0,13.88,68.77,0.0,0.0,0.0,290.17,3.64,322.0,1010.01,
2006,12,6,1,13.31,72.5,0.0,0.0,0.0,288.8,3.41,323.0,1009.88,
2006,12,6,2,13.05,72.06,0.0,0.0,0.0,288.35,3.39,321.0,1009.95,
2006,12,6,3,12.79,71.62,0.0,0.0,0.0,287.9,3.37,318.0,1010.01,
2006,12,6,4,12.53,71.18,0.0,0.0,0.0,287.45,3.35,316.0,1010.08,
2006,12,6,5,13.02,69.48,0.0,0.0,0.0,287.52,3.24,315.0,1010.51,
2006,12,6,6,13.51,67.77,0.0,0.0,0.0,287.58,3.13,314.0,1010.94,
2006,12,6,7,14.0,66.07,95.0,383.47,45.0,287.65,3.02,312.0,1011.37,
2006,12,6,8,15.64,59.29,298.0,631.33,96.0,292.1,3.76,315.0,1011.07,
2006,12,6,9,17.29,52.52,491.0,795.93,112.0,296.55,4.5,318.0,1010.77,
2006,12,6,10,18.93,45.74,629.0,856.59,125.0,301.0,5.24,320.0,1010.48,
2006,12,6,11,19.67,41.92,705.0,882.99,132.0,300.63,5.35,319.0,1009.48,
2006,12,6,12,20.41,38.11,711.0,885.72,132.0,300.27,5.45,318.0,1008.49,
2006,12,6,13,21.16,34.29,649.0,878.2,120.0,299.9,5.56,317.0,1007.5,
2006,12,6,14,20.11,36.5,514.0,792.48,119.0,295.87,5.07,315.0,1007.93,
2006,12,6,15,19.07,38.72,338.0,704.93,92.0,291.83,4.57,313.0,1008.36,
2006,12,6,16,18.03,40.93,131.0,475.11,53.0,287.8,4.08,311.0,1008.79,
2006,12,6,17,17.02,44.61,0.0,0.0,0.0,286.5,3.96,312.0,1009.35,
2006,12,6,18,16.02,48.3,0.0,0.0,0.0,285.2,3.84,312.0,1009.91,
2006,12,6,19,15.01,51.98,0.0,0.0,0.0,283.9,3.72,313.0,1010.48,
2006,12,6,20,14.32,55.37,0.0,0.0,0.0,283.2,3.48,314.0,1010.64,
2006,12,6,21,13.63,58.77,0.0,0.0,0.0,282.5,3.24,315.0,1010.81,
2006,12,6,22,12.94,62.16,0.0,0.0,0.0,281.8,2.99,316.0,1010.97,
2006,12,6,23,12.48,65.29,0.0,0.0,0.0,281.58,2.8,316.0,1010.81,
2006,12,7,0,12.02,68.42,0.0,0.0,0.0,281.37,2.62,315.0,1010.64,
2006,12,7,1,11.56,71.55,0.0,0.0,0.0,281.15,2.43,314.0,1010.48,
2006,12,7,2,11.25,71.42,0.0,0.0,0.0,280.43,2.4,315.0,1010.58,
2006,12,7,3,10.95,71.28,0.0,0.0,0.0,279.72,2.37,316.0,1010.68,
2006,12,7,4,10.65,71.15,0.0,0.0,0.0,279.0,2.34,316.0,1010.77,
2006,12,7,5,11.31,67.39,0.0,0.0,0.0,279.9,2.1,317.0,1011.3,
2006,12,7,6,11.98,63.62,0.0,0.0,0.0,280.8,1.85,318.0,1011.83,
2006,12,7,7,12.65,59.86,102.0,516.04,36.0,281.7,1.6,319.0,1012.36,
2006,12,7,8,14.76,52.58,315.0,787.41,65.0,286.5,2.17,319.0,1012.23,
2006,12,7,9,16.86,45.29,503.0,886.36,83.0,291.3,2.73,320.0,1012.1,
2006,12,7,10,18.97,38.01,636.0,903.99,106.0,296.1,3.3,321.0,1011.97,
2006,12,7,11,19.61,35.93,710.0,916.3,117.0,295.15,3.37,321.0,1011.07,
2006,12,7,12,20.25,33.85,713.0,901.39,125.0,294.2,3.43,321.0,1010.18,
2006,12,7,13,20.89,31.77,648.0,877.92,120.0,293.25,3.5,321.0,1009.29,
2006,12,7,14,19.85,36.78,522.0,837.5,105.0,289.02,3.18,319.0,1009.42,
2006,12,7,15,18.81,41.8,341.0,730.95,86.0,284.78,2.86,316.0,1009.55,
2006,12,7,16,17.77,46.81,136.0,535.2,48.0,280.55,2.54,314.0,1009.68,
2006,12,7,17,16.53,50.34,0.0,0.0,0.0,278.5,2.65,317.0,1010.08,
2006,12,7,18,15.29,53.86,0.0,0.0,0.0,276.45,2.76,321.0,1010.48,
2006,12,7,19,14.04,57.39,0.0,0.0,0.0,274.4,2.87,324.0,1010.87,
2006,12,7,20,13.41,59.72,0.0,0.0,0.0,274.43,2.84,329.0,1011.01,
2006,12,7,21,12.77,62.04,0.0,0.0,0.0,274.47,2.81,335.0,1011.14,
2006,12,7,22,12.13,64.37,0.0,0.0,0.0,274.5,2.79,340.0,1011.27,
2006,12,7,23,11.7,66.27,0.0,0.0,0.0,275.57,2.74,345.0,1011.24,
2006,12,8,0,11.27,68.16,0.0,0.0,0.0,276.63,2.69,350.0,1011.2,
2006,12,8,1,10.84,70.06,0.0,0.0,0.0,277.7,2.65,356.0,1011.17,
2006,12,8,2,10.49,71.29,0.0,0.0,0.0,277.93,2.56,359.0,1011.14,
2006,12,8,3,10.15,72.52,0.0,0.0,0.0,278.17,2.47,2.0,1011.11,
2006,12,8,4,9.81,73.75,0.0,0.0,0.0,278.4,2.39,5.0,1011.07,
2006,12,8,5,10.51,70.13,0.0,0.0,0.0,279.62,2.14,6.0,1011.6,
2006,12,8,6,11.21,66.5,0.0,0.0,0.0,280.83,1.89,6.0,1012.13,
2006,12,8,7,11.91,62.88,99.0,510.15,35.0,282.05,1.64,7.0,1012.66,
2006,12,8,8,14.28,55.16,312.0,783.9,65.0,286.28,1.72,10.0,1012.53,
2006,12,8,9,16.64,47.44,496.0,854.56,93.0,290.52,1.8,13.0,1012.4,
2006,12,8,10,19.01,39.72,631.0,886.56,113.0,294.75,1.88,16.0,1012.26,
2006,12,8,11,19.77,37.08,701.0,883.05,131.0,293.72,1.75,18.0,1011.4,
2006,12,8,12,20.53,34.43,672.0,741.88,189.0,292.68,1.62,20.0,1010.54,
2006,12,8,13,21.29,31.79,647.0,877.51,120.0,291.65,1.49,22.0,1009.68,
2006,12,8,14,20.32,31.23,516.0,806.05,115.0,286.57,1.35,17.0,1009.68,
2006,12,8,15,19.36,30.66,302.0,478.72,135.0,281.48,1.2,12.0,1009.68,
2006,12,8,16,18.4,30.1,65.0,24.28,61.0,276.4,1.06,7.0,1009.68,
2006,12,8,17,17.19,36.01,0.0,0.0,0.0,274.87,1.35,3.0,1009.95,
2006,12,8,18,15.98,41.92,0.0,0.0,0.0,273.33,1.64,359.0,1010.21,
2006,12,8,19,14.76,47.83,0.0,0.0,0.0,271.8,1.93,355.0,1010.48,
2006,12,8,20,13.9,52.49,0.0,0.0,0.0,271.92,1.98,360.0,1010.44,
2006,12,8,21,13.03,57.16,0.0,0.0,0.0,272.03,2.03,5.0,1010.41,
2006,12,8,22,12.17,61.82,0.0,0.0,0.0,272.15,2.08,10.0,1010.38,
2006,12,8,23,12.13,63.99,0.0,0.0,0.0,273.48,2.0,14.0,1010.15,
2006,12,9,0,12.09,66.17,0.0,0.0,0.0,274.82,1.92,18.0,1009.91,
2006,12,9,1,12.06,68.34,0.0,0.0,0.0,276.15,1.83,23.0,1009.68,
2006,12,9,2,11.51,69.15,0.0,0.0,0.0,277.13,1.69,16.0,1009.48,
2006,12,9,3,10.96,69.96,0.0,0.0,0.0,278.12,1.55,9.0,1009.29,
2006,12,9,4,10.41,70.77,0.0,0.0,0.0,279.1,1.41,2.0,1009.09,
2006,12,9,5,10.82,67.23,0.0,0.0,0.0,280.18,1.2,9.0,1009.45,
2006,12,9,6,11.24,63.7,0.0,0.0,0.0,281.27,1.0,17.0,1009.82,
2006,12,9,7,11.65,60.16,90.0,390.05,42.0,282.35,0.8,24.0,1010.18,
2006,12,9,8,14.24,50.76,299.0,687.46,84.0,286.4,0.83,342.0,1010.11,
2006,12,9,9,16.84,41.36,488.0,822.32,102.0,290.45,0.86,300.0,1010.05,
2006,12,9,10,19.43,31.96,622.0,853.43,125.0,294.5,0.9,258.0,1009.98,
2006,12,9,11,20.38,29.87,703.0,899.2,124.0,292.43,1.72,263.0,1009.35,
2006,12,9,12,21.33,27.77,710.0,900.2,125.0,290.37,2.54,268.0,1008.72,
2006,12,9,13,22.29,25.68,646.0,876.95,120.0,288.3,3.37,273.0,1008.1,
2006,12,9,14,21.11,27.39,521.0,836.75,105.0,284.8,3.6,278.0,1008.26,
2006,12,9,15,19.94,29.11,338.0,705.03,92.0,281.3,3.83,283.0,1008.43,
2006,12,9,16,18.77,30.82,131.0,460.09,55.0,277.8,4.07,288.0,1008.59,
2006,12,9,17,17.7,33.31,0.0,0.0,0.0,275.57,4.15,294.0,1009.39,
2006,12,9,18,16.64,35.81,0.0,0.0,0.0,273.33,4.23,300.0,1010.18,
2006,12,9,19,15.57,38.3,0.0,0.0,0.0,271.1,4.32,307.0,1010.97,
2006,12,9,20,14.93,40.75,0.0,0.0,0.0,270.3,4.21,307.0,1011.17,
2006,12,9,21,14.28,43.2,0.0,0.0,0.0,269.5,4.1,308.0,1011.37,
2006,12,9,22,13.64,45.65,0.0,0.0,0.0,268.7,3.99,309.0,1011.57,
2006,12,9,23,13.2,47.67,0.0,0.0,0.0,268.17,3.92,308.0,1011.67,
2006,12,10,0,12.76,49.69,0.0,0.0,0.0,267.63,3.86,307.0,1011.77,
2006,12,10,1,12.33,51.71,0.0,0.0,0.0,267.1,3.79,306.0,1011.87,
2006,12,10,2,12.12,52.88,0.0,0.0,0.0,268.37,3.86,307.0,1012.03,
2006,12,10,3,11.91,54.06,0.0,0.0,0.0,269.63,3.93,308.0,1012.2,
2006,12,10,4,11.71,55.23,0.0,0.0,0.0,270.9,4.0,308.0,1012.36,
2006,12,10,5,12.25,55.28,0.0,0.0,0.0,271.87,3.92,310.0,1013.09,
2006,12,10,6,12.79,55.32,0.0,0.0,0.0,272.83,3.83,313.0,1013.82,
2006,12,10,7,13.33,55.37,81.0,289.93,46.0,273.8,3.75,315.0,1014.55,
2006,12,10,8,15.09,52.69,271.0,508.91,113.0,279.62,4.42,319.0,1014.35,
2006,12,10,9,16.84,50.01,472.0,746.85,123.0,285.43,5.09,324.0,1014.15,
2006,12,10,10,18.6,47.33,620.0,852.69,125.0,291.25,5.77,328.0,1013.95,
2006,12,10,11,19.61,42.75,697.0,881.06,131.0,293.0,5.89,331.0,1013.35,
2006,12,10,12,20.62,38.16,705.0,883.22,132.0,294.75,6.01,334.0,1012.76,
2006,12,10,13,21.64,33.58,639.0,844.54,133.0,296.5,6.14,336.0,1012.16,
2006,12,10,14,20.58,35.78,515.0,806.95,114.0,293.48,5.55,336.0,1012.53,
2006,12,10,15,19.53,37.97,338.0,704.69,92.0,290.47,4.96,336.0,1012.89,
2006,12,10,16,18.48,40.17,131.0,458.66,55.0,287.45,4.37,335.0,1013.26,
2006,12,10,17,17.74,43.48,0.0,0.0,0.0,286.33,4.46,334.0,1013.98,
2006,12,10,18,17.0,46.8,0.0,0.0,0.0,285.22,4.54,334.0,1014.71,
2006,12,10,19,16.26,50.11,0.0,0.0,0.0,284.1,4.62,333.0,1015.44,
2006,12,10,20,15.86,52.85,0.0,0.0,0.0,284.58,4.55,338.0,1015.64,
2006,12,10,21,15.45,55.59,0.0,0.0,0.0,285.07,4.47,342.0,1015.84,
2006,12,10,22,15.05,58.33,0.0,0.0,0.0,285.55,4.4,347.0,1016.03,
2006,12,10,23,14.73,60.65,0.0,0.0,0.0,285.68,4.36,351.0,1016.07,
2006,12,11,0,14.42,62.98,0.0,0.0,0.0,285.82,4.33,355.0,1016.1,
2006,12,11,1,14.11,65.3,0.0,0.0,0.0,285.95,4.29,359.0,1016.13,
2006,12,11,2,13.72,66.21,0.0,0.0,0.0,285.43,4.21,0.0,1016.17,
2006,12,11,3,13.33,67.11,0.0,0.0,0.0,284.92,4.13,2.0,1016.2,
2006,12,11,4,12.95,68.02,0.0,0.0,0.0,284.4,4.06,3.0,1016.23,
2006,12,11,5,13.46,65.81,0.0,0.0,0.0,283.67,3.87,5.0,1016.56,
2006,12,11,6,13.98,63.6,0.0,0.0,0.0,282.93,3.68,8.0,1016.89,
2006,12,11,7,14.5,61.39,89.0,430.64,38.0,282.2,3.49,10.0,1017.22,
2006,12,11,8,16.08,54.75,297.0,710.47,78.0,286.43,4.0,14.0,1016.93,
2006,12,11,9,17.67,48.11,480.0,803.86,106.0,290.67,4.51,18.0,1016.63,
2006,12,11,10,19.25,41.47,621.0,867.38,119.0,294.9,5.02,21.0,1016.33,
2006,12,11,11,20.14,38.23,692.0,864.27,138.0,295.85,4.94,20.0,1015.57,
2006,12,11,12,21.03,35.0,704.0,883.03,132.0,296.8,4.86,18.0,1014.81,
2006,12,11,13,21.92,31.76,642.0,860.36,127.0,297.75,4.77,17.0,1014.05,
2006,12,11,14,20.8,34.04,515.0,807.17,114.0,293.45,4.33,10.0,1014.12,
2006,12,11,15,19.69,36.31,340.0,718.47,89.0,289.15,3.89,3.0,1014.18,
2006,12,11,16,18.58,38.59,133.0,469.04,55.0,284.85,3.45,357.0,1014.25,
2006,12,11,17,17.59,42.8,0.0,0.0,0.0,282.72,3.46,358.0,1014.45,
2006,12,11,18,16.6,47.02,0.0,0.0,0.0,280.58,3.48,360.0,1014.64,
2006,12,11,19,15.61,51.23,0.0,0.0,0.0,278.45,3.49,1.0,1014.84,
2006,12,11,20,14.96,54.45,0.0,0.0,0.0,277.4,3.42,3.0,1014.68,
2006,12,11,21,14.31,57.67,0.0,0.0,0.0,276.35,3.35,4.0,1014.51,
2006,12,11,22,13.66,60.89,0.0,0.0,0.0,275.3,3.28,5.0,1014.35,
2006,12,11,23,13.19,63.5,0.0,0.0,0.0,275.23,3.24,3.0,1014.15,
2006,12,12,0,12.72,66.1,0.0,0.0,0.0,275.17,3.2,2.0,1013.95,
2006,12,12,1,12.26,68.71,0.0,0.0,0.0,275.1,3.16,0.0,1013.75,
2006,12,12,2,11.78,69.55,0.0,0.0,0.0,275.55,2.96,3.0,1013.32,
2006,12,12,3,11.3,70.39,0.0,0.0,0.0,276.0,2.75,5.0,1012.89,
2006,12,12,4,10.82,71.23,0.0,0.0,0.0,276.45,2.55,7.0,1012.46,
2006,12,12,5,11.26,68.89,0.0,0.0,0.0,277.45,2.26,1.0,1012.73,
2006,12,12,6,11.7,66.54,0.0,0.0,0.0,278.45,1.96,355.0,1012.99,
2006,12,12,7,12.14,64.2,86.0,413.11,38.0,279.45,1.67,349.0,1013.26,
2006,12,12,8,14.34,56.91,289.0,669.72,84.0,284.32,1.8,342.0,1013.09,
2006,12,12,9,16.55,49.63,478.0,802.94,106.0,289.18,1.94,335.0,1012.92,
2006,12,12,10,18.75,42.34,612.0,835.24,130.0,294.05,2.07,328.0,1012.76,
2006,12,12,11,19.63,39.28,682.0,831.64,150.0,293.78,2.36,326.0,1011.9,
2006,12,12,12,20.5,36.22,710.0,916.72,117.0,293.52,2.66,324.0,1011.04,
2006,12,12,13,21.38,33.16,638.0,844.31,133.0,293.25,2.95,322.0,1010.18,
2006,12,12,14,20.15,36.74,484.0,650.21,161.0,287.27,2.91,317.0,1009.88,
2006,12,12,15,18.92,40.31,269.0,311.69,160.0,281.28,2.86,313.0,1009.58,
2006,12,12,16,17.69,43.89,142.0,586.89,44.0,275.3,2.81,308.0,1009.29,
2006,12,12,17,16.6,46.14,0.0,0.0,0.0,272.53,3.22,311.0,1009.78,
2006,12,12,18,15.52,48.38,0.0,0.0,0.0,269.77,3.62,315.0,1010.28,
2006,12,12,19,14.43,50.63,0.0,0.0,0.0,267.0,4.03,318.0,1010.77,
2006,12,12,20,14.01,52.77,0.0,0.0,0.0,267.45,4.06,324.0,1010.94,
2006,12,12,21,13.58,54.92,0.0,0.0,0.0,267.9,4.08,330.0,1011.11,
2006,12,12,22,13.15,57.06,0.0,0.0,0.0,268.35,4.11,336.0,1011.27,
2006,12,12,23,12.73,60.41,0.0,0.0,0.0,269.27,3.89,338.0,1011.11,
2006,12,13,0,12.31,63.77,0.0,0.0,0.0,270.18,3.67,341.0,1010.94,
2006,12,13,1,11.9,67.12,0.0,0.0,0.0,271.1,3.45,343.0,1010.77,
2006,12,13,2,11.53,69.0,0.0,0.0,0.0,271.1,3.41,343.0,1010.71,
2006,12,13,3,11.16,70.87,0.0,0.0,0.0,271.1,3.37,343.0,1010.64,
2006,12,13,4,10.79,72.75,0.0,0.0,0.0,271.1,3.32,343.0,1010.58,
2006,12,13,5,11.44,70.8,0.0,0.0,0.0,272.33,3.16,345.0,1011.04,
2006,12,13,6,12.1,68.84,0.0,0.0,0.0,273.57,3.0,347.0,1011.5,
2006,12,13,7,12.75,66.89,79.0,333.3,41.0,274.8,2.84,348.0,1011.97,
2006,12,13,8,14.68,60.81,281.0,618.39,93.0,280.97,3.45,351.0,1011.73,
2006,12,13,9,16.61,54.72,476.0,801.88,106.0,287.13,4.06,354.0,1011.5,
2006,12,13,10,18.54,48.64,620.0,882.71,112.0,293.3,4.68,357.0,1011.27,
2006,12,13,11,19.54,45.56,696.0,895.88,124.0,295.6,4.75,356.0,1010.64,
2006,12,13,12,20.54,42.47,705.0,899.28,124.0,297.9,4.82,354.0,1010.01,
2006,12,13,13,21.55,39.39,644.0,876.61,120.0,300.2,4.9,353.0,1009.39,
2006,12,13,14,20.68,41.02,515.0,807.12,114.0,297.93,4.51,351.0,1009.55,
2006,12,13,15,19.81,42.65,343.0,731.09,87.0,295.67,4.13,348.0,1009.72,
2006,12,13,16,18.94,44.28,136.0,500.74,52.0,293.4,3.75,346.0,1009.88,
2006,12,13,17,18.07,47.86,0.0,0.0,0.0,291.73,3.81,345.0,1010.58,
2006,12,13,18,17.2,51.44,0.0,0.0,0.0,290.07,3.86,345.0,1011.27,
2006,12,13,19,16.33,55.02,0.0,0.0,0.0,288.4,3.92,345.0,1011.97,
2006,12,13,20,15.83,57.34,0.0,0.0,0.0,288.07,3.89,349.0,1012.13,
2006,12,13,21,15.33,59.66,0.0,0.0,0.0,287.73,3.86,353.0,1012.3,
2006,12,13,22,14.83,61.98,0.0,0.0,0.0,287.4,3.83,357.0,1012.46,
2006,12,13,23,14.39,64.46,0.0,0.0,0.0,287.23,3.7,359.0,1012.33,
2006,12,14,0,13.96,66.93,0.0,0.0,0.0,287.07,3.56,2.0,1012.2,
2006,12,14,1,13.53,69.41,0.0,0.0,0.0,286.9,3.42,4.0,1012.06,
2006,12,14,2,13.14,70.91,0.0,0.0,0.0,286.47,3.29,3.0,1012.0,
2006,12,14,3,12.75,72.4,0.0,0.0,0.0,286.03,3.15,2.0,1011.93,
2006,12,14,4,12.36,73.9,0.0,0.0,0.0,285.6,3.02,0.0,1011.87,
2006,12,14,5,12.84,71.99,0.0,0.0,0.0,285.8,2.81,0.0,1012.33,
2006,12,14,6,13.33,70.09,0.0,0.0,0.0,286.0,2.6,360.0,1012.79,
2006,12,14,7,13.82,68.18,31.0,0.0,31.0,286.2,2.39,359.0,1013.26,
2006,12,14,8,15.92,59.45,261.0,493.38,112.0,291.32,2.56,4.0,1013.19,
2006,12,14,9,18.03,50.73,447.0,659.25,144.0,296.43,2.74,8.0,1013.12,
2006,12,14,10,20.13,42.0,612.0,850.17,124.0,301.55,2.91,12.0,1013.06,
2006,12,14,11,21.19,36.89,687.0,862.94,137.0,301.8,3.07,14.0,1012.26,
2006,12,14,12,22.25,31.79,568.0,419.91,297.0,302.05,3.22,16.0,1011.47,
2006,12,14,13,23.31,26.68,623.0,781.6,156.0,302.3,3.38,18.0,1010.68,
2006,12,14,14,22.13,31.94,495.0,704.24,145.0,297.77,3.18,14.0,1010.64,
2006,12,14,15,20.95,37.21,315.0,544.62,124.0,293.23,2.98,10.0,1010.61,
2006,12,14,16,19.77,42.47,143.0,587.16,44.0,288.7,2.79,6.0,1010.58,
2006,12,14,17,18.63,46.01,0.0,0.0,0.0,285.72,2.8,7.0,1011.04,
2006,12,14,18,17.49,49.54,0.0,0.0,0.0,282.73,2.82,8.0,1011.5,
2006,12,14,19,16.34,53.08,0.0,0.0,0.0,279.75,2.84,9.0,1011.97,
2006,12,14,20,15.68,55.15,0.0,0.0,0.0,278.38,2.84,5.0,1012.1,
2006,12,14,21,15.01,57.22,0.0,0.0,0.0,277.02,2.84,2.0,1012.23,
2006,12,14,22,14.34,59.29,0.0,0.0,0.0,275.65,2.84,358.0,1012.36,
2006,12,14,23,13.82,60.03,0.0,0.0,0.0,275.23,2.92,357.0,1012.2,
2006,12,15,0,13.3,60.76,0.0,0.0,0.0,274.82,3.0,357.0,1012.03,
2006,12,15,1,12.78,61.5,0.0,0.0,0.0,274.4,3.08,356.0,1011.87,
2006,12,15,2,12.31,61.13,0.0,0.0,0.0,274.73,2.97,357.0,1011.67,
2006,12,15,3,11.85,60.75,0.0,0.0,0.0,275.07,2.86,357.0,1011.47,
2006,12,15,4,11.39,60.38,0.0,0.0,0.0,275.4,2.74,358.0,1011.27,
2006,12,15,5,11.85,57.21,0.0,0.0,0.0,275.55,2.69,356.0,1011.77,
2006,12,15,6,12.31,54.03,0.0,0.0,0.0,275.7,2.63,355.0,1012.26,
2006,12,15,7,12.77,50.86,82.0,437.05,34.0,275.85,2.58,354.0,1012.76,
2006,12,15,8,15.04,44.19,287.0,703.21,76.0,280.55,2.79,352.0,1012.69,
2006,12,15,9,17.31,37.53,474.0,814.6,101.0,285.25,3.0,350.0,1012.63,
2006,12,15,10,19.58,30.86,613.0,866.23,117.0,289.95,3.21,348.0,1012.56,
2006,12,15,11,20.77,27.56,694.0,895.76,124.0,291.03,3.63,349.0,1011.7,
2006,12,15,12,21.96,24.25,700.0,882.48,131.0,292.12,4.05,349.0,1010.84,
2006,12,15,13,23.16,20.95,644.0,877.24,120.0,293.2,4.47,350.0,1009.98,
2006,12,15,14,22.09,24.36,516.0,806.44,115.0,290.07,4.19,351.0,1009.98,
2006,12,15,15,21.02,27.78,342.0,720.11,89.0,286.93,3.91,352.0,1009.98,
2006,12,15,16,19.95,31.19,137.0,495.44,53.0,283.8,3.63,352.0,1009.98,
2006,12,15,17,19.01,33.25,0.0,0.0,0.0,280.95,3.86,355.0,1010.38,
2006,12,15,18,18.07,35.32,0.0,0.0,0.0,278.1,4.1,357.0,1010.77,
2006,12,15,19,17.12,37.38,0.0,0.0,0.0,275.25,4.33,360.0,1011.17,
2006,12,15,20,16.54,40.04,0.0,0.0,0.0,274.32,4.42,0.0,1011.34,
2006,12,15,21,15.96,42.71,0.0,0.0,0.0,273.38,4.51,1.0,1011.5,
2006,12,15,22,15.38,45.37,0.0,0.0,0.0,272.45,4.61,1.0,1011.67,
2006,12,15,23,14.86,50.07,0.0,0.0,0.0,272.75,4.57,1.0,1011.77,
2006,12,16,0,14.35,54.77,0.0,0.0,0.0,273.05,4.52,2.0,1011.87,
2006,12,16,1,13.84,59.47,0.0,0.0,0.0,273.35,4.48,2.0,1011.97,
2006,12,16,2,13.47,62.49,0.0,0.0,0.0,273.9,4.33,4.0,1011.9,
2006,12,16,3,13.1,65.5,0.0,0.0,0.0,274.45,4.18,6.0,1011.83,
2006,12,16,4,12.73,68.52,0.0,0.0,0.0,275.0,4.03,8.0,1011.77,
2006,12,16,5,13.18,68.3,0.0,0.0,0.0,275.03,3.87,8.0,1012.46,
2006,12,16,6,13.64,68.09,0.0,0.0,0.0,275.07,3.71,8.0,1013.16,
2006,12,16,7,14.1,67.87,79.0,417.34,34.0,275.1,3.56,8.0,1013.85,
2006,12,16,8,15.67,59.71,287.0,714.33,74.0,280.63,4.02,13.0,1013.82,
2006,12,16,9,17.23,51.56,475.0,828.48,97.0,286.17,4.48,18.0,1013.78,
2006,12,16,10,18.8,43.4,615.0,880.48,112.0,291.7,4.94,22.0,1013.75,
2006,12,16,11,19.94,37.97,696.0,912.8,116.0,293.3,5.16,25.0,1013.06,
2006,12,16,12,21.08,32.55,707.0,915.76,117.0,294.9,5.38,28.0,1012.36,
2006,12,16,13,22.22,27.12,647.0,892.4,114.0,296.5,5.6,30.0,1011.67,
2006,12,16,14,21.26,28.88,516.0,807.88,114.0,293.8,5.24,35.0,1011.93,
2006,12,16,15,20.3,30.65,340.0,693.06,96.0,291.1,4.88,40.0,1012.2,
2006,12,16,16,19.35,32.41,141.0,521.78,52.0,288.4,4.52,44.0,1012.46,
2006,12,16,17,18.12,34.28,0.0,0.0,0.0,285.08,4.53,47.0,1013.32,
2006,12,16,18,16.9,36.16,0.0,0.0,0.0,281.77,4.53,49.0,1014.18,
2006,12,16,19,15.67,38.03,0.0,0.0,0.0,278.45,4.54,52.0,1015.04,
2006,12,16,20,14.84,37.59,0.0,0.0,0.0,275.45,4.64,53.0,1015.31,
2006,12,16,21,14.0,37.15,0.0,0.0,0.0,272.45,4.75,55.0,1015.57,
2006,12,16,22,13.17,36.71,0.0,0.0,0.0,269.45,4.86,57.0,1015.84,
2006,12,16,23,12.81,36.99,0.0,0.0,0.0,267.72,4.93,59.0,1015.87,
2006,12,17,0,12.46,37.28,0.0,0.0,0.0,265.98,5.01,61.0,1015.9,
2006,12,17,1,12.11,37.56,0.0,0.0,0.0,264.25,5.09,62.0,1015.93,
2006,12,17,2,11.24,41.67,0.0,0.0,0.0,264.03,4.56,63.0,1015.6,
2006,12,17,3,10.37,45.79,0.0,0.0,0.0,263.82,4.03,63.0,1015.27,
2006,12,17,4,9.51,49.9,0.0,0.0,0.0,263.6,3.5,63.0,1014.94,
2006,12,17,5,10.24,50.21,0.0,0.0,0.0,264.45,3.11,61.0,1015.44,
2006,12,17,6,10.98,50.53,0.0,0.0,0.0,265.3,2.71,58.0,1015.93,
2006,12,17,7,11.72,50.84,73.0,339.99,37.0,266.15,2.32,56.0,1016.43,
2006,12,17,8,13.6,45.81,279.0,661.3,83.0,270.63,2.87,58.0,1016.2,
2006,12,17,9,15.49,40.79,465.0,782.93,109.0,275.12,3.42,60.0,1015.97,
2006,12,17,10,17.37,35.76,604.0,831.5,130.0,279.6,3.97,62.0,1015.74,
2006,12,17,11,18.31,33.07,680.0,846.23,143.0,280.33,3.79,59.0,1014.91,
2006,12,17,12,19.25,30.38,695.0,865.08,138.0,281.07,3.61,56.0,1014.08,
2006,12,17,13,20.19,27.69,637.0,843.79,133.0,281.8,3.43,53.0,1013.26,
2006,12,17,14,19.19,31.68,517.0,807.14,115.0,279.93,3.24,51.0,1013.16,
2006,12,17,15,18.2,35.66,342.0,705.63,93.0,278.07,3.05,50.0,1013.06,
2006,12,17,16,17.21,39.65,136.0,460.17,57.0,276.2,2.86,49.0,1012.96,
2006,12,17,17,15.77,42.29,0.0,0.0,0.0,273.9,2.95,52.0,1013.45,
2006,12,17,18,14.33,44.94,0.0,0.0,0.0,271.6,3.04,55.0,1013.95,
2006,12,17,19,12.89,47.58,0.0,0.0,0.0,269.3,3.13,58.0,1014.45,
2006,12,17,20,12.3,49.5,0.0,0.0,0.0,268.17,2.77,60.0,1014.61,
2006,12,17,21,11.71,51.41,0.0,0.0,0.0,267.03,2.41,62.0,1014.78,
2006,12,17,22,11.12,53.33,0.0,0.0,0.0,265.9,2.06,64.0,1014.94,
2006,12,17,23,10.66,55.85,0.0,0.0,0.0,265.38,1.93,57.0,1014.81,
2006,12,18,0,10.2,58.38,0.0,0.0,0.0,264.87,1.8,50.0,1014.68,
2006,12,18,1,9.74,60.9,0.0,0.0,0.0,264.35,1.67,44.0,1014.55,
2006,12,18,2,8.94,63.64,0.0,0.0,0.0,265.5,1.59,48.0,1014.41,
2006,12,18,3,8.14,66.37,0.0,0.0,0.0,266.65,1.51,53.0,1014.28,
2006,12,18,4,7.34,69.11,0.0,0.0,0.0,267.8,1.43,57.0,1014.15,
2006,12,18,5,7.95,66.52,0.0,0.0,0.0,268.83,1.36,57.0,1014.45,
2006,12,18,6,8.56,63.94,0.0,0.0,0.0,269.87,1.29,57.0,1014.74,
2006,12,18,7,9.17,61.35,72.0,346.12,36.0,270.9,1.21,57.0,1015.04,
2006,12,18,8,12.14,52.89,269.0,597.29,93.0,275.87,1.89,67.0,1014.74,
2006,12,18,9,15.12,44.44,458.0,752.37,117.0,280.83,2.57,77.0,1014.45,
2006,12,18,10,18.09,35.98,602.0,831.39,129.0,285.8,3.24,87.0,1014.15,
2006,12,18,11,19.18,33.47,687.0,878.77,130.0,286.07,3.2,88.0,1013.22,
2006,12,18,12,20.27,30.97,699.0,882.58,131.0,286.33,3.17,88.0,1012.3,
2006,12,18,13,21.36,28.46,644.0,877.07,120.0,286.6,3.13,89.0,1011.37,
2006,12,18,14,20.22,34.51,520.0,822.3,110.0,283.82,2.86,84.0,1011.3,
2006,12,18,15,19.08,40.56,345.0,720.78,90.0,281.03,2.6,79.0,1011.24,
2006,12,18,16,17.95,46.61,138.0,468.59,57.0,278.25,2.33,74.0,1011.17,
2006,12,18,17,17.09,48.29,0.0,0.0,0.0,275.28,2.45,73.0,1011.6,
2006,12,18,18,16.23,49.97,0.0,0.0,0.0,272.32,2.57,72.0,1012.03,
2006,12,18,19,15.37,51.65,0.0,0.0,0.0,269.35,2.69,72.0,1012.46,
2006,12,18,20,14.24,52.99,0.0,0.0,0.0,269.25,2.52,74.0,1012.66,
2006,12,18,21,13.1,54.33,0.0,0.0,0.0,269.15,2.36,76.0,1012.86,
2006,12,18,22,11.97,55.67,0.0,0.0,0.0,269.05,2.19,78.0,1013.06,
2006,12,18,23,11.13,58.42,0.0,0.0,0.0,269.43,2.1,75.0,1012.83,
2006,12,19,0,10.29,61.16,0.0,0.0,0.0,269.82,2.0,71.0,1012.59,
2006,12,19,1,9.46,63.91,0.0,0.0,0.0,270.2,1.9,67.0,1012.36,
2006,12,19,2,8.7,67.25,0.0,0.0,0.0,270.6,1.89,64.0,1012.43,
2006,12,19,3,7.95,70.59,0.0,0.0,0.0,271.0,1.87,60.0,1012.49,
2006,12,19,4,7.2,73.93,0.0,0.0,0.0,271.4,1.85,57.0,1012.56,
2006,12,19,5,7.88,69.99,0.0,0.0,0.0,272.5,1.62,59.0,1012.89,
2006,12,19,6,8.57,66.04,0.0,0.0,0.0,273.6,1.4,61.0,1013.22,
2006,12,19,7,9.26,62.1,69.0,322.89,36.0,274.7,1.17,63.0,1013.55,
2006,12,19,8,12.5,52.21,275.0,658.67,82.0,278.75,1.14,73.0,1013.55,
2006,12,19,9,15.73,42.33,464.0,796.72,104.0,282.8,1.1,83.0,1013.55,
2006,12,19,10,18.97,32.44,604.0,847.0,123.0,286.85,1.06,93.0,1013.55,
2006,12,19,11,20.05,29.06,682.0,862.27,136.0,285.3,0.74,100.0,1012.69,
2006,12,19,12,21.13,25.67,699.0,882.85,131.0,283.75,0.42,106.0,1011.83,
2006,12,19,13,22.21,22.29,644.0,876.73,120.0,282.2,0.1,112.0,1010.97,
2006,12,19,14,21.75,21.52,524.0,839.27,105.0,276.88,0.31,62.0,1010.97,
2006,12,19,15,21.29,20.75,345.0,707.48,94.0,271.57,0.53,12.0,1010.97,
2006,12,19,16,20.84,19.98,140.0,482.41,56.0,266.25,0.74,322.0,1010.97,
2006,12,19,17,19.06,23.43,0.0,0.0,0.0,264.38,1.03,323.0,1011.27,
2006,12,19,18,17.28,26.88,0.0,0.0,0.0,262.52,1.31,324.0,1011.57,
2006,12,19,19,15.49,30.33,0.0,0.0,0.0,260.65,1.6,325.0,1011.87,
2006,12,19,20,13.93,39.97,0.0,0.0,0.0,261.18,2.0,331.0,1012.0,
2006,12,19,21,12.36,49.62,0.0,0.0,0.0,261.72,2.39,337.0,1012.13,
2006,12,19,22,10.8,59.26,0.0,0.0,0.0,262.25,2.79,342.0,1012.26,
2006,12,19,23,10.38,59.75,0.0,0.0,0.0,262.97,2.75,346.0,1012.06,
2006,12,20,0,9.97,60.24,0.0,0.0,0.0,263.68,2.72,349.0,1011.87,
2006,12,20,1,9.56,60.73,0.0,0.0,0.0,264.4,2.69,352.0,1011.67,
2006,12,20,2,8.95,60.5,0.0,0.0,0.0,264.2,2.69,354.0,1011.87,
2006,12,20,3,8.34,60.26,0.0,0.0,0.0,264.0,2.7,355.0,1012.06,
2006,12,20,4,7.74,60.03,0.0,0.0,0.0,263.8,2.7,357.0,1012.26,
2006,12,20,5,8.43,56.14,0.0,0.0,0.0,264.72,2.46,358.0,1012.66,
2006,12,20,6,9.13,52.24,0.0,0.0,0.0,265.63,2.23,360.0,1013.06,
2006,12,20,7,9.83,48.35,71.0,368.32,34.0,266.55,1.99,1.0,1013.45,
2006,12,20,8,12.8,40.83,274.0,669.08,79.0,271.12,2.04,355.0,1013.49,
2006,12,20,9,15.78,33.31,463.0,796.79,104.0,275.68,2.09,349.0,1013.52,
2006,12,20,10,18.75,25.79,610.0,878.39,112.0,280.25,2.14,344.0,1013.55,
2006,12,20,11,20.01,23.13,689.0,894.61,123.0,279.77,2.33,339.0,1012.63,
2006,12,20,12,21.26,20.47,699.0,881.43,132.0,279.28,2.51,334.0,1011.7,
2006,12,20,13,22.52,17.81,645.0,877.9,120.0,278.8,2.7,330.0,1010.77,
2006,12,20,14,21.03,23.85,522.0,824.02,110.0,275.37,2.83,326.0,1010.94,
2006,12,20,15,19.54,29.88,346.0,708.14,94.0,271.93,2.96,322.0,1011.11,
2006,12,20,16,18.05,35.92,143.0,490.11,57.0,268.5,3.09,318.0,1011.27,
2006,12,20,17,16.77,37.53,0.0,0.0,0.0,265.68,3.31,319.0,1011.63,
2006,12,20,18,15.49,39.14,0.0,0.0,0.0,262.87,3.52,321.0,1012.0,
2006,12,20,19,14.21,40.75,0.0,0.0,0.0,260.05,3.74,323.0,1012.36,
2006,12,20,20,13.56,41.63,0.0,0.0,0.0,260.0,3.74,326.0,1012.43,
2006,12,20,21,12.91,42.51,0.0,0.0,0.0,259.95,3.75,328.0,1012.49,
2006,12,20,22,12.26,43.39,0.0,0.0,0.0,259.9,3.75,331.0,1012.56,
2006,12,20,23,11.73,44.96,0.0,0.0,0.0,259.68,3.65,333.0,1012.46,
2006,12,21,0,11.2,46.53,0.0,0.0,0.0,259.47,3.55,335.0,1012.36,
2006,12,21,1,10.67,48.1,0.0,0.0,0.0,259.25,3.45,337.0,1012.26,
2006,12,21,2,10.28,48.73,0.0,0.0,0.0,259.2,3.39,339.0,1012.26,
2006,12,21,3,9.89,49.36,0.0,0.0,0.0,259.15,3.33,341.0,1012.26,
2006,12,21,4,9.51,49.99,0.0,0.0,0.0,259.1,3.27,343.0,1012.26,
2006,12,21,5,9.96,47.86,0.0,0.0,0.0,258.37,3.05,345.0,1012.59,
2006,12,21,6,10.42,45.72,0.0,0.0,0.0,257.63,2.84,347.0,1012.92,
2006,12,21,7,10.87,43.59,63.0,263.21,37.0,256.9,2.62,348.0,1013.26,
2006,12,21,8,13.29,38.43,267.0,617.33,88.0,261.38,2.66,345.0,1012.83,
2006,12,21,9,15.71,33.27,454.0,749.97,117.0,265.87,2.7,342.0,1012.4,
2006,12,21,10,18.13,28.11,602.0,846.15,123.0,270.35,2.74,340.0,1011.97,
2006,12,21,11,19.42,25.88,681.0,860.43,137.0,271.28,3.23,336.0,1011.11,
2006,12,21,12,20.71,23.65,699.0,881.42,132.0,272.22,3.72,332.0,1010.25,
2006,12,21,13,22.0,21.42,642.0,860.55,127.0,273.15,4.21,328.0,1009.39,
2006,12,21,14,20.78,25.83,526.0,840.62,105.0,271.28,4.06,329.0,1009.52,
2006,12,21,15,19.56,30.23,347.0,711.42,93.0,269.42,3.92,329.0,1009.65,
2006,12,21,16,18.35,34.64,145.0,503.12,56.0,267.55,3.78,330.0,1009.78,
2006,12,21,17,17.28,39.19,0.0,0.0,0.0,266.07,3.87,334.0,1010.25,
2006,12,21,18,16.22,43.74,0.0,0.0,0.0,264.58,3.95,339.0,1010.71,
2006,12,21,19,15.15,48.29,0.0,0.0,0.0,263.1,4.04,344.0,1011.17,
2006,12,21,20,14.48,53.17,0.0,0.0,0.0,263.35,3.89,347.0,1011.2,
2006,12,21,21,13.8,58.05,0.0,0.0,0.0,263.6,3.75,350.0,1011.24,
2006,12,21,22,13.13,62.93,0.0,0.0,0.0,263.85,3.6,354.0,1011.27,
2006,12,21,23,12.6,67.46,0.0,0.0,0.0,264.25,3.53,352.0,1011.24,
2006,12,22,0,12.07,72.0,0.0,0.0,0.0,264.65,3.46,351.0,1011.2,
2006,12,22,1,11.54,76.53,0.0,0.0,0.0,265.05,3.39,349.0,1011.17,
2006,12,22,2,11.24,78.39,0.0,0.0,0.0,265.27,3.41,350.0,1011.24,
2006,12,22,3,10.94,80.26,0.0,0.0,0.0,265.48,3.43,352.0,1011.3,
2006,12,22,4,10.65,82.12,0.0,0.0,0.0,265.7,3.45,353.0,1011.37,
2006,12,22,5,11.18,80.61,0.0,0.0,0.0,266.17,3.2,354.0,1011.67,
2006,12,22,6,11.72,79.11,0.0,0.0,0.0,266.63,2.94,356.0,1011.97,
2006,12,22,7,12.26,77.6,62.0,277.85,35.0,267.1,2.69,357.0,1012.26,
2006,12,22,8,14.36,68.36,267.0,627.28,86.0,273.17,2.86,357.0,1011.83,
2006,12,22,9,16.45,59.13,458.0,778.62,109.0,279.23,3.04,357.0,1011.4,
2006,12,22,10,18.55,49.89,601.0,845.5,123.0,285.3,3.21,357.0,1010.97,
2006,12,22,11,19.8,44.68,688.0,894.12,123.0,287.22,3.36,354.0,1009.91,
2006,12,22,12,21.05,39.47,703.0,898.38,125.0,289.13,3.51,351.0,1008.86,
2006,12,22,13,22.3,34.26,646.0,878.15,120.0,291.05,3.66,347.0,1007.8,
2006,12,22,14,21.21,37.99,524.0,825.11,110.0,287.48,3.61,341.0,1008.03,
2006,12,22,15,20.12,41.73,351.0,725.66,91.0,283.92,3.56,335.0,1008.26,
2006,12,22,16,19.04,45.46,147.0,515.71,55.0,280.35,3.52,328.0,1008.49,
2006,12,22,17,17.99,49.28,0.0,0.0,0.0,278.0,3.77,329.0,1008.79,
2006,12,22,18,16.94,53.09,0.0,0.0,0.0,275.65,4.02,330.0,1009.09,
2006,12,22,19,15.88,56.91,0.0,0.0,0.0,273.3,4.28,331.0,1009.39,
2006,12,22,20,15.32,59.92,0.0,0.0,0.0,273.73,4.28,334.0,1009.65,
2006,12,22,21,14.76,62.94,0.0,0.0,0.0,274.17,4.29,337.0,1009.91,
2006,12,22,22,14.2,65.95,0.0,0.0,0.0,274.6,4.29,340.0,1010.18,
2006,12,22,23,13.79,68.79,0.0,0.0,0.0,275.05,4.16,342.0,1010.28,
2006,12,23,0,13.38,71.64,0.0,0.0,0.0,275.5,4.03,344.0,1010.38,
2006,12,23,1,12.97,74.48,0.0,0.0,0.0,275.95,3.9,345.0,1010.48,
2006,12,23,2,12.49,74.35,0.0,0.0,0.0,274.18,3.85,344.0,1010.51,
2006,12,23,3,12.02,74.23,0.0,0.0,0.0,272.42,3.8,344.0,1010.54,
2006,12,23,4,11.55,74.1,0.0,0.0,0.0,270.65,3.75,343.0,1010.58,
2006,12,23,5,11.99,73.44,0.0,0.0,0.0,271.13,3.73,343.0,1011.11,
2006,12,23,6,12.44,72.79,0.0,0.0,0.0,271.62,3.71,343.0,1011.63,
2006,12,23,7,12.88,72.13,60.0,261.4,35.0,272.1,3.68,344.0,1012.16,
2006,12,23,8,14.54,63.7,262.0,602.33,89.0,277.1,4.43,345.0,1012.0,
2006,12,23,9,16.2,55.28,449.0,735.68,120.0,282.1,5.18,346.0,1011.83,
2006,12,23,10,17.86,46.85,601.0,846.48,123.0,287.1,5.93,347.0,1011.67,
2006,12,23,11,18.77,42.34,684.0,877.03,130.0,287.98,6.22,345.0,1010.97,
2006,12,23,12,19.67,37.82,695.0,865.46,138.0,288.87,6.51,343.0,1010.28,
2006,12,23,13,20.58,33.31,643.0,862.21,126.0,289.75,6.8,342.0,1009.58,
2006,12,23,14,19.75,35.69,520.0,795.59,120.0,288.48,6.34,341.0,1009.78,
2006,12,23,15,18.92,38.06,346.0,686.8,99.0,287.22,5.89,341.0,1009.98,
2006,12,23,16,18.09,40.44,145.0,477.85,59.0,285.95,5.43,341.0,1010.18,
2006,12,23,17,17.21,44.44,0.0,0.0,0.0,284.62,5.2,342.0,1010.84,
2006,12,23,18,16.33,48.43,0.0,0.0,0.0,283.28,4.96,343.0,1011.5,
2006,12,23,19,15.45,52.43,0.0,0.0,0.0,281.95,4.72,344.0,1012.16,
2006,12,23,20,14.81,55.88,0.0,0.0,0.0,281.38,4.58,349.0,1012.3,
2006,12,23,21,14.16,59.32,0.0,0.0,0.0,280.82,4.45,354.0,1012.43,
2006,12,23,22,13.52,62.77,0.0,0.0,0.0,280.25,4.32,359.0,1012.56,
2006,12,23,23,13.01,67.06,0.0,0.0,0.0,279.5,4.19,1.0,1012.63,
2006,12,24,0,12.5,71.34,0.0,0.0,0.0,278.75,4.06,3.0,1012.69,
2006,12,24,1,11.99,75.63,0.0,0.0,0.0,278.0,3.93,5.0,1012.76,
2006,12,24,2,11.59,75.23,0.0,0.0,0.0,276.3,4.02,5.0,1012.73,
2006,12,24,3,11.2,74.83,0.0,0.0,0.0,274.6,4.11,5.0,1012.69,
2006,12,24,4,10.81,74.43,0.0,0.0,0.0,272.9,4.21,6.0,1012.66,
2006,12,24,5,11.16,72.46,0.0,0.0,0.0,271.6,4.06,6.0,1013.02,
2006,12,24,6,11.52,70.49,0.0,0.0,0.0,270.3,3.91,6.0,1013.39,
2006,12,24,7,11.87,68.52,63.0,329.18,32.0,269.0,3.77,5.0,1013.75,
2006,12,24,8,13.28,59.47,270.0,674.89,77.0,272.33,4.02,12.0,1013.62,
2006,12,24,9,14.7,50.41,458.0,793.25,104.0,275.67,4.28,19.0,1013.49,
2006,12,24,10,16.11,41.36,603.0,861.5,117.0,279.0,4.54,25.0,1013.35,
2006,12,24,11,17.06,37.34,684.0,877.22,130.0,279.55,4.16,26.0,1012.49,
2006,12,24,12,18.0,33.31,703.0,899.21,124.0,280.1,3.78,26.0,1011.63,
2006,12,24,13,18.95,29.29,644.0,861.15,127.0,280.65,3.41,27.0,1010.77,
2006,12,24,14,17.97,33.61,527.0,825.58,111.0,276.82,3.14,28.0,1010.77,
2006,12,24,15,17.0,37.94,350.0,700.7,97.0,272.98,2.87,29.0,1010.77,
2006,12,24,16,16.03,42.26,148.0,490.02,59.0,269.15,2.61,30.0,1010.77,
2006,12,24,17,14.64,46.14,0.0,0.0,0.0,267.03,2.61,30.0,1011.04,
2006,12,24,18,13.25,50.03,0.0,0.0,0.0,264.92,2.61,31.0,1011.3,
2006,12,24,19,11.86,53.91,0.0,0.0,0.0,262.8,2.61,31.0,1011.57,
2006,12,24,20,10.97,54.49,0.0,0.0,0.0,262.78,2.39,31.0,1011.54,
2006,12,24,21,10.07,55.06,0.0,0.0,0.0,262.77,2.17,30.0,1011.5,
2006,12,24,22,9.18,55.64,0.0,0.0,0.0,262.75,1.94,29.0,1011.47,
2006,12,24,23,8.63,60.26,0.0,0.0,0.0,263.92,1.96,24.0,1011.24,
2006,12,25,0,8.08,64.87,0.0,0.0,0.0,265.08,1.97,19.0,1011.01,
2006,12,25,1,7.53,69.49,0.0,0.0,0.0,266.25,1.99,15.0,1010.77,
2006,12,25,2,7.16,70.04,0.0,0.0,0.0,266.7,1.91,14.0,1010.64,
2006,12,25,3,6.8,70.59,0.0,0.0,0.0,267.15,1.84,13.0,1010.51,
2006,12,25,4,6.44,71.14,0.0,0.0,0.0,267.6,1.77,12.0,1010.38,
2006,12,25,5,6.88,66.53,0.0,0.0,0.0,268.42,1.51,17.0,1010.48,
2006,12,25,6,7.33,61.93,0.0,0.0,0.0,269.23,1.25,22.0,1010.58,
2006,12,25,7,7.77,57.32,56.0,237.12,34.0,270.05,0.99,27.0,1010.68,
2006,12,25,8,10.48,50.36,261.0,614.45,86.0,274.08,0.81,45.0,1010.54,
2006,12,25,9,13.19,43.39,454.0,776.79,108.0,278.12,0.63,63.0,1010.41,
2006,12,25,10,15.9,36.43,599.0,844.46,123.0,282.15,0.44,82.0,1010.28,
2006,12,25,11,16.92,34.63,684.0,877.26,130.0,280.45,0.71,26.0,1009.45,
2006,12,25,12,17.94,32.83,704.0,898.64,125.0,278.75,0.97,330.0,1008.62,
2006,12,25,13,18.97,31.03,649.0,878.26,121.0,277.05,1.24,274.0,1007.8,
2006,12,25,14,17.87,37.24,520.0,782.03,125.0,272.18,1.53,283.0,1007.83,
2006,12,25,15,16.78,43.44,352.0,700.53,98.0,267.32,1.81,292.0,1007.86,
2006,12,25,16,15.69,49.65,155.0,550.86,54.0,262.45,2.1,301.0,1007.9,
2006,12,25,17,14.23,51.85,0.0,0.0,0.0,259.98,2.29,302.0,1008.13,
2006,12,25,18,12.77,54.04,0.0,0.0,0.0,257.52,2.48,304.0,1008.36,
2006,12,25,19,11.3,56.24,0.0,0.0,0.0,255.05,2.68,305.0,1008.59,
2006,12,25,20,10.58,57.37,0.0,0.0,0.0,255.22,2.7,308.0,1008.66,
2006,12,25,21,9.85,58.51,0.0,0.0,0.0,255.38,2.73,311.0,1008.72,
2006,12,25,22,9.13,59.64,0.0,0.0,0.0,255.55,2.76,314.0,1008.79,
2006,12,25,23,8.57,61.76,0.0,0.0,0.0,256.0,2.62,318.0,1008.56,
2006,12,26,0,8.02,63.88,0.0,0.0,0.0,256.45,2.47,322.0,1008.33,
2006,12,26,1,7.47,66.0,0.0,0.0,0.0,256.9,2.33,327.0,1008.1,
2006,12,26,2,6.95,66.11,0.0,0.0,0.0,256.68,2.27,327.0,1008.06,
2006,12,26,3,6.44,66.23,0.0,0.0,0.0,256.47,2.2,328.0,1008.03,
2006,12,26,4,5.93,66.34,0.0,0.0,0.0,256.25,2.14,329.0,1008.0,
2006,12,26,5,6.47,62.01,0.0,0.0,0.0,256.53,1.99,327.0,1008.33,
2006,12,26,6,7.02,57.67,0.0,0.0,0.0,256.82,1.83,325.0,1008.66,
2006,12,26,7,7.56,53.34,58.0,273.34,33.0,257.1,1.68,323.0,1008.99,
2006,12,26,8,9.96,46.3,261.0,623.84,84.0,260.33,2.02,316.0,1008.89,
2006,12,26,9,12.37,39.26,423.0,611.69,151.0,263.57,2.36,309.0,1008.79,
2006,12,26,10,14.77,32.22,596.0,829.02,129.0,266.8,2.7,303.0,1008.69,
2006,12,26,11,15.82,31.06,684.0,877.17,130.0,265.93,3.12,299.0,1007.63,
2006,12,26,12,16.87,29.9,560.0,400.11,302.0,265.07,3.53,295.0,1006.57,
2006,12,26,13,17.93,28.74,567.0,548.06,237.0,264.2,3.94,292.0,1005.52,
2006,12,26,14,16.96,31.5,524.0,797.79,120.0,261.55,3.87,292.0,1005.81,
2006,12,26,15,16.0,34.26,350.0,675.49,104.0,258.9,3.79,293.0,1006.11,
2006,12,26,16,15.04,37.02,84.0,48.61,75.0,256.25,3.71,293.0,1006.41,
2006,12,26,17,13.86,40.94,0.0,0.0,0.0,255.1,3.75,296.0,1006.94,
2006,12,26,18,12.69,44.85,0.0,0.0,0.0,253.95,3.78,299.0,1007.47,
2006,12,26,19,11.51,48.77,0.0,0.0,0.0,252.8,3.82,302.0,1008.0,
2006,12,26,20,10.96,51.31,0.0,0.0,0.0,252.83,3.76,302.0,1008.13,
2006,12,26,21,10.4,53.84,0.0,0.0,0.0,252.87,3.7,302.0,1008.26,
2006,12,26,22,9.84,56.38,0.0,0.0,0.0,252.9,3.64,302.0,1008.39,
2006,12,26,23,9.59,57.75,0.0,0.0,0.0,253.72,3.66,299.0,1008.39,
2006,12,27,0,9.34,59.12,0.0,0.0,0.0,254.53,3.69,297.0,1008.39,
2006,12,27,1,9.1,60.49,0.0,0.0,0.0,255.35,3.71,295.0,1008.39,
2006,12,27,2,9.13,58.85,0.0,0.0,0.0,256.48,4.05,295.0,1008.56,
2006,12,27,3,9.16,57.21,0.0,0.0,0.0,257.62,4.38,295.0,1008.72,
2006,12,27,4,9.2,55.57,0.0,0.0,0.0,258.75,4.72,296.0,1008.89,
2006,12,27,5,9.64,55.99,0.0,0.0,0.0,259.97,4.76,297.0,1009.58,
2006,12,27,6,10.09,56.41,0.0,0.0,0.0,261.18,4.81,298.0,1010.28,
2006,12,27,7,10.54,56.83,53.0,210.6,34.0,262.4,4.86,298.0,1010.97,
2006,12,27,8,11.83,55.18,106.0,10.61,103.0,268.87,6.14,302.0,1010.94,
2006,12,27,9,13.13,53.52,138.0,0.0,138.0,275.33,7.42,306.0,1010.91,
2006,12,27,10,14.42,51.87,518.0,513.28,229.0,281.8,8.7,310.0,1010.87,
2006,12,27,11,14.98,48.82,631.0,663.24,212.0,281.58,8.72,310.0,1010.44,
2006,12,27,12,15.54,45.78,694.0,850.6,145.0,281.37,8.74,309.0,1010.01,
2006,12,27,13,16.1,42.73,561.0,523.92,245.0,281.15,8.76,308.0,1009.58,
2006,12,27,14,14.91,42.07,529.05,810.97,117.25,275.65,8.09,311.0,1010.48,
2006,12,27,15,13.72,41.4,309.0,434.6,150.0,270.15,7.43,314.0,1011.37,
2006,12,27,16,12.54,40.74,138.0,342.21,74.0,264.65,6.76,317.0,1012.26,
2006,12,27,17,11.82,43.91,0.0,0.0,0.0,261.15,6.29,319.0,1012.86,
2006,12,27,18,11.11,47.09,0.0,0.0,0.0,257.65,5.82,320.0,1013.45,
2006,12,27,19,10.39,50.26,0.0,0.0,0.0,254.15,5.35,322.0,1014.05,
2006,12,27,20,9.9,52.72,0.0,0.0,0.0,253.37,5.18,325.0,1014.35,
2006,12,27,21,9.4,55.19,0.0,0.0,0.0,252.58,5.0,329.0,1014.64,
2006,12,27,22,8.9,57.65,0.0,0.0,0.0,251.8,4.83,332.0,1014.94,
2006,12,27,23,8.47,60.0,0.0,0.0,0.0,251.2,4.75,334.0,1015.27,
2006,12,28,0,8.05,62.34,0.0,0.0,0.0,250.6,4.68,336.0,1015.6,
2006,12,28,1,7.63,64.69,0.0,0.0,0.0,250.0,4.61,338.0,1015.93,
2006,12,28,2,7.21,65.97,0.0,0.0,0.0,248.52,4.57,340.0,1016.07,
2006,12,28,3,6.8,67.26,0.0,0.0,0.0,247.03,4.52,342.0,1016.2,
2006,12,28,4,6.39,68.54,0.0,0.0,0.0,245.55,4.48,344.0,1016.33,
2006,12,28,5,6.8,67.07,0.0,0.0,0.0,245.28,4.24,344.0,1016.96,
2006,12,28,6,7.22,65.59,0.0,0.0,0.0,245.02,4.0,344.0,1017.59,
2006,12,28,7,7.64,64.12,55.0,247.04,33.0,244.75,3.77,344.0,1018.22,
2006,12,28,8,8.88,57.12,260.0,635.15,81.0,248.18,4.36,346.0,1018.18,
2006,12,28,9,10.12,50.12,447.0,746.44,116.0,251.62,4.95,348.0,1018.15,
2006,12,28,10,11.36,43.12,595.0,829.65,128.0,255.05,5.54,350.0,1018.12,
2006,12,28,11,12.18,40.44,681.0,860.73,137.0,255.35,5.52,346.0,1017.42,
2006,12,28,12,13.0,37.75,706.0,900.74,124.0,255.65,5.49,343.0,1016.73,
2006,12,28,13,13.82,35.07,649.0,863.86,127.0,255.95,5.46,340.0,1016.03,
2006,12,28,14,13.19,37.23,531.0,812.93,117.0,254.58,5.1,338.0,1016.17,
2006,12,28,15,12.56,39.39,341.0,601.17,120.0,253.22,4.74,337.0,1016.3,
2006,12,28,16,11.94,41.55,155.0,497.47,61.0,251.85,4.37,335.0,1016.43,
2006,12,28,17,11.16,46.11,0.0,0.0,0.0,251.72,4.2,334.0,1017.09,
2006,12,28,18,10.39,50.67,0.0,0.0,0.0,251.58,4.02,332.0,1017.75,
2006,12,28,19,9.61,55.23,0.0,0.0,0.0,251.45,3.85,331.0,1018.42,
2006,12,28,20,9.09,57.97,0.0,0.0,0.0,251.87,3.77,333.0,1018.55,
2006,12,28,21,8.56,60.7,0.0,0.0,0.0,252.28,3.7,335.0,1018.68,
2006,12,28,22,8.03,63.44,0.0,0.0,0.0,252.7,3.63,337.0,1018.81,
2006,12,28,23,7.69,65.55,0.0,0.0,0.0,252.72,3.56,340.0,1018.75,
2006,12,29,0,7.36,67.67,0.0,0.0,0.0,252.73,3.5,343.0,1018.68,
2006,12,29,1,7.03,69.78,0.0,0.0,0.0,252.75,3.43,346.0,1018.61,
2006,12,29,2,6.85,70.87,0.0,0.0,0.0,253.43,3.35,345.0,1018.65,
2006,12,29,3,6.67,71.96,0.0,0.0,0.0,254.12,3.27,345.0,1018.68,
2006,12,29,4,6.5,73.05,0.0,0.0,0.0,254.8,3.19,344.0,1018.71,
2006,12,29,5,6.96,71.44,0.0,0.0,0.0,255.05,3.11,344.0,1019.34,
2006,12,29,6,7.43,69.84,0.0,0.0,0.0,255.3,3.04,343.0,1019.97,
2006,12,29,7,7.89,68.23,53.0,238.74,32.0,255.55,2.97,342.0,1020.6,
2006,12,29,8,9.85,61.06,254.0,587.19,89.0,259.93,3.79,346.0,1020.43,
2006,12,29,9,11.8,53.89,446.0,747.24,115.0,264.32,4.61,350.0,1020.27,
2006,12,29,10,13.76,46.72,598.0,843.97,123.0,268.7,5.43,354.0,1020.1,
2006,12,29,11,14.57,42.6,681.0,861.81,136.0,268.23,5.51,353.0,1019.21,
2006,12,29,12,15.37,38.48,699.0,867.15,138.0,267.77,5.59,352.0,1018.32,
2006,12,29,13,16.18,34.36,651.0,863.77,128.0,267.3,5.67,351.0,1017.42,
2006,12,29,14,15.29,35.7,530.0,798.69,122.0,264.4,5.08,350.0,1017.59,
2006,12,29,15,14.4,37.03,362.0,719.98,96.0,261.5,4.48,349.0,1017.75,
2006,12,29,16,13.52,38.37,158.0,513.18,60.0,258.6,3.89,348.0,1017.92,
2006,12,29,17,12.56,42.06,0.0,0.0,0.0,257.23,3.89,346.0,1018.32,
2006,12,29,18,11.6,45.74,0.0,0.0,0.0,255.87,3.9,345.0,1018.71,
2006,12,29,19,10.63,49.43,0.0,0.0,0.0,254.5,3.9,344.0,1019.11,
2006,12,29,20,10.14,51.54,0.0,0.0,0.0,253.83,3.93,344.0,1019.28,
2006,12,29,21,9.64,53.64,0.0,0.0,0.0,253.17,3.95,344.0,1019.44,
2006,12,29,22,9.15,55.75,0.0,0.0,0.0,252.5,3.97,344.0,1019.61,
2006,12,29,23,8.81,57.79,0.0,0.0,0.0,252.52,3.93,346.0,1019.71,
2006,12,30,0,8.48,59.82,0.0,0.0,0.0,252.53,3.88,348.0,1019.8,
2006,12,30,1,8.15,61.86,0.0,0.0,0.0,252.55,3.83,350.0,1019.9,
2006,12,30,2,7.56,63.61,0.0,0.0,0.0,252.18,3.73,348.0,1020.1,
2006,12,30,3,6.98,65.35,0.0,0.0,0.0,251.82,3.62,346.0,1020.3,
2006,12,30,4,6.4,67.1,0.0,0.0,0.0,251.45,3.52,344.0,1020.5,
2006,12,30,5,6.94,65.58,0.0,0.0,0.0,252.28,3.48,346.0,1020.83,
2006,12,30,6,7.48,64.07,0.0,0.0,0.0,253.12,3.44,347.0,1021.16,
2006,12,30,7,8.02,62.55,47.0,161.01,33.0,253.95,3.41,349.0,1021.49,
2006,12,30,8,10.17,56.1,248.0,553.04,93.0,258.9,4.12,351.0,1021.26,
2006,12,30,9,12.33,49.66,438.0,704.95,126.0,263.85,4.84,354.0,1021.03,
2006,12,30,10,14.48,43.21,592.0,813.71,134.0,268.8,5.56,356.0,1020.8,
2006,12,30,11,15.43,40.13,682.0,861.16,137.0,270.4,5.6,357.0,1019.84,
2006,12,30,12,16.37,37.05,704.0,884.46,131.0,272.0,5.65,357.0,1018.88,
2006,12,30,13,17.32,33.97,652.0,865.2,127.0,273.6,5.7,358.0,1017.92,
2006,12,30,14,16.45,35.47,537.0,831.23,111.0,270.83,4.97,354.0,1018.08,
2006,12,30,15,15.59,36.96,364.0,721.66,96.0,268.07,4.23,350.0,1018.25,
2006,12,30,16,14.73,38.46,161.0,523.21,60.0,265.3,3.5,346.0,1018.42,
2006,12,30,17,13.64,42.13,0.0,0.0,0.0,263.23,3.64,343.0,1018.75,
2006,12,30,18,12.55,45.8,0.0,0.0,0.0,261.17,3.78,340.0,1019.08,
2006,12,30,19,11.46,49.47,0.0,0.0,0.0,259.1,3.92,337.0,1019.41,
2006,12,30,20,10.97,51.52,0.0,0.0,0.0,258.65,3.94,338.0,1019.51,
2006,12,30,21,10.47,53.58,0.0,0.0,0.0,258.2,3.96,340.0,1019.61,
2006,12,30,22,9.97,55.63,0.0,0.0,0.0,257.75,3.99,342.0,1019.71,
2006,12,30,23,9.56,58.19,0.0,0.0,0.0,257.85,3.83,344.0,1019.61,
2006,12,31,0,9.15,60.74,0.0,0.0,0.0,257.95,3.68,346.0,1019.51,
2006,12,31,1,8.74,63.3,0.0,0.0,0.0,258.05,3.53,348.0,1019.41,
2006,12,31,2,8.32,63.56,0.0,0.0,0.0,257.47,3.45,344.0,1019.37,
2006,12,31,3,7.91,63.83,0.0,0.0,0.0,256.88,3.37,341.0,1019.34,
2006,12,31,4,7.5,64.09,0.0,0.0,0.0,256.3,3.3,338.0,1019.31,
2006,12,31,5,8.05,62.1,0.0,0.0,0.0,256.97,3.25,336.0,1019.54,
2006,12,31,6,8.61,60.1,0.0,0.0,0.0,257.63,3.2,335.0,1019.77,
2006,12,31,7,9.17,58.11,52.0,244.13,31.0,258.3,3.16,333.0,1020.0,
2006,12,31,8,11.35,52.82,255.0,607.97,85.0,263.93,4.01,333.0,1019.8,
2006,12,31,9,13.53,47.53,453.0,789.05,104.0,269.57,4.86,333.0,1019.61,
2006,12,31,10,15.71,42.24,602.0,859.71,118.0,275.2,5.71,333.0,1019.41,
2006,12,31,11,16.54,40.02,697.0,928.27,109.0,276.43,6.16,333.0,1018.58,
2006,12,31,12,17.37,37.79,702.0,867.68,139.0,277.67,6.6,333.0,1017.75,
2006,12,31,13,18.2,35.57,643.0,817.16,146.0,278.9,7.05,333.0,1016.93,
2006,12,31,14,17.26,37.93,534.0,801.19,122.0,276.77,6.57,331.0,1017.19,
2006,12,31,15,16.32,40.3,360.0,682.99,105.0,274.63,6.09,329.0,1017.46,
2006,12,31,16,15.39,42.66,159.0,476.48,66.0,272.5,5.61,327.0,1017.72,
2006,12,31,17,14.54,46.59,0.0,0.0,0.0,271.38,5.59,329.0,1018.32,
2006,12,31,18,10.85,59.39,0.0,0.0,0.0,259.5,6.08,330.0,1018.91,
2006,12,31,19,11.15,60.12,0.0,0.0,0.0,262.56,5.73,332.0,1019.51,
2006,12,31,20,11.45,60.84,0.0,0.0,0.0,265.62,5.38,334.0,1019.64,
2006,12,31,21,11.75,61.56,0.0,0.0,0.0,268.68,5.04,337.0,1019.77,
2006,12,31,22,12.05,62.28,0.0,0.0,0.0,271.75,4.69,340.0,1019.9,
2006,12,31,23,12.35,63.01,0.0,0.0,0.0,274.81,4.35,342.0,1020.04,
