Source,Location ID,City,Region,Country,Latitude,Longitude,Time Zone,Elevation
PVGIS,81,Bekescsaba,HUN,Hungary,46.6720021103,21.1010045684,1,86.0
Year,Month,Day,Hour,Tdry,RH,GHI,DNI,DHI,IR,Wspd,Wdir,Pres,
2006,1,1,0,5.09,70.64,0.0,0.0,0.0,309.07,5.27,160.0,999.84,
2006,1,1,1,4.89,68.81,0.0,0.0,0.0,308.7,5.18,172.0,1006.21,
2006,1,1,2,4.68,66.99,0.0,0.0,0.0,308.33,5.1,161.0,1005.75,
2006,1,1,3,4.47,65.16,0.0,0.0,0.0,307.96,5.01,150.0,1005.29,
2006,1,1,4,4.27,63.34,0.0,0.0,0.0,307.59,4.92,150.0,1004.69,
2006,1,1,5,4.06,61.51,0.0,0.0,0.0,307.22,4.83,150.0,1004.1,
2006,1,1,6,3.86,59.69,0.0,0.0,0.0,306.85,4.74,150.0,1003.51,
2006,1,1,7,3.65,57.86,0.0,0.0,0.0,306.49,4.66,152.0,1003.37,
2006,1,1,8,3.45,56.04,17.0,0.0,17.0,306.12,4.57,154.0,1003.24,
2006,1,1,9,6.15,62.48,109.0,184.76,68.45,314.25,6.0,156.0,1003.11,
2006,1,1,10,6.59,65.27,107.0,6.65,105.0,315.33,6.0,156.0,1002.52,
2006,1,1,11,7.02,68.06,145.0,17.52,139.0,316.42,5.99,156.0,1001.92,
2006,1,1,12,7.46,70.85,183.0,67.4,160.0,317.5,5.99,156.0,1001.33,
2006,1,1,13,7.25,71.63,164.0,84.05,139.0,315.6,5.83,155.0,1001.26,
2006,1,1,14,7.04,72.42,145.0,238.35,94.0,313.7,5.67,153.0,1001.2,
2006,1,1,15,6.84,73.2,59.0,248.57,35.0,311.8,5.52,152.0,1001.13,
2006,1,1,16,6.71,74.55,0.0,0.0,0.0,314.22,5.71,153.0,1000.83,
2006,1,1,17,6.59,75.89,0.0,0.0,0.0,316.63,5.91,154.0,1000.54,
2006,1,1,18,6.47,77.24,0.0,0.0,0.0,319.05,6.11,155.0,1000.24,
2006,1,1,19,6.42,78.5,0.0,0.0,0.0,317.17,6.04,157.0,1000.14,
2006,1,1,20,6.36,79.76,0.0,0.0,0.0,315.28,5.97,158.0,1000.04,
2006,1,1,21,6.31,81.02,0.0,0.0,0.0,313.4,5.9,159.0,999.94,
2006,1,1,22,6.35,81.26,0.0,0.0,0.0,311.2,5.85,160.0,999.91,
2006,1,1,23,6.39,81.51,0.0,0.0,0.0,309.0,5.79,160.0,999.88,
2006,1,2,0,6.43,81.75,0.0,0.0,0.0,306.8,5.74,160.0,999.84,
2006,1,2,1,6.27,82.78,0.0,0.0,0.0,307.68,5.5,158.0,999.78,
2006,1,2,2,6.11,83.8,0.0,0.0,0.0,308.57,5.27,156.0,999.71,
2006,1,2,3,5.96,84.83,0.0,0.0,0.0,309.45,5.03,154.0,999.65,
2006,1,2,4,5.98,84.67,0.0,0.0,0.0,310.37,5.04,153.0,999.48,
2006,1,2,5,6.0,84.52,0.0,0.0,0.0,311.28,5.05,151.0,999.32,
2006,1,2,6,6.02,84.36,0.0,0.0,0.0,312.2,5.06,150.0,999.15,
2006,1,2,7,6.5,82.85,0.0,0.0,0.0,312.2,5.2,147.0,999.18,
2006,1,2,8,6.97,81.35,38.0,19.23,36.0,312.2,5.34,145.0,999.22,
2006,1,2,9,7.45,79.84,105.3,162.24,69.6,312.2,5.48,142.0,999.25,
2006,1,2,10,7.82,78.57,87.0,0.0,87.0,314.28,5.4,142.0,998.89,
2006,1,2,11,8.19,77.29,74.0,0.0,74.0,316.37,5.32,141.0,998.52,
2006,1,2,12,8.56,76.02,53.0,0.0,53.0,318.45,5.24,140.0,998.16,
2006,1,2,13,7.94,79.09,61.0,0.0,61.0,322.57,4.84,141.0,998.75,
2006,1,2,14,7.33,82.17,19.0,0.0,19.0,326.68,4.44,143.0,999.35,
2006,1,2,15,6.72,85.24,21.0,0.0,21.0,330.8,4.04,144.0,999.94,
2006,1,2,16,6.59,88.28,0.0,0.0,0.0,332.63,4.25,146.0,1000.17,
2006,1,2,17,6.47,91.33,0.0,0.0,0.0,334.47,4.46,149.0,1000.4,
2006,1,2,18,6.34,94.37,0.0,0.0,0.0,336.3,4.68,151.0,1000.64,
2006,1,2,19,6.08,95.69,0.0,0.0,0.0,333.63,4.42,159.0,1001.13,
2006,1,2,20,5.81,97.0,0.0,0.0,0.0,330.97,4.16,166.0,1001.62,
2006,1,2,21,5.55,98.32,0.0,0.0,0.0,328.3,3.9,174.0,1002.12,
2006,1,2,22,5.16,98.72,0.0,0.0,0.0,329.37,3.71,185.0,1002.65,
2006,1,2,23,4.77,99.11,0.0,0.0,0.0,330.43,3.52,195.0,1003.18,
2006,1,3,0,4.38,99.51,0.0,0.0,0.0,331.5,3.32,206.0,1003.7,
2006,1,3,1,3.13,98.81,0.0,0.0,0.0,309.23,2.95,203.0,1004.69,
2006,1,3,2,1.87,98.1,0.0,0.0,0.0,286.97,2.57,201.0,1005.68,
2006,1,3,3,0.62,97.4,0.0,0.0,0.0,264.7,2.19,198.0,1006.67,
2006,1,3,4,0.16,97.57,0.0,0.0,0.0,258.2,2.01,199.0,1006.97,
2006,1,3,5,-0.31,97.74,0.0,0.0,0.0,251.7,1.83,199.0,1007.27,
2006,1,3,6,-0.77,97.91,0.0,0.0,0.0,245.2,1.64,200.0,1007.56,
2006,1,3,7,-0.02,96.14,0.0,0.0,0.0,249.98,1.46,204.0,1008.03,
2006,1,3,8,0.72,94.38,31.0,9.58,30.0,254.77,1.28,207.0,1008.49,
2006,1,3,9,1.47,92.61,109.65,186.41,68.5,259.55,1.1,211.0,1008.95,
2006,1,3,10,2.21,90.82,86.0,0.0,86.0,268.32,0.93,219.0,1008.98,
2006,1,3,11,2.95,89.02,55.0,0.0,55.0,277.08,0.75,227.0,1009.02,
2006,1,3,12,3.69,87.23,56.0,0.0,56.0,285.85,0.58,235.0,1009.05,
2006,1,3,13,2.97,87.75,45.0,0.0,45.0,279.72,0.61,258.0,1009.81,
2006,1,3,14,2.26,88.26,32.0,0.0,32.0,273.58,0.63,280.0,1010.57,
2006,1,3,15,1.55,88.78,11.0,0.0,11.0,267.45,0.66,303.0,1011.33,
2006,1,3,16,1.07,90.21,0.0,0.0,0.0,272.72,0.86,315.0,1011.49,
2006,1,3,17,0.6,91.65,0.0,0.0,0.0,277.98,1.05,327.0,1011.66,
2006,1,3,18,0.12,93.08,0.0,0.0,0.0,283.25,1.24,340.0,1011.82,
2006,1,3,19,0.19,92.57,0.0,0.0,0.0,290.62,1.1,335.0,1012.12,
2006,1,3,20,0.26,92.05,0.0,0.0,0.0,297.98,0.97,330.0,1012.41,
2006,1,3,21,0.33,91.54,0.0,0.0,0.0,305.35,0.83,325.0,1012.71,
2006,1,3,22,0.2,92.03,0.0,0.0,0.0,306.13,0.84,317.0,1012.88,
2006,1,3,23,0.06,92.53,0.0,0.0,0.0,306.92,0.86,309.0,1013.04,
2006,1,4,0,-0.07,93.02,0.0,0.0,0.0,307.7,0.87,302.0,1013.21,
2006,1,4,1,-0.41,93.18,0.0,0.0,0.0,301.3,1.04,342.0,1013.4,
2006,1,4,2,-0.75,93.34,0.0,0.0,0.0,294.9,1.21,22.0,1013.6,
2006,1,4,3,-1.08,93.5,0.0,0.0,0.0,288.5,1.38,62.0,1013.8,
2006,1,4,4,-1.02,93.44,0.0,0.0,0.0,294.47,1.29,51.0,1013.73,
2006,1,4,5,-0.96,93.37,0.0,0.0,0.0,300.43,1.2,40.0,1013.67,
2006,1,4,6,-0.9,93.31,0.0,0.0,0.0,306.4,1.12,28.0,1013.6,
2006,1,4,7,-0.18,89.81,0.0,0.0,0.0,307.45,1.41,32.0,1013.87,
2006,1,4,8,0.53,86.32,35.0,19.06,33.0,308.5,1.71,35.0,1014.13,
2006,1,4,9,1.25,82.82,107.75,156.15,73.15,309.55,2.0,39.0,1014.39,
2006,1,4,10,1.82,80.77,224.0,279.62,139.0,310.13,2.35,41.0,1013.93,
2006,1,4,11,2.39,78.73,184.0,63.49,162.0,310.72,2.71,43.0,1013.47,
2006,1,4,12,2.96,76.68,119.0,2.89,118.0,311.3,3.06,46.0,1013.01,
2006,1,4,13,2.98,77.95,123.0,16.48,118.0,312.72,2.98,44.0,1013.21,
2006,1,4,14,3.0,79.23,86.0,18.14,82.0,314.13,2.91,43.0,1013.4,
2006,1,4,15,3.03,80.5,40.0,38.64,36.0,315.55,2.83,42.0,1013.6,
2006,1,4,16,2.88,82.27,0.0,0.0,0.0,316.2,2.78,42.0,1013.4,
2006,1,4,17,2.73,84.04,0.0,0.0,0.0,316.85,2.73,42.0,1013.21,
2006,1,4,18,2.58,85.81,0.0,0.0,0.0,317.5,2.68,42.0,1013.01,
2006,1,4,19,2.42,87.25,0.0,0.0,0.0,313.07,2.62,43.0,1012.91,
2006,1,4,20,2.25,88.68,0.0,0.0,0.0,308.63,2.57,45.0,1012.81,
2006,1,4,21,2.09,90.12,0.0,0.0,0.0,304.2,2.51,47.0,1012.71,
2006,1,4,22,2.07,90.9,0.0,0.0,0.0,308.63,2.58,49.0,1012.51,
2006,1,4,23,2.04,91.67,0.0,0.0,0.0,313.07,2.66,51.0,1012.32,
2006,1,5,0,2.02,92.45,0.0,0.0,0.0,317.5,2.73,53.0,1012.12,
2006,1,5,1,2.03,92.52,0.0,0.0,0.0,317.42,2.84,58.0,1011.85,
2006,1,5,2,2.04,92.59,0.0,0.0,0.0,317.33,2.94,63.0,1011.59,
2006,1,5,3,2.06,92.66,0.0,0.0,0.0,317.25,3.05,67.0,1011.33,
2006,1,5,4,2.12,92.91,0.0,0.0,0.0,317.85,3.14,69.0,1011.23,
2006,1,5,5,2.18,93.15,0.0,0.0,0.0,318.45,3.24,70.0,1011.13,
2006,1,5,6,2.24,93.4,0.0,0.0,0.0,319.05,3.34,71.0,1011.03,
2006,1,5,7,2.82,92.85,0.0,0.0,0.0,319.63,3.47,73.0,1011.03,
2006,1,5,8,3.39,92.3,26.0,0.0,26.0,320.22,3.6,74.0,1011.03,
2006,1,5,9,3.97,91.75,108.75,147.18,76.0,320.8,3.72,75.0,1011.03,
2006,1,5,10,4.51,90.87,110.0,6.55,108.0,319.02,3.62,74.0,1010.63,
2006,1,5,11,5.05,89.98,166.0,37.34,153.0,317.23,3.51,74.0,1010.24,
2006,1,5,12,5.6,89.1,170.0,40.2,156.0,315.45,3.41,73.0,1009.84,
2006,1,5,13,5.49,90.61,131.0,22.91,124.0,315.63,2.95,71.0,1009.94,
2006,1,5,14,5.38,92.13,120.0,94.21,99.0,315.82,2.5,69.0,1010.04,
2006,1,5,15,5.27,93.64,52.0,103.73,41.0,316.0,2.04,66.0,1010.14,
2006,1,5,16,4.95,94.26,0.0,0.0,0.0,318.02,2.1,68.0,1010.27,
2006,1,5,17,4.64,94.87,0.0,0.0,0.0,320.03,2.16,70.0,1010.4,
2006,1,5,18,4.32,95.49,0.0,0.0,0.0,322.05,2.22,71.0,1010.53,
2006,1,5,19,3.9,95.72,0.0,0.0,0.0,317.35,2.17,72.0,1010.43,
2006,1,5,20,3.47,95.96,0.0,0.0,0.0,312.65,2.13,73.0,1010.34,
2006,1,5,21,3.05,96.19,0.0,0.0,0.0,307.95,2.08,74.0,1010.24,
2006,1,5,22,2.75,96.3,0.0,0.0,0.0,303.77,2.13,73.0,1010.24,
2006,1,5,23,2.46,96.4,0.0,0.0,0.0,299.58,2.18,72.0,1010.24,
2006,1,6,0,2.16,96.51,0.0,0.0,0.0,295.4,2.23,71.0,1010.24,
2006,1,6,1,2.47,96.99,0.0,0.0,0.0,302.0,2.28,81.0,1010.27,
2006,1,6,2,2.77,97.46,0.0,0.0,0.0,308.6,2.33,90.0,1010.3,
2006,1,6,3,3.08,97.94,0.0,0.0,0.0,315.2,2.37,100.0,1010.34,
2006,1,6,4,2.91,97.87,0.0,0.0,0.0,314.72,2.37,97.0,1010.47,
2006,1,6,5,2.74,97.79,0.0,0.0,0.0,314.23,2.37,93.0,1010.6,
2006,1,6,6,2.57,97.72,0.0,0.0,0.0,313.75,2.37,90.0,1010.73,
2006,1,6,7,2.97,96.63,0.0,0.0,0.0,313.6,2.57,88.0,1011.09,
2006,1,6,8,3.36,95.53,50.0,84.67,41.0,313.45,2.76,86.0,1011.46,
2006,1,6,9,3.75,94.44,109.85,135.07,79.65,313.3,2.95,84.0,1011.82,
2006,1,6,10,3.92,92.68,197.0,159.78,148.0,315.03,2.82,84.0,1011.82,
2006,1,6,11,4.08,90.93,190.0,71.45,165.0,316.77,2.69,83.0,1011.82,
2006,1,6,12,4.25,89.17,141.0,11.42,137.0,318.5,2.55,82.0,1011.82,
2006,1,6,13,3.5,90.76,58.0,0.0,58.0,315.52,2.29,75.0,1012.28,
2006,1,6,14,2.76,92.34,131.0,124.22,103.0,312.53,2.04,69.0,1012.74,
2006,1,6,15,2.02,93.93,63.0,202.45,41.0,309.55,1.78,62.0,1013.21,
2006,1,6,16,1.6,93.61,0.0,0.0,0.0,303.27,1.75,61.0,1013.5,
2006,1,6,17,1.19,93.3,0.0,0.0,0.0,296.98,1.72,60.0,1013.8,
2006,1,6,18,0.77,92.98,0.0,0.0,0.0,290.7,1.7,59.0,1014.1,
2006,1,6,19,0.44,92.73,0.0,0.0,0.0,293.87,1.63,60.0,1014.36,
2006,1,6,20,0.12,92.48,0.0,0.0,0.0,297.03,1.57,61.0,1014.62,
2006,1,6,21,-0.21,92.23,0.0,0.0,0.0,300.2,1.5,62.0,1014.89,
2006,1,6,22,-0.9,91.96,0.0,0.0,0.0,295.9,1.52,63.0,1015.09,
2006,1,6,23,-1.58,91.68,0.0,0.0,0.0,291.6,1.53,64.0,1015.28,
2006,1,7,0,-2.27,91.41,0.0,0.0,0.0,287.3,1.54,64.0,1015.48,
2006,1,7,1,-2.85,91.89,0.0,0.0,0.0,278.83,1.54,58.0,1015.75,
2006,1,7,2,-3.43,92.36,0.0,0.0,0.0,270.37,1.54,53.0,1016.01,
2006,1,7,3,-4.0,92.84,0.0,0.0,0.0,261.9,1.53,47.0,1016.27,
2006,1,7,4,-4.46,92.05,0.0,0.0,0.0,259.3,1.6,49.0,1016.51,
2006,1,7,5,-4.92,91.27,0.0,0.0,0.0,256.7,1.67,52.0,1016.74,
2006,1,7,6,-5.38,90.48,0.0,0.0,0.0,254.1,1.74,54.0,1016.97,
2006,1,7,7,-3.64,88.7,0.0,0.0,0.0,264.9,1.94,57.0,1017.46,
2006,1,7,8,-1.91,86.93,67.0,242.63,41.0,275.7,2.13,61.0,1017.96,
2006,1,7,9,-0.17,85.15,102.45,110.56,77.6,286.5,2.33,64.0,1018.45,
2006,1,7,10,0.78,82.09,308.0,824.17,54.0,287.32,2.23,65.0,1018.42,
2006,1,7,11,1.73,79.04,355.0,818.82,67.0,288.13,2.12,67.0,1018.39,
2006,1,7,12,2.69,75.98,332.0,649.79,103.0,288.95,2.01,68.0,1018.35,
2006,1,7,13,1.85,80.78,265.0,480.3,116.0,283.58,1.91,63.0,1018.91,
2006,1,7,14,1.01,85.57,72.0,4.39,71.0,278.22,1.81,58.0,1019.48,
2006,1,7,15,0.17,90.37,23.0,0.0,23.0,272.85,1.71,53.0,1020.04,
2006,1,7,16,-0.64,90.55,0.0,0.0,0.0,268.52,1.92,51.0,1020.14,
2006,1,7,17,-1.44,90.72,0.0,0.0,0.0,264.18,2.12,50.0,1020.23,
2006,1,7,18,-2.24,90.9,0.0,0.0,0.0,259.85,2.33,48.0,1020.33,
2006,1,7,19,-2.74,90.56,0.0,0.0,0.0,254.87,2.35,50.0,1020.73,
2006,1,7,20,-3.25,90.22,0.0,0.0,0.0,249.88,2.37,51.0,1021.12,
2006,1,7,21,-3.75,89.88,0.0,0.0,0.0,244.9,2.39,53.0,1021.52,
2006,1,7,22,-4.03,89.42,0.0,0.0,0.0,246.73,2.4,54.0,1021.85,
2006,1,7,23,-4.31,88.97,0.0,0.0,0.0,248.57,2.41,56.0,1022.18,
2006,1,8,0,-4.59,88.51,0.0,0.0,0.0,250.4,2.43,57.0,1022.51,
2006,1,8,1,-4.84,89.15,0.0,0.0,0.0,240.8,2.48,59.0,1022.81,
2006,1,8,2,-5.09,89.79,0.0,0.0,0.0,231.2,2.54,60.0,1023.1,
2006,1,8,3,-5.34,90.43,0.0,0.0,0.0,221.6,2.59,62.0,1023.4,
2006,1,8,4,-5.82,89.88,0.0,0.0,0.0,220.77,2.7,65.0,1023.53,
2006,1,8,5,-6.29,89.33,0.0,0.0,0.0,219.93,2.81,68.0,1023.67,
2006,1,8,6,-6.77,88.78,0.0,0.0,0.0,219.1,2.92,71.0,1023.8,
2006,1,8,7,-5.15,86.82,0.0,0.0,0.0,219.12,2.61,71.0,1024.19,
2006,1,8,8,-3.54,84.86,76.0,379.12,35.0,219.13,2.3,71.0,1024.59,
2006,1,8,9,-1.93,82.9,105.1,120.53,77.85,219.15,1.99,71.0,1024.99,
2006,1,8,10,-0.79,78.88,304.0,768.16,66.0,219.62,1.6,59.0,1024.82,
2006,1,8,11,0.34,74.87,359.0,834.05,64.0,220.08,1.2,46.0,1024.66,
2006,1,8,12,1.48,70.85,364.0,865.54,57.0,220.55,0.81,34.0,1024.49,
2006,1,8,13,0.23,74.97,311.0,808.98,58.0,220.67,1.21,34.0,1024.59,
2006,1,8,14,-1.01,79.1,211.0,676.18,55.0,220.78,1.6,34.0,1024.69,
2006,1,8,15,-2.25,83.22,79.0,367.84,37.0,220.9,2.0,35.0,1024.79,
2006,1,8,16,-3.55,84.02,0.0,0.0,0.0,219.48,2.02,36.0,1024.72,
2006,1,8,17,-4.85,84.82,0.0,0.0,0.0,218.07,2.04,37.0,1024.66,
2006,1,8,18,-6.15,85.62,0.0,0.0,0.0,216.65,2.06,39.0,1024.59,
2006,1,8,19,-6.47,85.09,0.0,0.0,0.0,216.4,2.01,37.0,1024.66,
2006,1,8,20,-6.79,84.57,0.0,0.0,0.0,216.15,1.97,36.0,1024.72,
2006,1,8,21,-7.11,84.04,0.0,0.0,0.0,215.9,1.93,34.0,1024.79,
2006,1,8,22,-7.18,83.52,0.0,0.0,0.0,215.53,1.8,32.0,1024.69,
2006,1,8,23,-7.24,83.01,0.0,0.0,0.0,215.17,1.67,30.0,1024.59,
2006,1,9,0,-7.31,82.49,0.0,0.0,0.0,214.8,1.54,28.0,1024.49,
2006,1,9,1,-7.03,82.88,0.0,0.0,0.0,214.07,1.53,30.0,1024.46,
2006,1,9,2,-6.76,83.26,0.0,0.0,0.0,213.33,1.52,31.0,1024.42,
2006,1,9,3,-6.48,83.65,0.0,0.0,0.0,212.6,1.5,33.0,1024.39,
2006,1,9,4,-6.53,83.33,0.0,0.0,0.0,212.68,1.56,35.0,1024.26,
2006,1,9,5,-6.59,83.02,0.0,0.0,0.0,212.77,1.62,37.0,1024.13,
2006,1,9,6,-6.64,82.7,0.0,0.0,0.0,212.85,1.68,39.0,1024.0,
2006,1,9,7,-4.7,80.2,0.0,0.0,0.0,214.62,1.53,37.0,1024.03,
2006,1,9,8,-2.77,77.7,80.0,421.06,34.0,216.38,1.38,35.0,1024.06,
2006,1,9,9,-0.84,75.2,112.95,158.02,77.0,218.15,1.23,33.0,1024.09,
2006,1,9,10,0.36,72.08,310.0,811.96,57.0,220.93,1.23,26.0,1023.57,
2006,1,9,11,1.55,68.96,363.0,851.64,60.0,223.72,1.24,19.0,1023.04,
2006,1,9,12,2.75,65.84,368.0,882.17,53.0,226.5,1.24,12.0,1022.51,
2006,1,9,13,1.14,71.4,314.0,811.75,58.0,224.88,1.53,4.0,1022.58,
2006,1,9,14,-0.47,76.96,120.4,188.0,76.5,223.27,1.81,357.0,1022.64,
2006,1,9,15,-2.07,82.52,53.15,146.06,36.05,221.65,2.1,349.0,1022.71,
2006,1,9,16,-3.04,84.48,0.0,0.0,0.0,221.53,2.08,358.0,1022.64,
2006,1,9,17,-4.0,86.43,0.0,0.0,0.0,221.42,2.07,6.0,1022.58,
2006,1,9,18,-4.96,88.39,0.0,0.0,0.0,221.3,2.06,15.0,1022.51,
2006,1,9,19,-5.1,88.42,0.0,0.0,0.0,221.5,1.81,19.0,1022.48,
2006,1,9,20,-5.25,88.44,0.0,0.0,0.0,221.7,1.56,22.0,1022.44,
2006,1,9,21,-5.39,88.47,0.0,0.0,0.0,221.9,1.31,26.0,1022.41,
2006,1,9,22,-5.32,88.19,0.0,0.0,0.0,222.7,1.22,25.0,1022.25,
2006,1,9,23,-5.25,87.9,0.0,0.0,0.0,223.5,1.13,24.0,1022.08,
2006,1,10,0,-5.18,87.62,0.0,0.0,0.0,224.3,1.03,24.0,1021.92,
2006,1,10,1,-4.39,83.86,0.0,0.0,0.0,226.87,0.97,10.0,1021.85,
2006,1,10,2,-3.6,80.1,0.0,0.0,0.0,229.43,0.91,356.0,1021.78,
2006,1,10,3,-2.8,76.34,0.0,0.0,0.0,232.0,0.84,342.0,1021.72,
2006,1,10,4,-3.1,77.38,0.0,0.0,0.0,228.7,0.72,342.0,1021.65,
2006,1,10,5,-3.4,78.41,0.0,0.0,0.0,225.4,0.59,341.0,1021.59,
2006,1,10,6,-3.7,79.45,0.0,0.0,0.0,222.1,0.47,340.0,1021.52,
2006,1,10,7,-2.43,78.81,0.0,0.0,0.0,223.6,0.56,337.0,1021.69,
2006,1,10,8,-1.16,78.18,52.0,81.47,43.0,225.1,0.64,333.0,1021.85,
2006,1,10,9,0.11,77.54,113.45,159.57,76.9,226.6,0.73,329.0,1022.02,
2006,1,10,10,1.16,75.25,303.0,727.34,75.0,228.05,1.0,326.0,1021.59,
2006,1,10,11,2.21,72.97,358.0,793.32,74.0,229.5,1.26,322.0,1021.16,
2006,1,10,12,3.26,70.68,367.0,853.81,60.0,230.95,1.53,319.0,1020.73,
2006,1,10,13,2.27,75.39,315.0,798.5,61.0,231.1,1.6,314.0,1020.86,
2006,1,10,14,1.28,80.09,216.0,668.35,58.0,231.25,1.66,310.0,1020.99,
2006,1,10,15,0.3,84.8,86.0,399.81,38.0,231.4,1.72,305.0,1021.12,
2006,1,10,16,-0.57,86.64,0.0,0.0,0.0,229.08,1.77,312.0,1021.12,
2006,1,10,17,-1.43,88.49,0.0,0.0,0.0,226.77,1.83,318.0,1021.12,
2006,1,10,18,-2.3,90.33,0.0,0.0,0.0,224.45,1.88,325.0,1021.12,
2006,1,10,19,-2.66,90.72,0.0,0.0,0.0,223.92,1.76,331.0,1021.16,
2006,1,10,20,-3.03,91.12,0.0,0.0,0.0,223.38,1.65,337.0,1021.19,
2006,1,10,21,-3.39,91.51,0.0,0.0,0.0,222.85,1.53,342.0,1021.22,
2006,1,10,22,-3.48,91.55,0.0,0.0,0.0,223.22,1.15,336.0,1021.09,
2006,1,10,23,-3.58,91.6,0.0,0.0,0.0,223.58,0.78,330.0,1020.96,
2006,1,11,0,-3.67,91.64,0.0,0.0,0.0,223.95,0.4,324.0,1020.83,
2006,1,11,1,-3.58,91.34,0.0,0.0,0.0,228.97,0.46,300.0,1020.93,
2006,1,11,2,-3.49,91.05,0.0,0.0,0.0,233.98,0.53,276.0,1021.03,
2006,1,11,3,-3.39,90.75,0.0,0.0,0.0,239.0,0.59,252.0,1021.12,
2006,1,11,4,-3.31,90.7,0.0,0.0,0.0,245.6,0.75,243.0,1021.03,
2006,1,11,5,-3.23,90.66,0.0,0.0,0.0,252.2,0.91,234.0,1020.93,
2006,1,11,6,-3.15,90.61,0.0,0.0,0.0,258.8,1.06,224.0,1020.83,
2006,1,11,7,-2.03,87.64,0.0,0.0,0.0,261.4,1.16,213.0,1020.96,
2006,1,11,8,-0.92,84.68,50.0,62.61,43.0,264.0,1.26,202.0,1021.09,
2006,1,11,9,0.19,81.71,117.35,171.21,77.85,266.6,1.37,190.0,1021.22,
2006,1,11,10,1.07,79.06,173.0,79.25,148.0,270.37,1.28,190.0,1020.79,
2006,1,11,11,1.94,76.42,169.0,33.3,157.0,274.13,1.2,189.0,1020.37,
2006,1,11,12,2.82,73.77,182.0,46.94,165.0,277.9,1.12,189.0,1019.94,
2006,1,11,13,1.92,77.68,164.0,56.09,146.0,275.4,1.2,188.0,1020.3,
2006,1,11,14,1.02,81.6,100.0,25.06,94.0,272.9,1.27,187.0,1020.66,
2006,1,11,15,0.13,85.51,50.0,40.61,45.0,270.4,1.35,186.0,1021.03,
2006,1,11,16,-0.35,86.67,0.0,0.0,0.0,264.95,1.23,193.0,1021.03,
2006,1,11,17,-0.82,87.84,0.0,0.0,0.0,259.5,1.11,201.0,1021.03,
2006,1,11,18,-1.29,89.0,0.0,0.0,0.0,254.05,0.99,208.0,1021.03,
2006,1,11,19,-1.46,89.14,0.0,0.0,0.0,251.43,0.79,197.0,1021.16,
2006,1,11,20,-1.64,89.28,0.0,0.0,0.0,248.82,0.59,186.0,1021.29,
2006,1,11,21,-1.81,89.42,0.0,0.0,0.0,246.2,0.39,174.0,1021.42,
2006,1,11,22,-2.03,90.44,0.0,0.0,0.0,247.28,0.53,172.0,1021.49,
2006,1,11,23,-2.26,91.45,0.0,0.0,0.0,248.37,0.67,170.0,1021.55,
2006,1,12,0,-2.48,92.47,0.0,0.0,0.0,249.45,0.81,168.0,1021.62,
2006,1,12,1,-2.74,92.67,0.0,0.0,0.0,240.72,0.72,156.0,1022.02,
2006,1,12,2,-3.01,92.88,0.0,0.0,0.0,231.98,0.62,144.0,1022.41,
2006,1,12,3,-3.27,93.08,0.0,0.0,0.0,223.25,0.52,131.0,1022.81,
2006,1,12,4,-3.34,93.28,0.0,0.0,0.0,223.9,0.55,140.0,1022.81,
2006,1,12,5,-3.41,93.48,0.0,0.0,0.0,224.55,0.57,148.0,1022.81,
2006,1,12,6,-3.48,93.68,0.0,0.0,0.0,225.2,0.59,156.0,1022.81,
2006,1,12,7,-2.44,91.35,0.0,0.0,0.0,227.6,0.46,178.0,1023.04,
2006,1,12,8,-1.41,89.02,55.0,88.29,45.0,230.0,0.32,199.0,1023.27,
2006,1,12,9,-0.38,86.69,112.85,140.22,80.25,232.4,0.18,220.0,1023.5,
2006,1,12,10,0.38,82.27,145.0,31.49,135.0,236.52,0.46,247.0,1023.3,
2006,1,12,11,1.14,77.84,114.0,0.0,114.0,240.63,0.73,274.0,1023.1,
2006,1,12,12,1.9,73.42,99.0,0.0,99.0,244.75,1.01,301.0,1022.91,
2006,1,12,13,1.41,75.87,180.05,245.94,100.4,245.18,1.04,327.0,1023.3,
2006,1,12,14,0.92,78.32,122.65,202.49,73.55,245.62,1.08,354.0,1023.7,
2006,1,12,15,0.43,80.77,24.0,0.0,24.0,246.05,1.12,20.0,1024.09,
2006,1,12,16,-0.15,82.55,0.0,0.0,0.0,248.45,1.23,17.0,1024.33,
2006,1,12,17,-0.73,84.34,0.0,0.0,0.0,250.85,1.34,15.0,1024.56,
2006,1,12,18,-1.31,86.12,0.0,0.0,0.0,253.25,1.45,12.0,1024.79,
2006,1,12,19,-1.46,86.6,0.0,0.0,0.0,257.22,1.45,12.0,1024.92,
2006,1,12,20,-1.6,87.09,0.0,0.0,0.0,261.18,1.46,11.0,1025.05,
2006,1,12,21,-1.75,87.57,0.0,0.0,0.0,265.15,1.46,11.0,1025.18,
2006,1,12,22,-2.1,88.52,0.0,0.0,0.0,255.02,1.5,9.0,1025.38,
2006,1,12,23,-2.45,89.46,0.0,0.0,0.0,244.88,1.54,7.0,1025.58,
2006,1,13,0,-2.8,90.41,0.0,0.0,0.0,234.75,1.59,4.0,1025.78,
2006,1,13,1,-2.68,90.2,0.0,0.0,0.0,240.17,1.54,3.0,1025.91,
2006,1,13,2,-2.56,89.98,0.0,0.0,0.0,245.58,1.5,2.0,1026.04,
2006,1,13,3,-2.44,89.77,0.0,0.0,0.0,251.0,1.46,1.0,1026.17,
2006,1,13,4,-2.6,90.34,0.0,0.0,0.0,247.42,1.43,360.0,1026.14,
2006,1,13,5,-2.76,90.9,0.0,0.0,0.0,243.83,1.39,359.0,1026.11,
2006,1,13,6,-2.92,91.47,0.0,0.0,0.0,240.25,1.35,358.0,1026.07,
2006,1,13,7,-1.76,88.88,0.0,0.0,0.0,238.2,1.43,359.0,1026.27,
2006,1,13,8,-0.61,86.29,52.0,69.67,44.0,236.15,1.52,0.0,1026.47,
2006,1,13,9,0.55,83.7,128.8,201.59,81.55,234.1,1.6,1.0,1026.67,
2006,1,13,10,1.28,78.36,157.0,43.78,143.0,237.55,1.74,7.0,1026.34,
2006,1,13,11,2.01,73.03,91.0,0.0,91.0,241.0,1.88,12.0,1026.01,
2006,1,13,12,2.75,67.69,111.0,0.0,111.0,244.45,2.01,18.0,1025.68,
2006,1,13,13,2.11,72.78,86.0,0.0,86.0,247.97,1.85,12.0,1025.81,
2006,1,13,14,1.47,77.86,61.0,0.0,61.0,251.48,1.69,5.0,1025.94,
2006,1,13,15,0.83,82.95,31.0,0.0,31.0,255.0,1.53,359.0,1026.07,
2006,1,13,16,0.25,85.91,0.0,0.0,0.0,251.7,1.54,360.0,1025.98,
2006,1,13,17,-0.33,88.86,0.0,0.0,0.0,248.4,1.55,0.0,1025.88,
2006,1,13,18,-0.91,91.82,0.0,0.0,0.0,245.1,1.56,1.0,1025.78,
2006,1,13,19,-1.18,92.82,0.0,0.0,0.0,247.75,1.51,2.0,1025.68,
2006,1,13,20,-1.44,93.82,0.0,0.0,0.0,250.4,1.47,4.0,1025.58,
2006,1,13,21,-1.71,94.82,0.0,0.0,0.0,253.05,1.42,5.0,1025.48,
2006,1,13,22,-1.76,94.81,0.0,0.0,0.0,260.73,1.43,9.0,1025.51,
2006,1,13,23,-1.8,94.8,0.0,0.0,0.0,268.42,1.43,12.0,1025.55,
2006,1,14,0,-1.85,94.79,0.0,0.0,0.0,276.1,1.43,16.0,1025.58,
2006,1,14,1,-2.19,95.11,0.0,0.0,0.0,273.42,1.31,18.0,1025.45,
2006,1,14,2,-2.54,95.42,0.0,0.0,0.0,270.73,1.18,20.0,1025.32,
2006,1,14,3,-2.88,95.74,0.0,0.0,0.0,268.05,1.05,22.0,1025.18,
2006,1,14,4,-2.87,95.24,0.0,0.0,0.0,271.4,1.19,29.0,1025.18,
2006,1,14,5,-2.86,94.73,0.0,0.0,0.0,274.75,1.33,36.0,1025.18,
2006,1,14,6,-2.85,94.23,0.0,0.0,0.0,278.1,1.48,42.0,1025.18,
2006,1,14,7,-1.89,91.25,0.0,0.0,0.0,280.3,1.63,53.0,1025.41,
2006,1,14,8,-0.94,88.26,39.0,8.58,38.0,282.5,1.79,64.0,1025.65,
2006,1,14,9,0.01,85.28,132.35,216.37,81.2,284.7,1.94,74.0,1025.88,
2006,1,14,10,0.68,79.31,197.0,130.37,155.0,281.48,1.83,88.0,1025.58,
2006,1,14,11,1.34,73.35,183.0,43.49,167.0,278.27,1.71,101.0,1025.28,
2006,1,14,12,2.01,67.38,122.0,2.7,121.0,275.05,1.6,114.0,1024.99,
2006,1,14,13,1.33,70.24,75.0,0.0,75.0,270.57,1.43,92.0,1025.35,
2006,1,14,14,0.65,73.09,40.0,0.0,40.0,266.08,1.25,70.0,1025.71,
2006,1,14,15,-0.02,75.95,20.0,0.0,20.0,261.6,1.08,48.0,1026.07,
2006,1,14,16,-0.68,77.84,0.0,0.0,0.0,253.73,1.14,42.0,1026.01,
2006,1,14,17,-1.34,79.73,0.0,0.0,0.0,245.87,1.2,37.0,1025.94,
2006,1,14,18,-2.0,81.62,0.0,0.0,0.0,238.0,1.27,32.0,1025.88,
2006,1,14,19,-2.45,82.71,0.0,0.0,0.0,233.45,1.26,33.0,1025.98,
2006,1,14,20,-2.91,83.81,0.0,0.0,0.0,228.9,1.25,34.0,1026.07,
2006,1,14,21,-3.36,84.9,0.0,0.0,0.0,224.35,1.24,35.0,1026.17,
2006,1,14,22,-3.59,85.55,0.0,0.0,0.0,221.35,1.2,35.0,1026.17,
2006,1,14,23,-3.81,86.2,0.0,0.0,0.0,218.35,1.16,35.0,1026.17,
2006,1,15,0,-4.04,86.85,0.0,0.0,0.0,215.35,1.12,35.0,1026.17,
2006,1,15,1,-4.46,86.18,0.0,0.0,0.0,213.6,1.2,34.0,1026.34,
2006,1,15,2,-4.88,85.51,0.0,0.0,0.0,211.85,1.27,33.0,1026.5,
2006,1,15,3,-5.29,84.84,0.0,0.0,0.0,210.1,1.35,32.0,1026.67,
2006,1,15,4,-5.42,84.95,0.0,0.0,0.0,209.27,1.4,33.0,1026.5,
2006,1,15,5,-5.56,85.06,0.0,0.0,0.0,208.43,1.44,35.0,1026.34,
2006,1,15,6,-5.69,85.17,0.0,0.0,0.0,207.6,1.49,36.0,1026.17,
2006,1,15,7,-4.44,81.92,0.0,0.0,0.0,208.52,1.43,36.0,1026.21,
2006,1,15,8,-3.2,78.66,60.0,109.87,47.0,209.43,1.38,36.0,1026.24,
2006,1,15,9,-1.96,75.41,148.7,302.06,76.65,210.35,1.32,36.0,1026.27,
2006,1,15,10,-1.1,71.49,132.0,15.4,127.0,212.72,1.2,32.0,1025.81,
2006,1,15,11,-0.24,67.56,69.0,0.0,69.0,215.08,1.07,28.0,1025.35,
2006,1,15,12,0.62,63.64,63.0,0.0,63.0,217.45,0.94,25.0,1024.89,
2006,1,15,13,-0.57,68.13,60.0,0.0,60.0,225.03,1.07,20.0,1024.92,
2006,1,15,14,-1.75,72.63,45.0,0.0,45.0,232.62,1.2,16.0,1024.95,
2006,1,15,15,-2.93,77.12,26.0,0.0,26.0,240.2,1.32,12.0,1024.99,
2006,1,15,16,-3.46,78.82,0.0,0.0,0.0,238.43,1.26,15.0,1024.69,
2006,1,15,17,-3.98,80.52,0.0,0.0,0.0,236.67,1.19,18.0,1024.39,
2006,1,15,18,-4.5,82.22,0.0,0.0,0.0,234.9,1.12,21.0,1024.09,
2006,1,15,19,-4.85,83.07,0.0,0.0,0.0,233.33,1.07,20.0,1023.93,
2006,1,15,20,-5.19,83.92,0.0,0.0,0.0,231.77,1.03,19.0,1023.76,
2006,1,15,21,-5.54,84.77,0.0,0.0,0.0,230.2,0.98,18.0,1023.6,
2006,1,15,22,-5.76,85.47,0.0,0.0,0.0,227.65,0.89,19.0,1023.43,
2006,1,15,23,-5.99,86.17,0.0,0.0,0.0,225.1,0.8,19.0,1023.27,
2006,1,16,0,-6.21,86.87,0.0,0.0,0.0,222.55,0.72,20.0,1023.1,
2006,1,16,1,-6.37,84.95,0.0,0.0,0.0,221.28,0.69,21.0,1023.01,
2006,1,16,2,-6.53,83.04,0.0,0.0,0.0,220.02,0.65,22.0,1022.91,
2006,1,16,3,-6.68,81.12,0.0,0.0,0.0,218.75,0.62,24.0,1022.81,
2006,1,16,4,-6.74,81.37,0.0,0.0,0.0,215.27,0.72,27.0,1022.54,
2006,1,16,5,-6.81,81.62,0.0,0.0,0.0,211.78,0.82,31.0,1022.28,
2006,1,16,6,-6.87,81.87,0.0,0.0,0.0,208.3,0.92,34.0,1022.02,
2006,1,16,7,-5.68,78.29,0.0,0.0,0.0,209.28,0.83,26.0,1021.78,
2006,1,16,8,-4.5,74.72,33.0,0.0,33.0,210.27,0.74,17.0,1021.55,
2006,1,16,9,-3.31,71.14,140.95,247.74,81.3,211.25,0.65,8.0,1021.32,
2006,1,16,10,-2.51,69.04,68.0,0.0,68.0,212.23,0.77,344.0,1020.76,
2006,1,16,11,-1.72,66.93,46.0,0.0,46.0,213.22,0.89,320.0,1020.2,
2006,1,16,12,-0.92,64.83,50.0,0.0,50.0,214.2,1.01,295.0,1019.64,
2006,1,16,13,-1.88,69.11,41.0,0.0,41.0,214.38,1.13,296.0,1019.67,
2006,1,16,14,-2.83,73.4,28.0,0.0,28.0,214.57,1.26,296.0,1019.71,
2006,1,16,15,-3.78,77.68,17.0,0.0,17.0,214.75,1.38,297.0,1019.74,
2006,1,16,16,-4.24,78.97,0.0,0.0,0.0,212.43,1.26,309.0,1019.44,
2006,1,16,17,-4.7,80.25,0.0,0.0,0.0,210.12,1.15,321.0,1019.15,
2006,1,16,18,-5.16,81.54,0.0,0.0,0.0,207.8,1.03,333.0,1018.85,
2006,1,16,19,-5.3,81.23,0.0,0.0,0.0,208.53,0.71,314.0,1018.72,
2006,1,16,20,-5.43,80.91,0.0,0.0,0.0,209.27,0.38,296.0,1018.58,
2006,1,16,21,-5.57,80.6,0.0,0.0,0.0,210.0,0.06,277.0,1018.45,
2006,1,16,22,-5.84,81.43,0.0,0.0,0.0,209.45,0.17,231.0,1018.16,
2006,1,16,23,-6.1,82.25,0.0,0.0,0.0,208.9,0.29,185.0,1017.86,
2006,1,17,0,-6.37,83.08,0.0,0.0,0.0,208.35,0.4,138.0,1017.56,
2006,1,17,1,-6.61,79.67,0.0,0.0,0.0,207.85,0.5,140.0,1017.73,
2006,1,17,2,-6.85,76.25,0.0,0.0,0.0,207.35,0.59,141.0,1017.89,
2006,1,17,3,-7.08,72.84,0.0,0.0,0.0,206.85,0.69,143.0,1018.06,
2006,1,17,4,-7.05,73.01,0.0,0.0,0.0,207.9,0.94,143.0,1017.73,
2006,1,17,5,-7.01,73.18,0.0,0.0,0.0,208.95,1.2,143.0,1017.4,
2006,1,17,6,-6.98,73.35,0.0,0.0,0.0,210.0,1.45,143.0,1017.07,
2006,1,17,7,-5.78,71.15,0.0,0.0,0.0,211.9,1.45,147.0,1016.84,
2006,1,17,8,-4.59,68.96,33.0,0.0,33.0,213.8,1.46,152.0,1016.6,
2006,1,17,9,-3.39,66.76,128.15,197.84,80.05,215.7,1.46,156.0,1016.37,
2006,1,17,10,-2.13,64.6,82.0,0.0,82.0,217.63,1.42,159.0,1015.68,
2006,1,17,11,-0.87,62.44,64.0,0.0,64.0,219.57,1.38,162.0,1014.99,
2006,1,17,12,0.4,60.28,77.0,0.0,77.0,221.5,1.34,165.0,1014.29,
2006,1,17,13,-0.54,64.94,56.0,0.0,56.0,221.53,1.42,160.0,1013.97,
2006,1,17,14,-1.48,69.6,52.0,0.0,52.0,221.57,1.5,156.0,1013.64,
2006,1,17,15,-2.41,74.26,48.0,13.96,46.0,221.6,1.59,151.0,1013.31,
2006,1,17,16,-2.31,73.72,0.0,0.0,0.0,233.42,1.95,153.0,1012.55,
2006,1,17,17,-2.2,73.19,0.0,0.0,0.0,245.23,2.32,155.0,1011.79,
2006,1,17,18,-2.09,72.65,0.0,0.0,0.0,257.05,2.69,157.0,1011.03,
2006,1,17,19,-1.62,71.52,0.0,0.0,0.0,269.48,3.06,160.0,1010.24,
2006,1,17,20,-1.14,70.38,0.0,0.0,0.0,281.92,3.43,164.0,1009.44,
2006,1,17,21,-0.67,69.25,0.0,0.0,0.0,294.35,3.79,167.0,1008.65,
2006,1,17,22,-0.2,71.47,0.0,0.0,0.0,302.27,4.03,171.0,1007.63,
2006,1,17,23,0.27,73.7,0.0,0.0,0.0,310.18,4.27,175.0,1006.61,
2006,1,18,0,0.74,75.92,0.0,0.0,0.0,318.1,4.51,180.0,1005.58,
2006,1,18,1,0.34,80.23,0.0,0.0,0.0,313.15,4.65,179.0,1004.5,
2006,1,18,2,-0.07,84.54,0.0,0.0,0.0,308.2,4.79,178.0,1003.41,
2006,1,18,3,-0.47,88.85,0.0,0.0,0.0,303.25,4.92,177.0,1002.32,
2006,1,18,4,0.06,90.34,0.0,0.0,0.0,304.55,5.33,180.0,1001.03,
2006,1,18,5,0.6,91.82,0.0,0.0,0.0,305.85,5.74,184.0,999.74,
2006,1,18,6,1.13,93.31,0.0,0.0,0.0,307.15,6.15,187.0,998.46,
2006,1,18,7,1.8,94.03,0.0,0.0,0.0,310.08,6.34,193.0,997.67,
2006,1,18,8,2.47,94.75,21.0,0.0,21.0,313.02,6.53,200.0,996.87,
2006,1,18,9,3.14,95.47,50.0,0.0,50.0,315.95,6.72,206.0,996.08,
2006,1,18,10,3.31,96.31,54.0,0.0,54.0,318.3,6.33,215.0,995.42,
2006,1,18,11,3.48,97.16,64.0,0.0,64.0,320.65,5.94,225.0,994.76,
2006,1,18,12,3.66,98.0,71.0,0.0,71.0,323.0,5.56,234.0,994.1,
2006,1,18,13,3.04,98.23,54.0,0.0,54.0,324.45,4.22,251.0,994.07,
2006,1,18,14,2.43,98.47,41.0,0.0,41.0,325.9,2.88,268.0,994.04,
2006,1,18,15,1.82,98.7,31.0,0.0,31.0,327.35,1.54,284.0,994.0,
2006,1,18,16,1.02,98.61,0.0,0.0,0.0,325.12,1.7,292.0,994.04,
2006,1,18,17,0.23,98.51,0.0,0.0,0.0,322.88,1.85,299.0,994.07,
2006,1,18,18,-0.56,98.42,0.0,0.0,0.0,320.65,2.0,306.0,994.1,
2006,1,18,19,-0.93,97.67,0.0,0.0,0.0,316.45,2.32,300.0,994.5,
2006,1,18,20,-1.29,96.91,0.0,0.0,0.0,312.25,2.63,293.0,994.89,
2006,1,18,21,-1.66,96.16,0.0,0.0,0.0,308.05,2.95,287.0,995.29,
2006,1,18,22,-1.99,95.44,0.0,0.0,0.0,296.52,2.82,285.0,995.59,
2006,1,18,23,-2.31,94.72,0.0,0.0,0.0,284.98,2.69,283.0,995.88,
2006,1,19,0,-2.64,94.0,0.0,0.0,0.0,273.45,2.57,281.0,996.18,
2006,1,19,1,-2.4,93.9,0.0,0.0,0.0,276.73,2.49,286.0,997.24,
2006,1,19,2,-2.16,93.79,0.0,0.0,0.0,280.02,2.42,291.0,998.29,
2006,1,19,3,-1.91,93.69,0.0,0.0,0.0,283.3,2.34,296.0,999.35,
2006,1,19,4,-1.84,93.66,0.0,0.0,0.0,288.42,2.8,310.0,1000.14,
2006,1,19,5,-1.77,93.62,0.0,0.0,0.0,293.53,3.26,324.0,1000.93,
2006,1,19,6,-1.7,93.59,0.0,0.0,0.0,298.65,3.71,337.0,1001.72,
2006,1,19,7,-1.31,92.0,0.0,0.0,0.0,299.88,4.19,341.0,1003.08,
2006,1,19,8,-0.93,90.41,57.0,63.16,49.0,301.12,4.68,344.0,1004.43,
2006,1,19,9,-0.55,88.82,61.0,0.0,61.0,302.35,5.16,348.0,1005.78,
2006,1,19,10,-0.35,83.56,103.0,0.0,103.0,296.27,5.37,349.0,1006.61,
2006,1,19,11,-0.15,78.3,144.0,5.22,142.0,290.18,5.57,350.0,1007.43,
2006,1,19,12,0.05,73.04,101.0,0.0,101.0,284.1,5.78,351.0,1008.26,
2006,1,19,13,-0.35,70.94,67.0,0.0,67.0,275.88,5.45,350.0,1009.35,
2006,1,19,14,-0.75,68.83,59.0,0.0,59.0,267.67,5.13,349.0,1010.43,
2006,1,19,15,-1.14,66.73,65.0,46.48,58.0,259.45,4.8,348.0,1011.52,
2006,1,19,16,-1.73,67.58,0.0,0.0,0.0,254.43,4.46,346.0,1012.28,
2006,1,19,17,-2.31,68.43,0.0,0.0,0.0,249.42,4.12,345.0,1013.04,
2006,1,19,18,-2.89,69.28,0.0,0.0,0.0,244.4,3.78,344.0,1013.8,
2006,1,19,19,-3.27,69.57,0.0,0.0,0.0,242.45,3.55,344.0,1014.43,
2006,1,19,20,-3.64,69.87,0.0,0.0,0.0,240.5,3.32,344.0,1015.05,
2006,1,19,21,-4.02,70.16,0.0,0.0,0.0,238.55,3.09,344.0,1015.68,
2006,1,19,22,-4.25,70.46,0.0,0.0,0.0,237.88,2.85,342.0,1015.91,
2006,1,19,23,-4.48,70.75,0.0,0.0,0.0,237.22,2.6,340.0,1016.14,
2006,1,20,0,-4.71,71.05,0.0,0.0,0.0,236.55,2.36,339.0,1016.37,
2006,1,20,1,-4.93,70.79,0.0,0.0,0.0,231.15,2.17,334.0,1016.64,
2006,1,20,2,-5.15,70.52,0.0,0.0,0.0,225.75,1.99,329.0,1016.9,
2006,1,20,3,-5.37,70.26,0.0,0.0,0.0,220.35,1.81,324.0,1017.17,
2006,1,20,4,-5.33,69.67,0.0,0.0,0.0,220.13,1.62,323.0,1017.36,
2006,1,20,5,-5.29,69.08,0.0,0.0,0.0,219.92,1.44,321.0,1017.56,
2006,1,20,6,-5.25,68.49,0.0,0.0,0.0,219.7,1.26,320.0,1017.76,
2006,1,20,7,-4.45,66.55,0.0,0.0,0.0,220.68,1.14,305.0,1018.02,
2006,1,20,8,-3.65,64.61,40.0,7.75,39.0,221.67,1.02,290.0,1018.29,
2006,1,20,9,-2.85,62.67,220.0,566.04,78.0,222.65,0.9,274.0,1018.55,
2006,1,20,10,-2.23,61.61,191.0,88.62,161.0,227.45,1.09,271.0,1018.19,
2006,1,20,11,-1.62,60.55,77.0,0.0,77.0,232.25,1.29,268.0,1017.83,
2006,1,20,12,-1.0,59.49,67.0,0.0,67.0,237.05,1.49,265.0,1017.46,
2006,1,20,13,-1.03,61.99,142.0,14.25,137.0,252.95,1.15,211.0,1017.23,
2006,1,20,14,-1.05,64.49,119.7,158.71,76.8,268.85,0.82,156.0,1017.0,
2006,1,20,15,-1.07,66.99,71.0,58.31,62.0,284.75,0.48,102.0,1016.77,
2006,1,20,16,-1.03,67.02,0.0,0.0,0.0,291.18,0.77,114.0,1016.47,
2006,1,20,17,-0.98,67.06,0.0,0.0,0.0,297.62,1.06,125.0,1016.18,
2006,1,20,18,-0.94,67.09,0.0,0.0,0.0,304.05,1.35,136.0,1015.88,
2006,1,20,19,-0.96,67.31,0.0,0.0,0.0,302.13,1.57,140.0,1015.38,
2006,1,20,20,-0.99,67.53,0.0,0.0,0.0,300.22,1.78,144.0,1014.89,
2006,1,20,21,-1.01,67.75,0.0,0.0,0.0,298.3,2.0,149.0,1014.39,
2006,1,20,22,-1.09,68.68,0.0,0.0,0.0,289.47,2.13,148.0,1013.87,
2006,1,20,23,-1.16,69.62,0.0,0.0,0.0,280.63,2.26,147.0,1013.34,
2006,1,21,0,-1.24,70.55,0.0,0.0,0.0,271.8,2.39,146.0,1012.81,
2006,1,21,1,-1.51,72.08,0.0,0.0,0.0,266.7,2.49,148.0,1012.22,
2006,1,21,2,-1.79,73.61,0.0,0.0,0.0,261.6,2.59,150.0,1011.62,
2006,1,21,3,-2.06,75.14,0.0,0.0,0.0,256.5,2.69,151.0,1011.03,
2006,1,21,4,-2.09,76.24,0.0,0.0,0.0,254.13,2.55,159.0,1010.47,
2006,1,21,5,-2.13,77.35,0.0,0.0,0.0,251.77,2.4,166.0,1009.91,
2006,1,21,6,-2.16,78.45,0.0,0.0,0.0,249.4,2.26,174.0,1009.35,
2006,1,21,7,-1.11,76.93,0.0,0.0,0.0,250.32,2.49,190.0,1009.21,
2006,1,21,8,-0.07,75.42,89.0,304.16,49.0,251.23,2.71,206.0,1009.08,
2006,1,21,9,0.98,73.9,31.0,0.0,31.0,252.15,2.94,223.0,1008.95,
2006,1,21,10,1.58,75.09,45.0,0.0,45.0,259.55,2.96,234.0,1008.78,
2006,1,21,11,2.17,76.28,142.0,5.14,140.0,266.95,2.98,245.0,1008.62,
2006,1,21,12,2.77,77.47,220.0,78.71,189.0,274.35,3.01,257.0,1008.45,
2006,1,21,13,2.11,80.98,361.0,860.33,56.0,267.27,2.62,255.0,1008.92,
2006,1,21,14,1.46,84.5,265.0,791.58,48.0,260.18,2.23,254.0,1009.38,
2006,1,21,15,0.81,88.01,130.0,568.93,40.0,253.1,1.85,253.0,1009.84,
2006,1,21,16,0.21,88.5,0.0,0.0,0.0,246.55,1.81,245.0,1009.64,
2006,1,21,17,-0.38,89.0,0.0,0.0,0.0,240.0,1.77,238.0,1009.44,
2006,1,21,18,-0.98,89.49,0.0,0.0,0.0,233.45,1.72,231.0,1009.25,
2006,1,21,19,-1.45,90.25,0.0,0.0,0.0,234.98,1.62,227.0,1009.18,
2006,1,21,20,-1.92,91.0,0.0,0.0,0.0,236.52,1.51,224.0,1009.11,
2006,1,21,21,-2.39,91.76,0.0,0.0,0.0,238.05,1.41,220.0,1009.05,
2006,1,21,22,-2.4,91.84,0.0,0.0,0.0,242.67,1.49,222.0,1009.05,
2006,1,21,23,-2.4,91.92,0.0,0.0,0.0,247.28,1.56,224.0,1009.05,
2006,1,22,0,-2.41,92.0,0.0,0.0,0.0,251.9,1.64,226.0,1009.05,
2006,1,22,1,-2.31,91.27,0.0,0.0,0.0,255.63,1.8,231.0,1009.35,
2006,1,22,2,-2.21,90.54,0.0,0.0,0.0,259.37,1.95,236.0,1009.64,
2006,1,22,3,-2.11,89.81,0.0,0.0,0.0,263.1,2.11,240.0,1009.94,
2006,1,22,4,-2.11,90.33,0.0,0.0,0.0,265.12,1.87,255.0,1010.1,
2006,1,22,5,-2.11,90.85,0.0,0.0,0.0,267.13,1.62,270.0,1010.27,
2006,1,22,6,-2.11,91.37,0.0,0.0,0.0,269.15,1.38,285.0,1010.43,
2006,1,22,7,-1.17,89.46,0.0,0.0,0.0,274.88,1.56,312.0,1010.83,
2006,1,22,8,-0.23,87.55,61.0,67.12,52.0,280.62,1.75,339.0,1011.23,
2006,1,22,9,0.71,85.64,104.0,19.49,99.0,286.35,1.93,6.0,1011.62,
2006,1,22,10,0.55,83.38,74.0,0.0,74.0,288.73,2.69,11.0,1011.85,
2006,1,22,11,0.38,81.12,71.0,0.0,71.0,291.12,3.46,16.0,1012.08,
2006,1,22,12,0.22,78.86,62.0,0.0,62.0,293.5,4.22,21.0,1012.32,
2006,1,22,13,-0.65,77.18,59.0,0.0,59.0,294.83,4.33,19.0,1012.91,
2006,1,22,14,-1.51,75.49,30.0,0.0,30.0,296.17,4.44,18.0,1013.5,
2006,1,22,15,-2.37,73.81,21.0,0.0,21.0,297.5,4.55,16.0,1014.1,
2006,1,22,16,-3.65,70.51,0.0,0.0,0.0,296.82,4.82,17.0,1014.89,
2006,1,22,17,-4.93,67.2,0.0,0.0,0.0,296.13,5.09,18.0,1015.68,
2006,1,22,18,-6.21,63.9,0.0,0.0,0.0,295.45,5.35,19.0,1016.47,
2006,1,22,19,-6.94,61.28,0.0,0.0,0.0,293.4,5.39,20.0,1017.03,
2006,1,22,20,-7.68,58.66,0.0,0.0,0.0,291.35,5.43,20.0,1017.59,
2006,1,22,21,-8.41,56.04,0.0,0.0,0.0,289.3,5.46,20.0,1018.16,
2006,1,22,22,-8.7,54.93,0.0,0.0,0.0,285.02,5.4,21.0,1018.52,
2006,1,22,23,-9.0,53.82,0.0,0.0,0.0,280.73,5.34,21.0,1018.88,
2006,1,23,0,-9.29,52.71,0.0,0.0,0.0,276.45,5.28,22.0,1019.24,
2006,1,23,1,-9.63,54.09,0.0,0.0,0.0,270.27,5.09,22.0,1019.67,
2006,1,23,2,-9.98,55.48,0.0,0.0,0.0,264.08,4.9,21.0,1020.1,
2006,1,23,3,-10.32,56.86,0.0,0.0,0.0,257.9,4.7,21.0,1020.53,
2006,1,23,4,-10.33,57.19,0.0,0.0,0.0,263.55,4.56,22.0,1021.19,
2006,1,23,5,-10.35,57.51,0.0,0.0,0.0,269.2,4.41,23.0,1021.85,
2006,1,23,6,-10.36,57.84,0.0,0.0,0.0,274.85,4.26,24.0,1022.51,
2006,1,23,7,-9.73,57.16,0.0,0.0,0.0,274.63,4.01,26.0,1023.4,
2006,1,23,8,-9.1,56.49,43.0,7.31,42.0,274.42,3.77,28.0,1024.29,
2006,1,23,9,-8.47,55.81,165.0,169.51,121.0,274.2,3.52,30.0,1025.18,
2006,1,23,10,-7.83,54.4,169.0,40.21,155.0,274.22,3.42,30.0,1025.45,
2006,1,23,11,-7.19,52.98,158.0,10.09,154.0,274.23,3.32,30.0,1025.71,
2006,1,23,12,-6.54,51.57,84.0,0.0,84.0,274.25,3.23,31.0,1025.98,
2006,1,23,13,-6.55,54.66,65.0,0.0,65.0,264.55,3.11,27.0,1026.67,
2006,1,23,14,-6.55,57.76,112.0,14.18,108.0,254.85,3.0,24.0,1027.36,
2006,1,23,15,-6.55,60.85,111.0,271.0,66.0,245.15,2.88,20.0,1028.05,
2006,1,23,16,-7.04,59.87,0.0,0.0,0.0,244.22,3.13,22.0,1028.42,
2006,1,23,17,-7.52,58.88,0.0,0.0,0.0,243.28,3.37,24.0,1028.78,
2006,1,23,18,-8.01,57.9,0.0,0.0,0.0,242.35,3.61,26.0,1029.14,
2006,1,23,19,-8.41,57.41,0.0,0.0,0.0,241.85,3.43,27.0,1029.44,
2006,1,23,20,-8.82,56.92,0.0,0.0,0.0,241.35,3.24,28.0,1029.74,
2006,1,23,21,-9.22,56.43,0.0,0.0,0.0,240.85,3.05,30.0,1030.03,
2006,1,23,22,-9.56,56.05,0.0,0.0,0.0,236.18,2.96,31.0,1030.26,
2006,1,23,23,-9.89,55.66,0.0,0.0,0.0,231.52,2.86,32.0,1030.5,
2006,1,24,0,-10.23,55.28,0.0,0.0,0.0,226.85,2.77,33.0,1030.73,
2006,1,24,1,-10.59,57.15,0.0,0.0,0.0,219.37,2.59,32.0,1031.09,
2006,1,24,2,-10.95,59.03,0.0,0.0,0.0,211.88,2.4,30.0,1031.45,
2006,1,24,3,-11.3,60.9,0.0,0.0,0.0,204.4,2.22,29.0,1031.82,
2006,1,24,4,-11.33,62.29,0.0,0.0,0.0,206.47,2.34,36.0,1031.85,
2006,1,24,5,-11.35,63.69,0.0,0.0,0.0,208.53,2.46,43.0,1031.88,
2006,1,24,6,-11.38,65.08,0.0,0.0,0.0,210.6,2.58,51.0,1031.91,
2006,1,24,7,-10.45,63.42,0.0,0.0,0.0,208.42,2.46,58.0,1032.11,
2006,1,24,8,-9.52,61.75,108.0,479.97,41.0,206.23,2.35,66.0,1032.31,
2006,1,24,9,-8.59,60.09,239.0,635.73,72.0,204.05,2.23,73.0,1032.51,
2006,1,24,10,-7.63,56.86,334.0,671.28,98.0,200.82,2.11,68.0,1032.11,
2006,1,24,11,-6.68,53.62,387.0,689.71,111.0,197.58,1.98,62.0,1031.72,
2006,1,24,12,-5.72,50.39,399.0,735.47,101.0,194.35,1.85,56.0,1031.32,
2006,1,24,13,-5.78,51.98,353.0,707.13,94.0,193.03,1.82,55.0,1031.52,
2006,1,24,14,-5.84,53.57,263.0,653.67,76.0,191.72,1.78,53.0,1031.72,
2006,1,24,15,-5.9,55.16,137.0,517.43,49.0,190.4,1.75,52.0,1031.91,
2006,1,24,16,-6.76,58.31,0.0,0.0,0.0,189.02,1.77,37.0,1031.42,
2006,1,24,17,-7.61,61.47,0.0,0.0,0.0,187.63,1.79,22.0,1030.92,
2006,1,24,18,-8.47,64.62,0.0,0.0,0.0,186.25,1.81,7.0,1030.43,
2006,1,24,19,-9.0,66.09,0.0,0.0,0.0,186.72,1.82,8.0,1030.17,
2006,1,24,20,-9.53,67.56,0.0,0.0,0.0,187.18,1.83,10.0,1029.9,
2006,1,24,21,-10.06,69.03,0.0,0.0,0.0,187.65,1.85,11.0,1029.64,
2006,1,24,22,-10.25,69.36,0.0,0.0,0.0,187.82,1.7,13.0,1029.24,
2006,1,24,23,-10.44,69.68,0.0,0.0,0.0,187.98,1.55,14.0,1028.85,
2006,1,25,0,-10.63,70.01,0.0,0.0,0.0,188.15,1.41,16.0,1028.45,
2006,1,25,1,-11.3,74.71,0.0,0.0,0.0,185.33,1.43,20.0,1028.22,
2006,1,25,2,-11.98,79.41,0.0,0.0,0.0,182.52,1.44,25.0,1027.99,
2006,1,25,3,-12.65,84.11,0.0,0.0,0.0,179.7,1.46,30.0,1027.76,
2006,1,25,4,-12.62,83.96,0.0,0.0,0.0,180.18,1.38,343.0,1027.06,
2006,1,25,5,-12.6,83.81,0.0,0.0,0.0,180.67,1.3,296.0,1026.37,
2006,1,25,6,-12.57,83.66,0.0,0.0,0.0,181.15,1.21,249.0,1025.68,
2006,1,25,7,-11.09,78.02,0.0,0.0,0.0,182.47,0.94,259.0,1025.25,
2006,1,25,8,-9.62,72.39,110.0,470.17,43.0,183.78,0.67,270.0,1024.82,
2006,1,25,9,-8.14,66.75,238.0,601.71,78.0,185.1,0.4,280.0,1024.39,
2006,1,25,10,-7.11,61.95,330.0,622.41,109.0,186.25,0.44,302.0,1023.37,
2006,1,25,11,-6.08,57.16,357.0,502.57,154.0,187.4,0.47,323.0,1022.35,
2006,1,25,12,-5.05,52.36,339.0,398.4,176.0,188.55,0.51,345.0,1021.32,
2006,1,25,13,-5.65,53.86,272.0,264.62,174.0,187.82,0.61,38.0,1020.86,
2006,1,25,14,-6.24,55.36,207.0,261.9,131.0,187.08,0.7,92.0,1020.4,
2006,1,25,15,-6.83,56.86,129.0,373.24,64.0,186.35,0.8,145.0,1019.94,
2006,1,25,16,-7.61,60.22,0.0,0.0,0.0,186.12,0.9,131.0,1019.34,
2006,1,25,17,-8.38,63.58,0.0,0.0,0.0,185.88,1.0,117.0,1018.75,
2006,1,25,18,-9.16,66.94,0.0,0.0,0.0,185.65,1.1,104.0,1018.16,
2006,1,25,19,-9.64,67.85,0.0,0.0,0.0,186.08,1.35,102.0,1017.76,
2006,1,25,20,-10.12,68.75,0.0,0.0,0.0,186.52,1.59,100.0,1017.36,
2006,1,25,21,-10.6,69.66,0.0,0.0,0.0,186.95,1.83,98.0,1016.97,
2006,1,25,22,-10.82,69.63,0.0,0.0,0.0,187.03,1.93,96.0,1016.93,
2006,1,25,23,-11.03,69.6,0.0,0.0,0.0,187.12,2.02,95.0,1016.9,
2006,1,26,0,-11.25,69.57,0.0,0.0,0.0,187.2,2.11,93.0,1016.87,
2006,1,26,1,-11.58,68.97,0.0,0.0,0.0,185.85,2.29,95.0,1016.93,
2006,1,26,2,-11.92,68.38,0.0,0.0,0.0,184.5,2.47,96.0,1017.0,
2006,1,26,3,-12.25,67.78,0.0,0.0,0.0,183.15,2.65,98.0,1017.07,
2006,1,26,4,-12.25,66.19,0.0,0.0,0.0,183.12,2.69,97.0,1016.77,
2006,1,26,5,-12.24,64.6,0.0,0.0,0.0,183.08,2.73,96.0,1016.47,
2006,1,26,6,-12.24,63.01,0.0,0.0,0.0,183.05,2.77,95.0,1016.18,
2006,1,26,7,-10.51,57.76,0.0,0.0,0.0,184.33,2.51,99.0,1016.31,
2006,1,26,8,-8.78,52.5,115.0,494.79,43.0,185.62,2.25,104.0,1016.44,
2006,1,26,9,-7.05,47.25,250.0,679.73,67.0,186.9,1.99,108.0,1016.57,
2006,1,26,10,-5.63,43.35,343.0,688.64,96.0,188.37,1.62,108.0,1016.51,
2006,1,26,11,-4.22,39.44,398.0,708.73,109.0,189.83,1.25,108.0,1016.44,
2006,1,26,12,-2.8,35.54,408.0,738.21,103.0,191.3,0.88,108.0,1016.37,
2006,1,26,13,-3.42,41.27,358.0,686.28,101.0,191.18,0.95,93.0,1016.64,
2006,1,26,14,-4.04,47.01,266.0,611.47,86.0,191.07,1.02,78.0,1016.9,
2006,1,26,15,-4.66,52.74,142.0,487.98,55.0,190.95,1.09,64.0,1017.17,
2006,1,26,16,-5.76,55.5,0.0,0.0,0.0,190.92,1.22,66.0,1017.43,
2006,1,26,17,-6.86,58.27,0.0,0.0,0.0,190.88,1.35,69.0,1017.69,
2006,1,26,18,-7.96,61.03,0.0,0.0,0.0,190.85,1.48,71.0,1017.96,
2006,1,26,19,-8.54,62.79,0.0,0.0,0.0,190.9,1.73,78.0,1018.25,
2006,1,26,20,-9.12,64.56,0.0,0.0,0.0,190.95,1.98,85.0,1018.55,
2006,1,26,21,-9.7,66.32,0.0,0.0,0.0,191.0,2.23,91.0,1018.85,
2006,1,26,22,-10.05,67.62,0.0,0.0,0.0,191.25,2.16,96.0,1019.15,
2006,1,26,23,-10.4,68.91,0.0,0.0,0.0,191.5,2.08,100.0,1019.44,
2006,1,27,0,-10.75,70.21,0.0,0.0,0.0,191.75,2.0,104.0,1019.74,
2006,1,27,1,-10.81,69.94,0.0,0.0,0.0,192.27,2.03,106.0,1019.97,
2006,1,27,2,-10.87,69.67,0.0,0.0,0.0,192.78,2.06,108.0,1020.2,
2006,1,27,3,-10.92,69.4,0.0,0.0,0.0,193.3,2.1,109.0,1020.43,
2006,1,27,4,-11.05,68.97,0.0,0.0,0.0,192.92,2.21,110.0,1020.53,
2006,1,27,5,-11.17,68.55,0.0,0.0,0.0,192.53,2.33,110.0,1020.63,
2006,1,27,6,-11.3,68.12,0.0,0.0,0.0,192.15,2.44,111.0,1020.73,
2006,1,27,7,-9.61,63.55,0.0,0.0,0.0,193.22,2.4,111.0,1020.99,
2006,1,27,8,-7.92,58.97,118.0,497.87,44.0,194.28,2.37,112.0,1021.26,
2006,1,27,9,-6.23,54.4,254.0,682.21,68.0,195.35,2.33,112.0,1021.52,
2006,1,27,10,-4.64,49.96,347.0,692.66,96.0,197.55,1.92,113.0,1021.26,
2006,1,27,11,-3.05,45.51,404.0,723.83,106.0,199.75,1.51,113.0,1020.99,
2006,1,27,12,-1.45,41.07,410.0,726.15,107.0,201.95,1.1,113.0,1020.73,
2006,1,27,13,-1.61,42.99,363.0,686.57,103.0,202.65,1.21,115.0,1020.7,
2006,1,27,14,-1.77,44.91,276.0,653.02,81.0,203.35,1.32,116.0,1020.66,
2006,1,27,15,-1.92,46.83,157.0,630.23,42.0,204.05,1.43,118.0,1020.63,
2006,1,27,16,-3.31,51.96,0.0,0.0,0.0,202.03,1.37,109.0,1020.73,
2006,1,27,17,-4.69,57.1,0.0,0.0,0.0,200.02,1.3,101.0,1020.83,
2006,1,27,18,-6.08,62.23,0.0,0.0,0.0,198.0,1.23,92.0,1020.93,
2006,1,27,19,-7.05,66.19,0.0,0.0,0.0,199.0,1.33,94.0,1021.03,
2006,1,27,20,-8.02,70.14,0.0,0.0,0.0,200.0,1.44,96.0,1021.12,
2006,1,27,21,-8.99,74.1,0.0,0.0,0.0,201.0,1.54,99.0,1021.22,
2006,1,27,22,-9.37,75.23,0.0,0.0,0.0,202.67,1.48,100.0,1021.26,
2006,1,27,23,-9.75,76.35,0.0,0.0,0.0,204.33,1.42,101.0,1021.29,
2006,1,28,0,-10.13,77.48,0.0,0.0,0.0,206.0,1.35,102.0,1021.32,
2006,1,28,1,-10.27,77.66,0.0,0.0,0.0,208.13,1.24,105.0,1021.45,
2006,1,28,2,-10.41,77.83,0.0,0.0,0.0,210.27,1.12,107.0,1021.59,
2006,1,28,3,-10.55,78.01,0.0,0.0,0.0,212.4,1.01,110.0,1021.72,
2006,1,28,4,-10.59,77.64,0.0,0.0,0.0,213.87,1.06,113.0,1021.62,
2006,1,28,5,-10.63,77.27,0.0,0.0,0.0,215.33,1.12,116.0,1021.52,
2006,1,28,6,-10.67,76.9,0.0,0.0,0.0,216.8,1.17,120.0,1021.42,
2006,1,28,7,-8.4,70.97,0.0,0.0,0.0,217.77,1.25,126.0,1021.65,
2006,1,28,8,-6.14,65.03,128.0,612.43,35.0,218.73,1.32,133.0,1021.88,
2006,1,28,9,-3.88,59.1,263.0,738.7,59.0,219.7,1.39,139.0,1022.11,
2006,1,28,10,-2.22,54.48,356.0,721.0,92.0,221.08,1.12,136.0,1021.92,
2006,1,28,11,-0.56,49.87,416.0,769.76,96.0,222.47,0.84,134.0,1021.72,
2006,1,28,12,1.11,45.25,418.0,742.68,105.0,223.85,0.57,131.0,1021.52,
2006,1,28,13,0.42,51.16,370.0,705.01,100.0,239.78,0.62,107.0,1021.19,
2006,1,28,14,-0.27,57.07,129.0,23.11,122.0,255.72,0.67,83.0,1020.86,
2006,1,28,15,-0.95,62.98,45.0,0.0,45.0,271.65,0.72,60.0,1020.53,
2006,1,28,16,-1.92,66.29,1.0,23.64,0.0,267.3,0.8,70.0,1020.56,
2006,1,28,17,-2.88,69.61,0.0,0.0,0.0,262.95,0.88,80.0,1020.6,
2006,1,28,18,-3.84,72.92,0.0,0.0,0.0,258.6,0.97,90.0,1020.63,
2006,1,28,19,-4.44,74.77,0.0,0.0,0.0,255.78,0.86,90.0,1020.89,
2006,1,28,20,-5.05,76.63,0.0,0.0,0.0,252.97,0.75,91.0,1021.16,
2006,1,28,21,-5.65,78.48,0.0,0.0,0.0,250.15,0.65,92.0,1021.42,
2006,1,28,22,-5.68,77.97,0.0,0.0,0.0,256.1,0.71,93.0,1021.32,
2006,1,28,23,-5.71,77.45,0.0,0.0,0.0,262.05,0.78,94.0,1021.22,
2006,1,29,0,-5.74,76.94,0.0,0.0,0.0,268.0,0.84,95.0,1021.12,
2006,1,29,1,-4.41,70.55,0.0,0.0,0.0,278.77,0.72,85.0,1020.96,
2006,1,29,2,-3.08,64.17,0.0,0.0,0.0,289.53,0.6,76.0,1020.79,
2006,1,29,3,-1.74,57.78,0.0,0.0,0.0,300.3,0.48,66.0,1020.63,
2006,1,29,4,-1.76,60.05,0.0,0.0,0.0,299.27,0.55,72.0,1020.47,
2006,1,29,5,-1.78,62.32,0.0,0.0,0.0,298.23,0.62,78.0,1020.3,
2006,1,29,6,-1.8,64.59,0.0,0.0,0.0,297.2,0.69,84.0,1020.14,
2006,1,29,7,-0.77,63.61,0.0,0.0,0.0,292.2,0.57,67.0,1020.4,
2006,1,29,8,0.25,62.62,59.0,19.33,56.0,287.2,0.44,50.0,1020.66,
2006,1,29,9,1.28,61.64,108.0,10.72,105.0,282.2,0.32,33.0,1020.93,
2006,1,29,10,1.97,60.18,163.0,21.62,155.0,278.48,0.67,22.0,1020.73,
2006,1,29,11,2.66,58.72,208.0,40.49,191.0,274.77,1.03,10.0,1020.53,
2006,1,29,12,3.35,57.26,223.0,56.38,199.0,271.05,1.38,358.0,1020.33,
2006,1,29,13,2.67,60.24,267.0,203.97,188.0,272.0,1.38,9.0,1020.23,
2006,1,29,14,1.99,63.23,175.0,100.89,144.0,272.95,1.39,20.0,1020.14,
2006,1,29,15,1.31,66.21,169.0,675.38,40.0,273.9,1.39,30.0,1020.04,
2006,1,29,16,0.3,69.83,2.0,0.0,2.0,268.97,1.4,33.0,1020.17,
2006,1,29,17,-0.7,73.46,0.0,0.0,0.0,264.03,1.41,36.0,1020.3,
2006,1,29,18,-1.71,77.08,0.0,0.0,0.0,259.1,1.42,40.0,1020.43,
2006,1,29,19,-2.16,78.06,0.0,0.0,0.0,255.48,1.41,38.0,1020.76,
2006,1,29,20,-2.62,79.05,0.0,0.0,0.0,251.87,1.39,36.0,1021.09,
2006,1,29,21,-3.07,80.03,0.0,0.0,0.0,248.25,1.38,35.0,1021.42,
2006,1,29,22,-3.38,80.52,0.0,0.0,0.0,245.28,1.37,34.0,1021.29,
2006,1,29,23,-3.69,81.02,0.0,0.0,0.0,242.32,1.36,33.0,1021.16,
2006,1,30,0,-4.0,81.51,0.0,0.0,0.0,239.35,1.35,32.0,1021.03,
2006,1,30,1,-3.5,76.67,0.0,0.0,0.0,253.28,1.21,25.0,1020.99,
2006,1,30,2,-3.01,71.82,0.0,0.0,0.0,267.22,1.07,19.0,1020.96,
2006,1,30,3,-2.51,66.98,0.0,0.0,0.0,281.15,0.92,13.0,1020.93,
2006,1,30,4,-2.58,67.19,0.0,0.0,0.0,281.62,0.82,14.0,1020.63,
2006,1,30,5,-2.66,67.41,0.0,0.0,0.0,282.08,0.71,14.0,1020.33,
2006,1,30,6,-2.73,67.62,0.0,0.0,0.0,282.55,0.61,15.0,1020.04,
2006,1,30,7,-1.67,65.49,0.0,0.0,0.0,278.62,0.61,14.0,1019.9,
2006,1,30,8,-0.61,63.37,135.0,624.22,36.0,274.68,0.62,13.0,1019.77,
2006,1,30,9,0.45,61.24,278.0,811.34,48.0,270.75,0.62,12.0,1019.64,
2006,1,30,10,1.33,58.83,375.0,799.46,76.0,264.32,0.89,5.0,1019.11,
2006,1,30,11,2.21,56.41,432.0,818.42,85.0,257.88,1.16,358.0,1018.58,
2006,1,30,12,3.09,54.0,439.0,823.19,85.0,251.45,1.43,351.0,1018.06,
2006,1,30,13,1.68,61.7,380.0,709.68,102.0,245.57,1.5,339.0,1017.79,
2006,1,30,14,0.28,69.41,297.0,715.49,74.0,239.68,1.57,326.0,1017.53,
2006,1,30,15,-1.12,77.11,170.0,639.91,45.0,233.8,1.64,314.0,1017.26,
2006,1,30,16,-2.11,80.46,3.0,0.0,3.0,232.7,1.77,313.0,1016.87,
2006,1,30,17,-3.1,83.81,0.0,0.0,0.0,231.6,1.9,312.0,1016.47,
2006,1,30,18,-4.09,87.16,0.0,0.0,0.0,230.5,2.03,311.0,1016.08,
2006,1,30,19,-4.34,87.3,0.0,0.0,0.0,230.1,1.74,305.0,1015.81,
2006,1,30,20,-4.59,87.43,0.0,0.0,0.0,229.7,1.45,299.0,1015.55,
2006,1,30,21,-4.84,87.57,0.0,0.0,0.0,229.3,1.16,294.0,1015.28,
2006,1,30,22,-4.97,89.12,0.0,0.0,0.0,235.32,1.26,278.0,1014.82,
2006,1,30,23,-5.11,90.66,0.0,0.0,0.0,241.33,1.36,261.0,1014.36,
2006,1,31,0,-5.24,92.21,0.0,0.0,0.0,247.35,1.46,245.0,1013.9,
2006,1,31,1,-4.46,92.31,0.0,0.0,0.0,259.27,1.57,244.0,1013.6,
2006,1,31,2,-3.68,92.41,0.0,0.0,0.0,271.18,1.68,243.0,1013.31,
2006,1,31,3,-2.9,92.51,0.0,0.0,0.0,283.1,1.79,242.0,1013.01,
2006,1,31,4,-2.96,93.91,0.0,0.0,0.0,280.63,1.7,242.0,1012.61,
2006,1,31,5,-3.02,95.32,0.0,0.0,0.0,278.17,1.61,243.0,1012.22,
2006,1,31,6,-3.08,96.72,0.0,0.0,0.0,275.7,1.52,243.0,1011.82,
2006,1,31,7,-2.36,94.1,0.0,0.0,0.0,278.17,1.34,253.0,1011.92,
2006,1,31,8,-1.65,91.47,29.0,0.0,29.0,280.63,1.16,264.0,1012.02,
2006,1,31,9,-0.94,88.85,34.0,0.0,34.0,283.1,0.98,274.0,1012.12,
2006,1,31,10,-0.33,85.23,71.0,0.0,71.0,285.35,1.11,278.0,1011.89,
2006,1,31,11,0.28,81.6,51.0,0.0,51.0,287.6,1.24,282.0,1011.66,
2006,1,31,12,0.9,77.98,75.0,0.0,75.0,289.85,1.37,285.0,1011.42,
2006,1,31,13,0.42,76.21,55.0,0.0,55.0,285.02,1.37,305.0,1011.66,
2006,1,31,14,-0.06,74.43,56.0,0.0,56.0,280.18,1.37,326.0,1011.89,
2006,1,31,15,-0.53,72.66,42.0,0.0,42.0,275.35,1.38,346.0,1012.12,
2006,1,31,16,-1.1,75.32,3.0,0.0,3.0,272.0,1.6,346.0,1012.28,
2006,1,31,17,-3.36,80.34,0.0,0.0,0.0,257.88,1.41,347.0,1012.45,
2006,1,31,18,-3.1,81.56,0.0,0.0,0.0,262.07,1.48,348.0,1012.61,
2006,1,31,19,-2.85,82.77,0.0,0.0,0.0,266.26,1.56,339.0,1012.81,
2006,1,31,20,-2.59,83.98,0.0,0.0,0.0,270.45,1.63,331.0,1013.01,
2006,1,31,21,-2.33,85.19,0.0,0.0,0.0,274.64,1.7,322.0,1013.21,
2006,1,31,22,-2.08,86.4,0.0,0.0,0.0,278.83,1.78,309.0,1013.37,
2006,1,31,23,-1.82,87.61,0.0,0.0,0.0,283.02,1.85,297.0,1013.54,
2005,2,1,0,-1.57,88.83,0.0,0.0,0.0,287.21,1.92,284.0,1013.7,
2005,2,1,1,-1.31,90.04,0.0,0.0,0.0,291.4,2.0,268.0,997.6,
2005,2,1,2,-1.05,91.25,0.0,0.0,0.0,295.6,2.07,272.0,997.43,
2005,2,1,3,-0.8,92.46,0.0,0.0,0.0,299.79,2.14,277.0,997.27,
2005,2,1,4,-0.54,93.67,0.0,0.0,0.0,303.98,2.22,279.0,997.14,
2005,2,1,5,-0.28,94.89,0.0,0.0,0.0,308.17,2.29,280.0,997.01,
2005,2,1,6,-0.03,96.1,0.0,0.0,0.0,312.36,2.36,282.0,996.87,
2005,2,1,7,0.23,97.31,0.0,0.0,0.0,316.55,2.44,291.0,997.24,
2005,2,1,8,0.49,98.52,8.0,0.0,8.0,320.74,2.51,300.0,997.6,
2005,2,1,9,0.96,92.97,49.0,0.0,49.0,313.75,1.88,308.0,997.96,
2005,2,1,10,1.06,91.34,46.0,0.0,46.0,313.1,2.14,318.0,998.23,
2005,2,1,11,1.15,89.71,46.0,0.0,46.0,312.45,2.41,328.0,998.49,
2005,2,1,12,1.24,88.08,40.0,0.0,40.0,311.8,2.68,338.0,998.75,
2005,2,1,13,0.88,87.17,37.0,0.0,37.0,311.03,2.69,346.0,999.84,
2005,2,1,14,0.53,86.25,30.0,0.0,30.0,310.27,2.69,355.0,1000.93,
2005,2,1,15,0.17,85.34,31.0,0.0,31.0,309.5,2.7,3.0,1002.02,
2005,2,1,16,-0.73,87.23,6.0,0.0,6.0,308.12,2.35,4.0,1002.48,
2005,2,1,17,-1.63,89.13,0.0,0.0,0.0,306.73,2.0,5.0,1002.94,
2005,2,1,18,-2.53,91.02,0.0,0.0,0.0,305.35,1.64,7.0,1003.41,
2005,2,1,19,-3.37,91.13,0.0,0.0,0.0,300.38,1.67,360.0,1004.0,
2005,2,1,20,-4.21,91.25,0.0,0.0,0.0,295.42,1.7,353.0,1004.59,
2005,2,1,21,-5.05,91.36,0.0,0.0,0.0,290.45,1.72,346.0,1005.19,
2005,2,1,22,-5.45,91.09,0.0,0.0,0.0,286.17,1.76,349.0,1005.55,
2005,2,1,23,-5.84,90.81,0.0,0.0,0.0,281.88,1.79,351.0,1005.91,
2005,2,2,0,-6.24,90.54,0.0,0.0,0.0,277.6,1.82,353.0,1006.28,
2005,2,2,1,-7.77,89.95,0.0,0.0,0.0,258.77,1.85,0.0,1006.67,
2005,2,2,2,-9.31,89.36,0.0,0.0,0.0,239.93,1.88,7.0,1007.07,
2005,2,2,3,-10.85,88.77,0.0,0.0,0.0,221.1,1.9,13.0,1007.47,
2005,2,2,4,-10.56,88.54,0.0,0.0,0.0,221.0,1.67,28.0,1007.86,
2005,2,2,5,-10.27,88.31,0.0,0.0,0.0,220.9,1.44,42.0,1008.26,
2005,2,2,6,-9.98,88.08,0.0,0.0,0.0,220.8,1.21,56.0,1008.65,
2005,2,2,7,-8.55,84.56,0.0,0.0,0.0,221.57,1.07,103.0,1008.95,
2005,2,2,8,-7.12,81.03,8.0,0.0,8.0,222.33,0.92,150.0,1009.25,
2005,2,2,9,-5.69,77.51,91.0,6.78,89.0,223.1,0.77,196.0,1009.54,
2005,2,2,10,-3.92,75.06,68.0,0.0,68.0,225.25,0.9,212.0,1009.18,
2005,2,2,11,-2.15,72.62,131.0,0.0,131.0,227.4,1.02,227.0,1008.82,
2005,2,2,12,-0.39,70.17,40.0,0.0,40.0,229.55,1.14,243.0,1008.45,
2005,2,2,13,-0.67,74.24,46.0,0.0,46.0,227.78,1.32,241.0,1008.42,
2005,2,2,14,-0.95,78.3,66.0,0.0,66.0,226.02,1.5,239.0,1008.39,
2005,2,2,15,-1.23,82.37,35.0,0.0,35.0,224.25,1.68,237.0,1008.36,
2005,2,2,16,-2.88,85.41,43.0,63.05,39.0,221.48,1.74,229.0,1008.45,
2005,2,2,17,-4.52,88.44,0.0,0.0,0.0,218.72,1.8,222.0,1008.55,
2005,2,2,18,-6.16,91.48,0.0,0.0,0.0,215.95,1.86,214.0,1008.65,
2005,2,2,19,-7.27,92.67,0.0,0.0,0.0,213.38,1.66,201.0,1008.65,
2005,2,2,20,-8.38,93.85,0.0,0.0,0.0,210.82,1.47,187.0,1008.65,
2005,2,2,21,-9.49,95.04,0.0,0.0,0.0,208.25,1.27,174.0,1008.65,
2005,2,2,22,-10.25,94.0,0.0,0.0,0.0,211.97,1.25,160.0,1008.69,
2005,2,2,23,-11.01,92.95,0.0,0.0,0.0,215.68,1.22,147.0,1008.72,
2005,2,3,0,-11.78,91.91,0.0,0.0,0.0,219.4,1.2,133.0,1008.75,
2005,2,3,1,-11.9,91.38,0.0,0.0,0.0,220.03,1.31,125.0,1009.05,
2005,2,3,2,-12.03,90.85,0.0,0.0,0.0,220.67,1.43,116.0,1009.35,
2005,2,3,3,-12.16,90.32,0.0,0.0,0.0,221.3,1.54,107.0,1009.64,
2005,2,3,4,-12.13,89.88,0.0,0.0,0.0,227.9,1.48,100.0,1009.87,
2005,2,3,5,-12.1,89.45,0.0,0.0,0.0,234.5,1.42,93.0,1010.1,
2005,2,3,6,-12.06,89.01,0.0,0.0,0.0,241.1,1.35,86.0,1010.34,
2005,2,3,7,-9.96,85.6,0.0,0.0,0.0,244.97,1.55,73.0,1010.8,
2005,2,3,8,-7.87,82.19,31.0,0.0,31.0,248.83,1.76,61.0,1011.26,
2005,2,3,9,-5.77,78.78,59.0,0.0,59.0,252.7,1.96,48.0,1011.72,
2005,2,3,10,-3.97,75.64,78.0,0.0,78.0,251.0,2.29,39.0,1011.62,
2005,2,3,11,-2.17,72.49,79.0,0.0,79.0,249.3,2.61,29.0,1011.52,
2005,2,3,12,-0.37,69.35,75.0,0.0,75.0,247.6,2.94,19.0,1011.42,
2005,2,3,13,-0.88,72.32,75.0,0.0,75.0,237.13,2.81,14.0,1012.15,
2005,2,3,14,-1.38,75.29,64.0,0.0,64.0,226.67,2.69,9.0,1012.88,
2005,2,3,15,-1.89,78.26,50.0,0.0,50.0,216.2,2.57,4.0,1013.6,
2005,2,3,16,-3.42,81.9,32.0,14.75,31.0,213.4,2.53,6.0,1014.03,
2005,2,3,17,-4.95,85.54,0.0,0.0,0.0,210.6,2.49,8.0,1014.46,
2005,2,3,18,-6.48,89.18,0.0,0.0,0.0,207.8,2.46,10.0,1014.89,
2005,2,3,19,-7.12,88.98,0.0,0.0,0.0,206.85,2.61,10.0,1015.38,
2005,2,3,20,-7.75,88.79,0.0,0.0,0.0,205.9,2.76,10.0,1015.88,
2005,2,3,21,-8.38,88.59,0.0,0.0,0.0,204.95,2.91,10.0,1016.37,
2005,2,3,22,-8.31,87.97,0.0,0.0,0.0,205.57,3.03,11.0,1016.77,
2005,2,3,23,-8.24,87.34,0.0,0.0,0.0,206.18,3.14,13.0,1017.17,
2005,2,4,0,-8.18,86.72,0.0,0.0,0.0,206.8,3.26,14.0,1017.56,
2005,2,4,1,-8.25,86.18,0.0,0.0,0.0,207.4,3.36,14.0,1017.83,
2005,2,4,2,-8.33,85.65,0.0,0.0,0.0,208.0,3.47,14.0,1018.09,
2005,2,4,3,-8.4,85.11,0.0,0.0,0.0,208.6,3.57,14.0,1018.35,
2005,2,4,4,-8.54,85.7,0.0,0.0,0.0,208.47,3.63,13.0,1018.65,
2005,2,4,5,-8.69,86.29,0.0,0.0,0.0,208.33,3.68,12.0,1018.95,
2005,2,4,6,-8.83,86.88,0.0,0.0,0.0,208.2,3.74,12.0,1019.24,
2005,2,4,7,-7.15,82.39,0.0,0.0,0.0,207.47,3.78,12.0,1019.67,
2005,2,4,8,-5.47,77.89,35.0,0.0,35.0,206.73,3.83,12.0,1020.1,
2005,2,4,9,-3.79,73.4,57.0,0.0,57.0,206.0,3.88,12.0,1020.53,
2005,2,4,10,-2.92,69.87,62.0,0.0,62.0,206.03,4.09,13.0,1020.4,
2005,2,4,11,-2.06,66.33,65.0,0.0,65.0,206.07,4.31,14.0,1020.27,
2005,2,4,12,-1.2,62.8,63.0,0.0,63.0,206.1,4.52,15.0,1020.14,
2005,2,4,13,-1.24,65.47,52.0,0.0,52.0,207.5,4.29,15.0,1019.94,
2005,2,4,14,-1.27,68.14,42.0,0.0,42.0,208.9,4.05,14.0,1019.74,
2005,2,4,15,-1.31,70.81,38.0,0.0,38.0,210.3,3.81,13.0,1019.54,
2005,2,4,16,-2.74,75.44,15.0,0.0,15.0,210.8,3.47,14.0,1019.67,
2005,2,4,17,-4.17,80.08,0.0,0.0,0.0,211.3,3.13,16.0,1019.81,
2005,2,4,18,-5.6,84.71,0.0,0.0,0.0,211.8,2.79,18.0,1019.94,
2005,2,4,19,-6.38,85.04,0.0,0.0,0.0,214.18,2.72,18.0,1019.97,
2005,2,4,20,-7.16,85.36,0.0,0.0,0.0,216.57,2.65,19.0,1020.0,
2005,2,4,21,-7.94,85.69,0.0,0.0,0.0,218.95,2.58,19.0,1020.04,
2005,2,4,22,-8.4,85.72,0.0,0.0,0.0,219.98,2.46,21.0,1020.2,
2005,2,4,23,-8.86,85.74,0.0,0.0,0.0,221.02,2.33,22.0,1020.37,
2005,2,5,0,-9.32,85.77,0.0,0.0,0.0,222.05,2.21,23.0,1020.53,
2005,2,5,1,-9.72,85.93,0.0,0.0,0.0,224.3,2.07,23.0,1020.43,
2005,2,5,2,-10.12,86.1,0.0,0.0,0.0,226.55,1.94,24.0,1020.33,
2005,2,5,3,-10.52,86.26,0.0,0.0,0.0,228.8,1.81,24.0,1020.23,
2005,2,5,4,-10.96,86.25,0.0,0.0,0.0,226.12,1.76,30.0,1020.43,
2005,2,5,5,-11.4,86.25,0.0,0.0,0.0,223.43,1.71,35.0,1020.63,
2005,2,5,6,-11.84,86.24,0.0,0.0,0.0,220.75,1.67,40.0,1020.83,
2005,2,5,7,-9.92,81.06,0.0,0.0,0.0,223.7,1.88,47.0,1021.19,
2005,2,5,8,-8.0,75.88,51.0,16.56,48.0,226.65,2.09,53.0,1021.55,
2005,2,5,9,-6.08,70.7,107.0,13.0,103.0,229.6,2.3,60.0,1021.92,
2005,2,5,10,-4.69,67.39,190.0,47.56,171.0,228.82,1.97,63.0,1021.65,
2005,2,5,11,-3.31,64.08,73.0,0.0,73.0,228.03,1.64,67.0,1021.39,
2005,2,5,12,-1.93,60.77,92.0,0.0,92.0,227.25,1.31,71.0,1021.12,
2005,2,5,13,-1.94,63.34,89.0,0.0,89.0,223.6,1.3,63.0,1021.29,
2005,2,5,14,-1.94,65.92,82.0,0.0,82.0,219.95,1.28,55.0,1021.45,
2005,2,5,15,-1.95,68.49,26.0,0.0,26.0,216.3,1.27,48.0,1021.62,
2005,2,5,16,-3.95,73.7,8.0,0.0,8.0,215.45,1.54,48.0,1021.62,
2005,2,5,17,-5.95,78.9,0.0,0.0,0.0,214.6,1.8,48.0,1021.62,
2005,2,5,18,-7.95,84.11,0.0,0.0,0.0,213.75,2.07,48.0,1021.62,
2005,2,5,19,-9.09,84.88,0.0,0.0,0.0,213.45,1.89,53.0,1021.75,
2005,2,5,20,-10.23,85.66,0.0,0.0,0.0,213.15,1.71,57.0,1021.88,
2005,2,5,21,-11.37,86.43,0.0,0.0,0.0,212.85,1.53,61.0,1022.02,
2005,2,5,22,-12.3,86.27,0.0,0.0,0.0,211.5,1.47,61.0,1022.28,
2005,2,5,23,-13.23,86.12,0.0,0.0,0.0,210.15,1.4,61.0,1022.54,
2005,2,6,0,-14.17,85.96,0.0,0.0,0.0,208.8,1.34,60.0,1022.81,
2005,2,6,1,-15.12,87.17,0.0,0.0,0.0,207.0,1.34,68.0,1023.07,
2005,2,6,2,-16.07,88.38,0.0,0.0,0.0,205.2,1.35,75.0,1023.34,
2005,2,6,3,-17.02,89.59,0.0,0.0,0.0,203.4,1.35,83.0,1023.6,
2005,2,6,4,-17.64,87.02,0.0,0.0,0.0,204.52,1.54,84.0,1023.76,
2005,2,6,5,-18.27,84.45,0.0,0.0,0.0,205.63,1.72,86.0,1023.93,
2005,2,6,6,-18.89,81.88,0.0,0.0,0.0,206.75,1.9,88.0,1024.09,
2005,2,6,7,-15.74,75.82,0.0,0.0,0.0,208.48,2.0,88.0,1024.49,
2005,2,6,8,-12.58,69.76,31.0,0.0,31.0,210.22,2.1,88.0,1024.89,
2005,2,6,9,-9.43,63.7,68.0,0.0,68.0,211.95,2.19,89.0,1025.28,
2005,2,6,10,-7.11,61.48,74.0,0.0,74.0,210.68,1.71,72.0,1025.12,
2005,2,6,11,-4.79,59.26,77.0,0.0,77.0,209.42,1.23,55.0,1024.95,
2005,2,6,12,-2.47,57.04,74.0,0.0,74.0,208.15,0.74,38.0,1024.79,
2005,2,6,13,-2.88,62.44,59.0,0.0,59.0,207.23,1.05,30.0,1025.08,
2005,2,6,14,-3.28,67.83,49.0,0.0,49.0,206.32,1.35,23.0,1025.38,
2005,2,6,15,-3.69,73.23,42.0,0.0,42.0,205.4,1.66,15.0,1025.68,
2005,2,6,16,-5.51,76.75,27.0,0.0,27.0,208.48,1.77,26.0,1025.65,
2005,2,6,17,-7.33,80.26,0.0,0.0,0.0,211.57,1.88,36.0,1025.61,
2005,2,6,18,-9.15,83.78,0.0,0.0,0.0,214.65,1.99,46.0,1025.58,
2005,2,6,19,-10.18,84.28,0.0,0.0,0.0,214.85,1.79,51.0,1025.74,
2005,2,6,20,-11.21,84.78,0.0,0.0,0.0,215.05,1.6,56.0,1025.91,
2005,2,6,21,-12.24,85.28,0.0,0.0,0.0,215.25,1.41,60.0,1026.07,
2005,2,6,22,-12.75,84.7,0.0,0.0,0.0,214.5,1.55,62.0,1026.24,
2005,2,6,23,-13.25,84.11,0.0,0.0,0.0,213.75,1.69,64.0,1026.4,
2005,2,7,0,-13.76,83.53,0.0,0.0,0.0,213.0,1.83,66.0,1026.57,
2005,2,7,1,-15.15,83.9,0.0,0.0,0.0,210.83,1.94,71.0,1026.67,
2005,2,7,2,-16.54,84.28,0.0,0.0,0.0,208.67,2.04,76.0,1026.77,
2005,2,7,3,-17.93,84.65,0.0,0.0,0.0,206.5,2.14,81.0,1026.87,
2005,2,7,4,-18.14,83.07,0.0,0.0,0.0,208.08,2.34,83.0,1027.0,
2005,2,7,5,-18.35,81.49,0.0,0.0,0.0,209.67,2.54,84.0,1027.13,
2005,2,7,6,-18.55,79.91,0.0,0.0,0.0,211.25,2.74,86.0,1027.26,
2005,2,7,7,-15.52,72.33,0.0,0.0,0.0,212.8,2.79,87.0,1027.72,
2005,2,7,8,-12.5,64.75,36.0,0.0,36.0,214.35,2.84,87.0,1028.19,
2005,2,7,9,-9.47,57.17,66.0,0.0,66.0,215.9,2.88,88.0,1028.65,
2005,2,7,10,-7.16,53.03,72.0,0.0,72.0,214.97,2.35,84.0,1028.61,
2005,2,7,11,-4.85,48.9,80.0,0.0,80.0,214.03,1.82,80.0,1028.58,
2005,2,7,12,-2.54,44.76,83.0,0.0,83.0,213.1,1.28,77.0,1028.55,
2005,2,7,13,-2.85,48.98,73.0,0.0,73.0,212.3,1.41,81.0,1028.81,
2005,2,7,14,-3.16,53.19,62.0,0.0,62.0,211.5,1.54,86.0,1029.08,
2005,2,7,15,-3.47,57.41,45.0,0.0,45.0,210.7,1.67,91.0,1029.34,
2005,2,7,16,-5.42,63.49,25.0,0.0,25.0,213.7,1.72,85.0,1029.51,
2005,2,7,17,-7.36,69.57,0.0,0.0,0.0,216.7,1.78,80.0,1029.67,
2005,2,7,18,-9.3,75.65,0.0,0.0,0.0,219.7,1.83,74.0,1029.84,
2005,2,7,19,-10.39,77.84,0.0,0.0,0.0,218.73,1.64,79.0,1030.07,
2005,2,7,20,-11.48,80.04,0.0,0.0,0.0,217.77,1.45,83.0,1030.3,
2005,2,7,21,-12.57,82.23,0.0,0.0,0.0,216.8,1.26,87.0,1030.53,
2005,2,7,22,-13.23,81.68,0.0,0.0,0.0,215.08,1.36,90.0,1030.63,
2005,2,7,23,-13.89,81.13,0.0,0.0,0.0,213.37,1.47,94.0,1030.73,
2005,2,8,0,-14.55,80.58,0.0,0.0,0.0,211.65,1.57,97.0,1030.83,
2005,2,8,1,-15.57,80.35,0.0,0.0,0.0,208.9,1.89,100.0,1030.92,
2005,2,8,2,-16.6,80.11,0.0,0.0,0.0,206.15,2.21,102.0,1031.02,
2005,2,8,3,-17.62,79.88,0.0,0.0,0.0,203.4,2.52,104.0,1031.12,
2005,2,8,4,-17.91,79.32,0.0,0.0,0.0,203.38,2.53,104.0,1031.12,
2005,2,8,5,-18.21,78.75,0.0,0.0,0.0,203.37,2.53,103.0,1031.12,
2005,2,8,6,-18.5,78.19,0.0,0.0,0.0,203.35,2.54,103.0,1031.12,
2005,2,8,7,-15.54,70.9,0.0,0.0,0.0,203.92,2.51,101.0,1031.25,
2005,2,8,8,-12.59,63.61,40.0,0.0,40.0,204.48,2.47,99.0,1031.39,
2005,2,8,9,-9.63,56.32,56.0,0.0,56.0,205.05,2.44,96.0,1031.52,
2005,2,8,10,-7.12,51.79,63.0,0.0,63.0,205.25,1.89,82.0,1031.09,
2005,2,8,11,-4.61,47.27,76.0,0.0,76.0,205.45,1.33,67.0,1030.66,
2005,2,8,12,-2.1,42.74,77.0,0.0,77.0,205.65,0.77,53.0,1030.23,
2005,2,8,13,-2.3,44.42,59.0,0.0,59.0,205.75,0.64,54.0,1030.17,
2005,2,8,14,-2.5,46.1,56.0,0.0,56.0,205.85,0.51,55.0,1030.1,
2005,2,8,15,-2.7,47.78,45.0,0.0,45.0,205.95,0.37,56.0,1030.03,
2005,2,8,16,-5.11,56.15,40.0,11.13,39.0,209.2,0.88,60.0,1029.74,
2005,2,8,17,-7.52,64.52,0.0,0.0,0.0,212.45,1.38,65.0,1029.44,
2005,2,8,18,-9.92,72.89,0.0,0.0,0.0,215.7,1.89,69.0,1029.14,
2005,2,8,19,-10.88,74.91,0.0,0.0,0.0,215.2,1.72,72.0,1029.21,
2005,2,8,20,-11.83,76.92,0.0,0.0,0.0,214.7,1.55,74.0,1029.27,
2005,2,8,21,-12.78,78.94,0.0,0.0,0.0,214.2,1.38,77.0,1029.34,
2005,2,8,22,-13.45,79.53,0.0,0.0,0.0,213.5,1.39,78.0,1029.44,
2005,2,8,23,-14.12,80.12,0.0,0.0,0.0,212.8,1.41,78.0,1029.54,
2005,2,9,0,-14.79,80.71,0.0,0.0,0.0,212.1,1.42,78.0,1029.64,
2005,2,9,1,-15.48,81.03,0.0,0.0,0.0,211.42,1.41,88.0,1029.54,
2005,2,9,2,-16.17,81.36,0.0,0.0,0.0,210.73,1.39,98.0,1029.44,
2005,2,9,3,-16.86,81.68,0.0,0.0,0.0,210.05,1.38,108.0,1029.34,
2005,2,9,4,-17.3,79.89,0.0,0.0,0.0,211.23,1.64,107.0,1029.24,
2005,2,9,5,-17.75,78.11,0.0,0.0,0.0,212.42,1.9,105.0,1029.14,
2005,2,9,6,-18.19,76.32,0.0,0.0,0.0,213.6,2.17,104.0,1029.04,
2005,2,9,7,-15.06,68.92,0.0,0.0,0.0,214.73,2.12,94.0,1029.14,
2005,2,9,8,-11.92,61.51,38.0,0.0,38.0,215.87,2.08,84.0,1029.24,
2005,2,9,9,-8.79,54.11,76.0,0.0,76.0,217.0,2.04,75.0,1029.34,
2005,2,9,10,-6.49,50.06,76.0,0.0,76.0,216.23,1.5,38.0,1029.14,
2005,2,9,11,-4.2,46.0,79.0,0.0,79.0,215.47,0.96,1.0,1028.94,
2005,2,9,12,-1.91,41.95,77.0,0.0,77.0,214.7,0.41,324.0,1028.75,
2005,2,9,13,-2.69,47.02,63.0,0.0,63.0,212.98,0.58,320.0,1028.65,
2005,2,9,14,-3.47,52.09,48.0,0.0,48.0,211.27,0.75,315.0,1028.55,
2005,2,9,15,-4.25,57.16,44.0,0.0,44.0,209.55,0.92,311.0,1028.45,
2005,2,9,16,-5.33,60.64,29.0,0.0,29.0,213.95,1.07,351.0,1028.35,
2005,2,9,17,-6.41,64.12,0.0,0.0,0.0,218.35,1.22,32.0,1028.25,
2005,2,9,18,-7.48,67.6,0.0,0.0,0.0,222.75,1.37,72.0,1028.15,
2005,2,9,19,-8.39,70.75,0.0,0.0,0.0,222.7,1.22,77.0,1028.22,
2005,2,9,20,-9.3,73.91,0.0,0.0,0.0,222.65,1.07,81.0,1028.28,
2005,2,9,21,-10.21,77.06,0.0,0.0,0.0,222.6,0.92,85.0,1028.35,
2005,2,9,22,-10.76,79.27,0.0,0.0,0.0,221.8,0.76,62.0,1028.28,
2005,2,9,23,-11.31,81.47,0.0,0.0,0.0,221.0,0.6,38.0,1028.22,
2005,2,10,0,-11.87,83.68,0.0,0.0,0.0,220.2,0.44,14.0,1028.15,
2005,2,10,1,-14.07,83.83,0.0,0.0,0.0,218.18,0.69,66.0,1028.19,
2005,2,10,2,-16.27,83.97,0.0,0.0,0.0,216.17,0.94,117.0,1028.22,
2005,2,10,3,-18.47,84.12,0.0,0.0,0.0,214.15,1.19,168.0,1028.25,
2005,2,10,4,-18.44,83.38,0.0,0.0,0.0,215.68,1.24,170.0,1028.02,
2005,2,10,5,-18.42,82.64,0.0,0.0,0.0,217.22,1.29,172.0,1027.79,
2005,2,10,6,-18.39,81.9,0.0,0.0,0.0,218.75,1.34,174.0,1027.56,
2005,2,10,7,-15.46,73.5,0.0,0.0,0.0,219.55,1.27,185.0,1027.66,
2005,2,10,8,-12.54,65.11,37.0,0.0,37.0,220.35,1.2,195.0,1027.76,
2005,2,10,9,-9.61,56.71,82.0,0.0,82.0,221.15,1.13,206.0,1027.86,
2005,2,10,10,-7.68,52.77,95.0,0.0,95.0,218.18,1.13,217.0,1027.39,
2005,2,10,11,-5.75,48.82,98.0,0.0,98.0,215.22,1.13,228.0,1026.93,
2005,2,10,12,-3.82,44.88,91.0,0.0,91.0,212.25,1.13,239.0,1026.47,
2005,2,10,13,-4.58,49.6,71.0,0.0,71.0,211.23,1.04,229.0,1026.14,
2005,2,10,14,-5.35,54.31,60.0,0.0,60.0,210.22,0.96,220.0,1025.81,
2005,2,10,15,-6.11,59.03,73.0,0.0,73.0,209.2,0.87,210.0,1025.48,
2005,2,10,16,-7.85,64.82,63.0,70.79,56.0,213.72,1.16,205.0,1025.15,
2005,2,10,17,-9.59,70.62,0.0,0.0,0.0,218.23,1.46,200.0,1024.82,
2005,2,10,18,-11.32,76.41,0.0,0.0,0.0,222.75,1.75,195.0,1024.49,
2005,2,10,19,-11.87,77.29,0.0,0.0,0.0,223.18,1.66,189.0,1024.26,
2005,2,10,20,-12.42,78.16,0.0,0.0,0.0,223.62,1.58,183.0,1024.03,
2005,2,10,21,-12.96,79.04,0.0,0.0,0.0,224.05,1.49,177.0,1023.8,
2005,2,10,22,-13.04,79.48,0.0,0.0,0.0,224.15,1.6,172.0,1023.43,
2005,2,10,23,-13.12,79.92,0.0,0.0,0.0,224.25,1.71,166.0,1023.07,
2005,2,11,0,-13.21,80.36,0.0,0.0,0.0,224.35,1.82,161.0,1022.71,
2005,2,11,1,-13.34,79.94,0.0,0.0,0.0,225.78,1.94,161.0,1022.38,
2005,2,11,2,-13.48,79.53,0.0,0.0,0.0,227.22,2.05,161.0,1022.05,
2005,2,11,3,-13.62,79.11,0.0,0.0,0.0,228.65,2.17,161.0,1021.72,
2005,2,11,4,-12.7,75.11,0.0,0.0,0.0,240.38,2.36,164.0,1021.16,
2005,2,11,5,-11.78,71.11,0.0,0.0,0.0,252.12,2.55,166.0,1020.6,
2005,2,11,6,-10.86,67.11,0.0,0.0,0.0,263.85,2.74,168.0,1020.04,
2005,2,11,7,-9.05,62.94,0.0,0.0,0.0,277.42,2.75,170.0,1019.64,
2005,2,11,8,-7.24,58.78,21.0,0.0,21.0,290.98,2.76,172.0,1019.24,
2005,2,11,9,-5.43,54.61,58.0,0.0,58.0,304.55,2.77,174.0,1018.85,
2005,2,11,10,-4.23,51.97,43.0,0.0,43.0,310.4,2.74,179.0,1017.99,
2005,2,11,11,-3.03,49.32,53.0,0.0,53.0,316.25,2.71,184.0,1017.13,
2005,2,11,12,-1.83,46.68,65.0,0.0,65.0,322.1,2.68,189.0,1016.27,
2005,2,11,13,-1.64,50.42,81.0,0.0,81.0,319.37,2.49,181.0,1015.91,
2005,2,11,14,-1.45,54.15,38.0,0.0,38.0,316.63,2.31,174.0,1015.55,
2005,2,11,15,-1.26,57.89,24.0,0.0,24.0,313.9,2.12,166.0,1015.19,
2005,2,11,16,-1.36,59.85,25.0,0.0,25.0,320.72,2.12,169.0,1014.99,
2005,2,11,17,-1.46,61.82,0.0,0.0,0.0,327.53,2.12,171.0,1014.79,
2005,2,11,18,-1.56,63.78,0.0,0.0,0.0,334.35,2.12,173.0,1014.59,
2005,2,11,19,-1.51,65.04,0.0,0.0,0.0,336.48,1.99,171.0,1014.26,
2005,2,11,20,-1.46,66.31,0.0,0.0,0.0,338.62,1.85,169.0,1013.93,
2005,2,11,21,-1.41,67.57,0.0,0.0,0.0,340.75,1.71,167.0,1013.6,
2005,2,11,22,-1.3,69.52,0.0,0.0,0.0,341.73,1.64,160.0,1013.24,
2005,2,11,23,-1.19,71.47,0.0,0.0,0.0,342.72,1.57,152.0,1012.88,
2005,2,12,0,-1.08,73.42,0.0,0.0,0.0,343.7,1.5,145.0,1012.51,
2005,2,12,1,-2.0,76.94,0.0,0.0,0.0,340.58,1.41,127.0,1012.41,
2005,2,12,2,-2.93,80.45,0.0,0.0,0.0,337.47,1.32,110.0,1012.32,
2005,2,12,3,-3.85,83.97,0.0,0.0,0.0,334.35,1.23,92.0,1012.22,
2005,2,12,4,-3.67,84.45,0.0,0.0,0.0,333.7,1.45,101.0,1011.82,
2005,2,12,5,-3.5,84.92,0.0,0.0,0.0,333.05,1.68,110.0,1011.42,
2005,2,12,6,-3.32,85.4,0.0,0.0,0.0,332.4,1.9,120.0,1011.03,
2005,2,12,7,-2.25,82.91,1.0,17.45,0.0,331.58,2.08,129.0,1010.57,
2005,2,12,8,-1.18,80.43,40.0,0.0,40.0,330.77,2.25,139.0,1010.1,
2005,2,12,9,-0.11,77.94,71.0,0.0,71.0,329.95,2.43,149.0,1009.64,
2005,2,12,10,0.69,76.47,62.0,0.0,62.0,330.82,2.64,154.0,1008.49,
2005,2,12,11,1.48,75.0,59.0,0.0,59.0,331.68,2.85,158.0,1007.33,
2005,2,12,12,2.27,73.53,85.0,0.0,85.0,332.55,3.06,163.0,1006.18,
2005,2,12,13,2.42,74.63,80.0,0.0,80.0,325.23,3.04,168.0,1005.32,
2005,2,12,14,2.56,75.73,51.0,0.0,51.0,317.92,3.03,174.0,1004.46,
2005,2,12,15,2.71,76.83,24.0,0.0,24.0,310.6,3.01,179.0,1003.6,
2005,2,12,16,2.76,75.66,19.0,0.0,19.0,317.42,3.6,180.0,1002.55,
2005,2,12,17,2.81,74.5,0.0,0.0,0.0,324.23,4.2,181.0,1001.49,
2005,2,12,18,2.87,73.33,0.0,0.0,0.0,331.05,4.8,182.0,1000.44,
2005,2,12,19,3.34,69.77,0.0,0.0,0.0,332.48,5.08,186.0,999.12,
2005,2,12,20,3.81,66.22,0.0,0.0,0.0,333.92,5.36,191.0,997.8,
2005,2,12,21,4.29,62.66,0.0,0.0,0.0,335.35,5.64,196.0,996.48,
2005,2,12,22,4.38,64.97,0.0,0.0,0.0,335.5,5.85,202.0,995.55,
2005,2,12,23,4.47,67.27,0.0,0.0,0.0,335.65,6.06,207.0,994.63,
2005,2,13,0,4.56,69.58,0.0,0.0,0.0,335.8,6.28,213.0,993.71,
2005,2,13,1,4.12,77.07,0.0,0.0,0.0,335.3,6.28,212.0,992.72,
2005,2,13,2,3.67,84.55,0.0,0.0,0.0,334.8,6.28,211.0,991.73,
2005,2,13,3,3.23,92.04,0.0,0.0,0.0,334.3,6.28,210.0,990.74,
2005,2,13,4,2.98,93.59,0.0,0.0,0.0,333.45,6.46,210.0,989.78,
2005,2,13,5,2.73,95.13,0.0,0.0,0.0,332.6,6.63,210.0,988.82,
2005,2,13,6,2.49,96.68,0.0,0.0,0.0,331.75,6.81,210.0,987.87,
2005,2,13,7,2.73,96.34,1.0,16.2,0.0,332.02,6.27,223.0,987.44,
2005,2,13,8,2.97,96.0,70.0,23.14,65.0,332.28,5.72,235.0,987.01,
2005,2,13,9,3.21,95.66,25.0,0.0,25.0,332.55,5.17,247.0,986.58,
2005,2,13,10,3.43,92.78,58.0,0.0,58.0,331.63,4.17,257.0,985.95,
2005,2,13,11,3.64,89.91,56.0,0.0,56.0,330.72,3.17,267.0,985.33,
2005,2,13,12,3.85,87.03,46.0,0.0,46.0,329.8,2.17,277.0,984.7,
2005,2,13,13,3.88,86.29,51.0,0.0,51.0,323.68,1.89,266.0,984.96,
2005,2,13,14,3.92,85.54,70.0,0.0,70.0,317.57,1.61,255.0,985.23,
2005,2,13,15,3.95,84.8,67.0,0.0,67.0,311.45,1.34,243.0,985.49,
2005,2,13,16,2.83,87.01,23.0,0.0,23.0,304.22,1.6,243.0,985.79,
2005,2,13,17,1.72,89.23,0.0,0.0,0.0,296.98,1.87,242.0,986.08,
2005,2,13,18,0.61,91.44,0.0,0.0,0.0,289.75,2.14,241.0,986.38,
2005,2,13,19,-0.66,92.88,0.0,0.0,0.0,280.85,1.99,231.0,986.35,
2005,2,13,20,-1.93,94.31,0.0,0.0,0.0,271.95,1.84,221.0,986.32,
2005,2,13,21,-3.19,95.75,0.0,0.0,0.0,263.05,1.7,211.0,986.28,
2005,2,13,22,-3.67,96.12,0.0,0.0,0.0,267.63,1.78,194.0,986.18,
2005,2,13,23,-4.15,96.5,0.0,0.0,0.0,272.22,1.87,176.0,986.08,
2005,2,14,0,-4.63,96.87,0.0,0.0,0.0,276.8,1.96,159.0,985.99,
2005,2,14,1,-3.88,96.57,0.0,0.0,0.0,278.78,2.15,145.0,985.75,
2005,2,14,2,-3.13,96.27,0.0,0.0,0.0,280.77,2.34,131.0,985.52,
2005,2,14,3,-2.38,95.97,0.0,0.0,0.0,282.75,2.54,117.0,985.29,
2005,2,14,4,-2.41,96.02,0.0,0.0,0.0,287.15,2.62,113.0,985.59,
2005,2,14,5,-2.44,96.06,0.0,0.0,0.0,291.55,2.7,110.0,985.89,
2005,2,14,6,-2.46,96.11,0.0,0.0,0.0,295.95,2.79,106.0,986.18,
2005,2,14,7,-1.34,93.68,1.0,15.1,0.0,297.12,2.53,82.0,986.18,
2005,2,14,8,-0.22,91.25,24.0,0.0,24.0,298.28,2.27,58.0,986.18,
2005,2,14,9,0.9,88.82,43.0,0.0,43.0,299.45,2.01,34.0,986.18,
2005,2,14,10,1.85,85.07,65.0,0.0,65.0,297.18,2.04,23.0,985.92,
2005,2,14,11,2.8,81.33,70.0,0.0,70.0,294.92,2.07,13.0,985.66,
2005,2,14,12,3.74,77.58,131.0,0.0,131.0,292.65,2.1,2.0,985.39,
2005,2,14,13,3.77,79.97,209.0,17.25,201.0,285.97,1.94,358.0,986.58,
2005,2,14,14,3.8,82.35,189.0,31.35,177.0,279.28,1.77,354.0,987.77,
2005,2,14,15,3.83,84.74,184.0,155.01,143.0,272.6,1.61,350.0,988.95,
2005,2,14,16,2.17,86.66,84.0,128.12,69.0,263.58,1.92,355.0,989.09,
2005,2,14,17,0.51,88.57,0.0,0.0,0.0,254.57,2.23,360.0,989.22,
2005,2,14,18,-1.14,90.49,0.0,0.0,0.0,245.55,2.54,5.0,989.35,
2005,2,14,19,-1.33,90.63,0.0,0.0,0.0,257.07,2.57,7.0,989.32,
2005,2,14,20,-1.52,90.76,0.0,0.0,0.0,268.58,2.61,9.0,989.28,
2005,2,14,21,-1.7,90.9,0.0,0.0,0.0,280.1,2.65,11.0,989.25,
2005,2,14,22,-1.51,90.08,0.0,0.0,0.0,285.05,2.91,13.0,988.59,
2005,2,14,23,-1.32,89.25,0.0,0.0,0.0,290.0,3.18,15.0,987.93,
2005,2,15,0,-1.14,88.43,0.0,0.0,0.0,294.95,3.45,18.0,987.27,
2005,2,15,1,-0.86,87.13,0.0,0.0,0.0,295.58,3.37,20.0,987.14,
2005,2,15,2,-0.59,85.82,0.0,0.0,0.0,296.22,3.29,23.0,987.01,
2005,2,15,3,-0.32,84.52,0.0,0.0,0.0,296.85,3.21,25.0,986.88,
2005,2,15,4,-0.21,85.92,0.0,0.0,0.0,300.28,3.19,26.0,986.25,
2005,2,15,5,-0.11,87.33,0.0,0.0,0.0,303.72,3.17,27.0,985.62,
2005,2,15,6,0.0,88.73,0.0,0.0,0.0,307.15,3.14,28.0,985.0,
2005,2,15,7,0.45,90.01,1.0,14.12,0.0,308.17,3.26,30.0,984.67,
2005,2,15,8,0.89,91.29,20.0,0.0,20.0,309.18,3.37,31.0,984.34,
2005,2,15,9,1.34,92.57,55.0,0.0,55.0,310.2,3.48,33.0,984.01,
2005,2,15,10,1.36,93.69,41.0,0.0,41.0,311.97,3.4,33.0,983.48,
2005,2,15,11,1.38,94.8,66.0,0.0,66.0,313.73,3.32,34.0,982.95,
2005,2,15,12,1.4,95.92,68.0,0.0,68.0,315.5,3.24,34.0,982.42,
2005,2,15,13,1.19,97.18,109.0,0.0,109.0,314.07,2.31,21.0,983.02,
2005,2,15,14,0.97,98.43,44.0,0.0,44.0,312.63,1.38,8.0,983.61,
2005,2,15,15,0.76,99.69,28.0,0.0,28.0,311.2,0.46,355.0,984.2,
2005,2,15,16,0.56,99.6,27.0,0.0,27.0,311.95,0.93,317.0,984.47,
2005,2,15,17,0.37,99.52,0.0,0.0,0.0,312.7,1.41,279.0,984.73,
2005,2,15,18,0.18,99.43,0.0,0.0,0.0,313.45,1.89,242.0,985.0,
2005,2,15,19,0.03,99.44,0.0,0.0,0.0,312.97,2.39,226.0,985.89,
2005,2,15,20,-0.12,99.45,0.0,0.0,0.0,312.48,2.89,211.0,986.78,
2005,2,15,21,-0.26,99.46,0.0,0.0,0.0,312.0,3.39,195.0,987.67,
2005,2,15,22,-0.3,99.15,0.0,0.0,0.0,310.78,3.16,191.0,988.46,
2005,2,15,23,-0.34,98.84,0.0,0.0,0.0,309.57,2.93,186.0,989.25,
2005,2,16,0,-0.38,98.53,0.0,0.0,0.0,308.35,2.7,181.0,990.04,
2005,2,16,1,-1.08,97.43,0.0,0.0,0.0,295.78,2.55,184.0,991.1,
2005,2,16,2,-1.78,96.32,0.0,0.0,0.0,283.22,2.39,188.0,992.16,
2005,2,16,3,-2.48,95.22,0.0,0.0,0.0,270.65,2.23,192.0,993.21,
2005,2,16,4,-2.87,95.61,0.0,0.0,0.0,266.35,1.68,190.0,993.54,
2005,2,16,5,-3.27,96.0,0.0,0.0,0.0,262.05,1.13,188.0,993.87,
2005,2,16,6,-3.66,96.39,0.0,0.0,0.0,257.75,0.58,186.0,994.2,
2005,2,16,7,-2.57,94.12,1.0,13.25,0.0,261.05,0.91,243.0,994.63,
2005,2,16,8,-1.47,91.86,80.0,30.37,73.0,264.35,1.23,300.0,995.06,
2005,2,16,9,-0.38,89.59,104.0,2.78,103.0,267.65,1.56,357.0,995.49,
2005,2,16,10,0.1,86.51,103.0,0.0,103.0,268.02,1.88,357.0,995.36,
2005,2,16,11,0.57,83.42,166.0,1.98,165.0,268.38,2.19,357.0,995.22,
2005,2,16,12,1.04,80.34,183.0,1.95,182.0,268.75,2.51,357.0,995.09,
2005,2,16,13,1.02,81.0,83.0,0.0,83.0,261.15,2.32,355.0,995.82,
2005,2,16,14,0.99,81.66,90.0,0.0,90.0,253.55,2.12,352.0,996.54,
2005,2,16,15,0.97,82.32,55.0,0.0,55.0,245.95,1.93,350.0,997.27,
2005,2,16,16,-0.3,85.39,26.0,0.0,26.0,249.92,1.96,347.0,997.24,
2005,2,16,17,-1.57,88.46,0.0,0.0,0.0,253.88,2.0,344.0,997.2,
2005,2,16,18,-2.84,91.53,0.0,0.0,0.0,257.85,2.03,342.0,997.17,
2005,2,16,19,-3.11,91.78,0.0,0.0,0.0,258.58,2.06,337.0,997.24,
2005,2,16,20,-3.37,92.03,0.0,0.0,0.0,259.32,2.09,332.0,997.3,
2005,2,16,21,-3.63,92.28,0.0,0.0,0.0,260.05,2.12,327.0,997.37,
2005,2,16,22,-3.45,92.56,0.0,0.0,0.0,264.95,1.95,323.0,997.3,
2005,2,16,23,-3.27,92.85,0.0,0.0,0.0,269.85,1.77,319.0,997.24,
2005,2,17,0,-3.1,93.13,0.0,0.0,0.0,274.75,1.6,315.0,997.17,
2005,2,17,1,-2.66,93.15,0.0,0.0,0.0,282.5,1.47,309.0,997.5,
2005,2,17,2,-2.23,93.16,0.0,0.0,0.0,290.25,1.33,303.0,997.83,
2005,2,17,3,-1.8,93.18,0.0,0.0,0.0,298.0,1.2,296.0,998.16,
2005,2,17,4,-1.79,93.67,0.0,0.0,0.0,294.4,1.15,305.0,998.19,
2005,2,17,5,-1.78,94.17,0.0,0.0,0.0,290.8,1.11,315.0,998.23,
2005,2,17,6,-1.77,94.66,0.0,0.0,0.0,287.2,1.06,324.0,998.26,
2005,2,17,7,-0.99,93.9,1.0,12.46,0.0,291.8,1.24,314.0,998.56,
2005,2,17,8,-0.2,93.13,23.0,0.0,23.0,296.4,1.41,304.0,998.85,
2005,2,17,9,0.58,92.37,43.0,0.0,43.0,301.0,1.59,294.0,999.15,
2005,2,17,10,0.82,91.58,58.0,0.0,58.0,303.47,1.76,297.0,999.28,
2005,2,17,11,1.06,90.78,66.0,0.0,66.0,305.93,1.93,300.0,999.41,
2005,2,17,12,1.29,89.99,84.0,0.0,84.0,308.4,2.1,304.0,999.55,
2005,2,17,13,1.79,88.42,69.0,0.0,69.0,308.8,2.05,311.0,1000.04,
2005,2,17,14,2.29,86.85,41.0,0.0,41.0,309.2,2.0,318.0,1000.54,
2005,2,17,15,2.79,85.28,34.0,0.0,34.0,309.6,1.94,325.0,1001.03,
2005,2,17,16,2.22,86.97,13.0,0.0,13.0,310.78,1.91,325.0,1001.29,
2005,2,17,17,1.65,88.66,0.0,0.0,0.0,311.97,1.88,325.0,1001.56,
2005,2,17,18,1.09,90.35,0.0,0.0,0.0,313.15,1.85,325.0,1001.82,
2005,2,17,19,0.69,90.88,0.0,0.0,0.0,313.03,1.83,324.0,1002.12,
2005,2,17,20,0.3,91.4,0.0,0.0,0.0,312.92,1.81,323.0,1002.42,
2005,2,17,21,-0.09,91.93,0.0,0.0,0.0,312.8,1.79,322.0,1002.71,
2005,2,17,22,-0.22,92.1,0.0,0.0,0.0,313.17,1.92,319.0,1002.91,
2005,2,17,23,-0.35,92.28,0.0,0.0,0.0,313.53,2.05,316.0,1003.11,
2005,2,18,0,-0.48,92.45,0.0,0.0,0.0,313.9,2.18,312.0,1003.31,
2005,2,18,1,-1.37,92.98,0.0,0.0,0.0,294.95,2.18,313.0,1003.6,
2005,2,18,2,-2.27,93.52,0.0,0.0,0.0,276.0,2.18,313.0,1003.9,
2005,2,18,3,-3.16,94.05,0.0,0.0,0.0,257.05,2.18,314.0,1004.2,
2005,2,18,4,-3.36,94.05,0.0,0.0,0.0,257.23,2.05,310.0,1004.3,
2005,2,18,5,-3.56,94.04,0.0,0.0,0.0,257.42,1.92,305.0,1004.4,
2005,2,18,6,-3.76,94.04,0.0,0.0,0.0,257.6,1.79,301.0,1004.5,
2005,2,18,7,-2.53,91.53,1.0,11.76,0.0,260.85,1.93,297.0,1004.73,
2005,2,18,8,-1.29,89.02,29.0,0.0,29.0,264.1,2.06,292.0,1004.96,
2005,2,18,9,-0.06,86.51,59.0,0.0,59.0,267.35,2.19,288.0,1005.19,
2005,2,18,10,0.45,84.08,72.0,0.0,72.0,268.0,2.5,291.0,1005.02,
2005,2,18,11,0.96,81.66,63.0,0.0,63.0,268.65,2.81,295.0,1004.86,
2005,2,18,12,1.46,79.23,61.0,0.0,61.0,269.3,3.12,299.0,1004.69,
2005,2,18,13,1.61,79.74,88.0,0.0,88.0,268.67,2.72,291.0,1004.76,
2005,2,18,14,1.75,80.26,63.0,0.0,63.0,268.03,2.32,284.0,1004.83,
2005,2,18,15,1.9,80.77,49.0,0.0,49.0,267.4,1.92,276.0,1004.89,
2005,2,18,16,1.04,83.58,24.0,0.0,24.0,266.77,1.92,272.0,1004.92,
2005,2,18,17,0.18,86.4,0.0,0.0,0.0,266.13,1.92,267.0,1004.96,
2005,2,18,18,-0.68,89.21,0.0,0.0,0.0,265.5,1.92,263.0,1004.99,
2005,2,18,19,-1.06,89.97,0.0,0.0,0.0,265.13,1.95,262.0,1004.96,
2005,2,18,20,-1.44,90.74,0.0,0.0,0.0,264.77,1.99,261.0,1004.92,
2005,2,18,21,-1.82,91.5,0.0,0.0,0.0,264.4,2.03,261.0,1004.89,
2005,2,18,22,-2.12,92.12,0.0,0.0,0.0,263.8,2.07,258.0,1004.69,
2005,2,18,23,-2.41,92.74,0.0,0.0,0.0,263.2,2.11,256.0,1004.5,
2005,2,19,0,-2.71,93.36,0.0,0.0,0.0,262.6,2.15,253.0,1004.3,
2005,2,19,1,-2.93,93.31,0.0,0.0,0.0,260.7,2.05,246.0,1004.03,
2005,2,19,2,-3.15,93.25,0.0,0.0,0.0,258.8,1.94,240.0,1003.77,
2005,2,19,3,-3.37,93.2,0.0,0.0,0.0,256.9,1.83,233.0,1003.51,
2005,2,19,4,-3.27,92.89,0.0,0.0,0.0,261.7,1.95,231.0,1003.37,
2005,2,19,5,-3.17,92.58,0.0,0.0,0.0,266.5,2.07,230.0,1003.24,
2005,2,19,6,-3.06,92.27,0.0,0.0,0.0,271.3,2.19,228.0,1003.11,
2005,2,19,7,-2.41,90.02,1.0,11.12,0.0,272.0,2.31,230.0,1003.08,
2005,2,19,8,-1.77,87.77,38.0,0.0,38.0,272.7,2.42,233.0,1003.04,
2005,2,19,9,-1.12,85.52,140.0,16.02,134.0,273.4,2.54,235.0,1003.01,
2005,2,19,10,-0.56,82.89,131.0,0.0,131.0,268.9,2.53,236.0,1002.55,
2005,2,19,11,0.0,80.27,163.0,0.0,163.0,264.4,2.53,237.0,1002.09,
2005,2,19,12,0.56,77.64,94.0,0.0,94.0,259.9,2.52,239.0,1001.62,
2005,2,19,13,0.98,77.17,46.0,0.0,46.0,266.42,2.34,241.0,1001.43,
2005,2,19,14,1.39,76.69,48.0,0.0,48.0,272.93,2.15,244.0,1001.23,
2005,2,19,15,1.81,76.22,41.0,0.0,41.0,279.45,1.96,247.0,1001.03,
2005,2,19,16,0.77,79.79,46.0,0.0,46.0,276.83,1.8,237.0,1000.9,
2005,2,19,17,-0.26,83.35,0.0,0.0,0.0,274.22,1.65,226.0,1000.77,
2005,2,19,18,-1.29,86.92,0.0,0.0,0.0,271.6,1.49,216.0,1000.64,
2005,2,19,19,-2.1,87.7,0.0,0.0,0.0,264.92,1.48,212.0,1000.7,
2005,2,19,20,-2.91,88.47,0.0,0.0,0.0,258.23,1.47,207.0,1000.77,
2005,2,19,21,-3.72,89.25,0.0,0.0,0.0,251.55,1.46,202.0,1000.83,
2005,2,19,22,-4.34,89.69,0.0,0.0,0.0,248.6,1.38,199.0,1000.73,
2005,2,19,23,-4.96,90.14,0.0,0.0,0.0,245.65,1.31,195.0,1000.64,
2005,2,20,0,-5.59,90.58,0.0,0.0,0.0,242.7,1.23,192.0,1000.54,
2005,2,20,1,-5.23,91.74,0.0,0.0,0.0,245.85,1.06,189.0,1000.6,
2005,2,20,2,-4.88,92.89,0.0,0.0,0.0,249.0,0.89,187.0,1000.67,
2005,2,20,3,-4.52,94.05,0.0,0.0,0.0,252.15,0.72,184.0,1000.73,
2005,2,20,4,-5.1,94.39,0.0,0.0,0.0,248.85,0.68,175.0,1000.57,
2005,2,20,5,-5.69,94.74,0.0,0.0,0.0,245.55,0.63,165.0,1000.4,
2005,2,20,6,-6.27,95.08,0.0,0.0,0.0,242.25,0.59,156.0,1000.24,
2005,2,20,7,-4.23,90.18,1.0,10.54,0.0,242.78,0.75,160.0,1000.27,
2005,2,20,8,-2.19,85.27,21.0,0.0,21.0,243.32,0.91,163.0,1000.31,
2005,2,20,9,-0.15,80.37,51.0,0.0,51.0,243.85,1.08,167.0,1000.34,
2005,2,20,10,0.5,74.87,69.0,0.0,69.0,246.12,1.2,171.0,999.98,
2005,2,20,11,1.14,69.37,78.0,0.0,78.0,248.38,1.33,175.0,999.61,
2005,2,20,12,1.78,63.87,152.0,0.0,152.0,250.65,1.46,178.0,999.25,
2005,2,20,13,1.8,64.33,150.0,0.0,150.0,247.85,1.2,176.0,999.41,
2005,2,20,14,1.83,64.8,39.0,0.0,39.0,245.05,0.93,173.0,999.58,
2005,2,20,15,1.85,65.26,62.0,0.0,62.0,242.25,0.66,171.0,999.74,
2005,2,20,16,-0.07,70.64,19.0,0.0,19.0,237.02,1.1,129.0,999.74,
2005,2,20,17,-1.98,76.01,0.0,0.0,0.0,231.78,1.54,87.0,999.74,
2005,2,20,18,-3.89,81.39,0.0,0.0,0.0,226.55,1.97,46.0,999.74,
2005,2,20,19,-4.86,82.56,0.0,0.0,0.0,221.68,2.09,51.0,999.71,
2005,2,20,20,-5.83,83.74,0.0,0.0,0.0,216.82,2.2,57.0,999.68,
2005,2,20,21,-6.79,84.91,0.0,0.0,0.0,211.95,2.32,63.0,999.65,
2005,2,20,22,-7.08,85.55,0.0,0.0,0.0,211.05,2.51,65.0,999.41,
2005,2,20,23,-7.36,86.18,0.0,0.0,0.0,210.15,2.69,67.0,999.18,
2005,2,21,0,-7.65,86.82,0.0,0.0,0.0,209.25,2.88,69.0,998.95,
2005,2,21,1,-7.32,86.94,0.0,0.0,0.0,212.35,2.91,72.0,998.75,
2005,2,21,2,-7.0,87.07,0.0,0.0,0.0,215.45,2.95,76.0,998.56,
2005,2,21,3,-6.67,87.19,0.0,0.0,0.0,218.55,2.98,79.0,998.36,
2005,2,21,4,-6.64,86.73,0.0,0.0,0.0,220.0,2.89,83.0,998.26,
2005,2,21,5,-6.61,86.26,0.0,0.0,0.0,221.45,2.8,86.0,998.16,
2005,2,21,6,-6.58,85.8,0.0,0.0,0.0,222.9,2.7,90.0,998.06,
2005,2,21,7,-3.6,80.4,2.0,0.0,2.0,229.22,3.15,95.0,998.06,
2005,2,21,8,-0.61,75.0,43.0,0.0,43.0,235.53,3.6,100.0,998.06,
2005,2,21,9,2.37,69.6,55.0,0.0,55.0,241.85,4.06,106.0,998.06,
2005,2,21,10,3.53,66.68,69.0,0.0,69.0,249.18,4.2,112.0,997.63,
2005,2,21,11,4.68,63.76,71.0,0.0,71.0,256.52,4.35,118.0,997.2,
2005,2,21,12,5.83,60.84,72.0,0.0,72.0,263.85,4.5,123.0,996.77,
2005,2,21,13,5.43,65.69,47.0,0.0,47.0,268.95,4.1,131.0,996.84,
2005,2,21,14,5.04,70.55,47.0,0.0,47.0,274.05,3.7,139.0,996.91,
2005,2,21,15,4.64,75.4,37.0,0.0,37.0,279.15,3.3,146.0,996.97,
2005,2,21,16,3.95,77.16,16.0,0.0,16.0,274.33,3.42,146.0,997.01,
2005,2,21,17,3.26,78.93,0.0,0.0,0.0,269.52,3.54,146.0,997.04,
2005,2,21,18,2.58,80.69,0.0,0.0,0.0,264.7,3.66,146.0,997.07,
2005,2,21,19,2.26,81.07,0.0,0.0,0.0,261.03,3.72,143.0,997.14,
2005,2,21,20,1.94,81.45,0.0,0.0,0.0,257.37,3.79,141.0,997.2,
2005,2,21,21,1.63,81.83,0.0,0.0,0.0,253.7,3.86,138.0,997.27,
2005,2,21,22,1.83,80.57,0.0,0.0,0.0,258.48,4.21,135.0,996.94,
2005,2,21,23,2.03,79.3,0.0,0.0,0.0,263.27,4.56,132.0,996.61,
2005,2,22,0,2.23,78.04,0.0,0.0,0.0,268.05,4.91,128.0,996.28,
2005,2,22,1,2.08,78.43,0.0,0.0,0.0,273.28,5.11,131.0,996.11,
2005,2,22,2,1.92,78.81,0.0,0.0,0.0,278.52,5.31,134.0,995.95,
2005,2,22,3,1.77,79.2,0.0,0.0,0.0,283.75,5.52,136.0,995.78,
2005,2,22,4,2.12,80.93,0.0,0.0,0.0,287.78,5.84,143.0,995.82,
2005,2,22,5,2.47,82.66,0.0,0.0,0.0,291.82,6.16,149.0,995.85,
2005,2,22,6,2.82,84.39,0.0,0.0,0.0,295.85,6.48,156.0,995.88,
2005,2,22,7,3.86,81.86,8.0,0.0,8.0,292.53,6.3,159.0,996.18,
2005,2,22,8,4.89,79.34,88.0,22.99,82.0,289.22,6.11,162.0,996.48,
2005,2,22,9,5.93,76.81,59.0,0.0,59.0,285.9,5.93,165.0,996.77,
2005,2,22,10,6.65,74.52,91.0,0.0,91.0,289.32,5.67,161.0,996.64,
2005,2,22,11,7.37,72.22,70.0,0.0,70.0,292.73,5.42,158.0,996.51,
2005,2,22,12,8.09,69.93,65.0,0.0,65.0,296.15,5.16,155.0,996.38,
2005,2,22,13,7.36,75.3,98.0,0.0,98.0,300.7,4.94,147.0,996.31,
2005,2,22,14,6.64,80.66,76.0,0.0,76.0,305.25,4.73,139.0,996.25,
2005,2,22,15,5.91,86.03,40.0,0.0,40.0,309.8,4.51,131.0,996.18,
2005,2,22,16,5.85,85.0,22.0,0.0,22.0,312.1,5.05,134.0,995.69,
2005,2,22,17,5.79,83.96,0.0,0.0,0.0,314.4,5.59,137.0,995.19,
2005,2,22,18,5.73,82.93,0.0,0.0,0.0,316.7,6.12,140.0,994.7,
2005,2,22,19,5.78,80.74,0.0,0.0,0.0,313.63,6.4,142.0,994.4,
2005,2,22,20,5.83,78.56,0.0,0.0,0.0,310.57,6.68,144.0,994.1,
2005,2,22,21,5.89,76.37,0.0,0.0,0.0,307.5,6.95,146.0,993.81,
2005,2,22,22,5.94,75.79,0.0,0.0,0.0,307.73,6.92,149.0,993.67,
2005,2,22,23,6.0,75.22,0.0,0.0,0.0,307.97,6.89,152.0,993.54,
2005,2,23,0,6.05,74.64,0.0,0.0,0.0,308.2,6.86,155.0,993.41,
2005,2,23,1,5.44,77.61,0.0,0.0,0.0,310.5,6.35,158.0,993.81,
2005,2,23,2,4.82,80.58,0.0,0.0,0.0,312.8,5.84,161.0,994.2,
2005,2,23,3,4.2,83.55,0.0,0.0,0.0,315.1,5.34,164.0,994.6,
2005,2,23,4,3.75,87.48,0.0,0.0,0.0,315.83,4.77,175.0,994.99,
2005,2,23,5,3.3,91.4,0.0,0.0,0.0,316.57,4.21,186.0,995.39,
2005,2,23,6,2.86,95.33,0.0,0.0,0.0,317.3,3.64,197.0,995.78,
2005,2,23,7,2.8,96.02,3.0,0.0,3.0,317.58,3.64,204.0,996.68,
2005,2,23,8,2.75,96.71,23.0,0.0,23.0,317.87,3.63,211.0,997.57,
2005,2,23,9,2.69,97.4,63.0,0.0,63.0,318.15,3.63,218.0,998.46,
2005,2,23,10,2.69,96.14,86.0,0.0,86.0,309.88,3.34,222.0,999.15,
2005,2,23,11,2.69,94.88,159.0,0.0,159.0,301.62,3.06,226.0,999.84,
2005,2,23,12,2.68,93.62,305.0,65.57,269.0,293.35,2.77,229.0,1000.54,
2005,2,23,13,2.94,91.61,346.0,152.96,268.0,280.87,2.22,198.0,1000.7,
2005,2,23,14,3.19,89.59,194.0,16.37,187.0,268.38,1.67,168.0,1000.87,
2005,2,23,15,3.45,87.58,85.0,0.0,85.0,255.9,1.12,137.0,1001.03,
2005,2,23,16,1.83,89.53,66.0,6.31,65.0,255.15,1.52,124.0,1001.06,
2005,2,23,17,0.21,91.48,0.0,0.0,0.0,254.4,1.92,110.0,1001.1,
2005,2,23,18,-1.41,93.43,0.0,0.0,0.0,253.65,2.32,97.0,1001.13,
2005,2,23,19,-0.94,93.39,0.0,0.0,0.0,259.7,2.39,94.0,1000.77,
2005,2,23,20,-0.46,93.36,0.0,0.0,0.0,265.75,2.46,90.0,1000.4,
2005,2,23,21,0.02,93.32,0.0,0.0,0.0,271.8,2.54,86.0,1000.04,
2005,2,23,22,0.45,92.56,0.0,0.0,0.0,276.4,2.78,93.0,999.48,
2005,2,23,23,0.89,91.79,0.0,0.0,0.0,281.0,3.02,101.0,998.92,
2005,2,24,0,1.32,91.03,0.0,0.0,0.0,285.6,3.26,108.0,998.36,
2005,2,24,1,1.9,89.96,0.0,0.0,0.0,280.52,3.88,129.0,998.0,
2005,2,24,2,2.47,88.9,0.0,0.0,0.0,275.43,4.5,151.0,997.63,
2005,2,24,3,3.05,87.83,0.0,0.0,0.0,270.35,5.12,172.0,997.27,
2005,2,24,4,2.94,86.88,0.0,0.0,0.0,267.65,5.02,180.0,997.7,
2005,2,24,5,2.83,85.92,0.0,0.0,0.0,264.95,4.91,188.0,998.13,
2005,2,24,6,2.72,84.97,0.0,0.0,0.0,262.25,4.81,196.0,998.56,
2005,2,24,7,3.39,83.75,35.0,147.34,18.0,265.25,5.14,201.0,999.32,
2005,2,24,8,4.06,82.52,195.0,493.28,61.0,268.25,5.47,206.0,1000.07,
2005,2,24,9,4.73,81.3,299.0,373.82,149.0,271.25,5.79,211.0,1000.83,
2005,2,24,10,4.84,77.82,406.0,429.98,193.0,267.67,5.93,215.0,1001.16,
2005,2,24,11,4.95,74.33,483.0,496.73,211.0,264.08,6.06,220.0,1001.49,
2005,2,24,12,5.06,70.85,570.0,788.36,133.0,260.5,6.19,224.0,1001.82,
2005,2,24,13,4.91,71.88,558.0,894.93,97.0,259.3,5.56,229.0,1002.38,
2005,2,24,14,4.77,72.9,460.0,801.99,113.0,258.1,4.92,234.0,1002.94,
2005,2,24,15,4.62,73.93,349.0,905.34,66.0,256.9,4.29,239.0,1003.51,
2005,2,24,16,3.12,79.27,124.0,196.26,92.0,249.25,3.49,237.0,1003.97,
2005,2,24,17,1.63,84.61,0.0,0.0,0.0,241.6,2.69,235.0,1004.43,
2005,2,24,18,0.14,89.95,0.0,0.0,0.0,233.95,1.89,233.0,1004.89,
2005,2,24,19,-0.68,91.59,0.0,0.0,0.0,231.92,1.67,215.0,1005.19,
2005,2,24,20,-1.49,93.24,0.0,0.0,0.0,229.88,1.46,196.0,1005.49,
2005,2,24,21,-2.3,94.88,0.0,0.0,0.0,227.85,1.24,178.0,1005.78,
2005,2,24,22,-2.52,95.29,0.0,0.0,0.0,227.65,1.25,171.0,1005.82,
2005,2,24,23,-2.74,95.71,0.0,0.0,0.0,227.45,1.26,164.0,1005.85,
2005,2,25,0,-2.96,96.12,0.0,0.0,0.0,227.25,1.27,157.0,1005.88,
2005,2,25,1,-2.8,96.23,0.0,0.0,0.0,226.58,1.3,154.0,1005.95,
2005,2,25,2,-2.65,96.34,0.0,0.0,0.0,225.92,1.33,150.0,1006.01,
2005,2,25,3,-2.5,96.45,0.0,0.0,0.0,225.25,1.37,146.0,1006.08,
2005,2,25,4,-2.52,96.35,0.0,0.0,0.0,227.37,1.66,131.0,1005.85,
2005,2,25,5,-2.54,96.25,0.0,0.0,0.0,229.48,1.96,116.0,1005.62,
2005,2,25,6,-2.55,96.15,0.0,0.0,0.0,231.6,2.26,101.0,1005.39,
2005,2,25,7,-0.5,90.93,5.0,0.0,5.0,241.23,2.42,97.0,1005.12,
2005,2,25,8,1.54,85.72,40.0,0.0,40.0,250.87,2.57,93.0,1004.86,
2005,2,25,9,3.59,80.5,96.0,0.0,96.0,260.5,2.73,90.0,1004.59,
2005,2,25,10,4.38,74.62,91.0,0.0,91.0,271.87,2.76,88.0,1003.93,
2005,2,25,11,5.17,68.75,87.0,0.0,87.0,283.23,2.79,86.0,1003.27,
2005,2,25,12,5.96,62.87,92.0,0.0,92.0,294.6,2.81,85.0,1002.61,
2005,2,25,13,5.57,66.37,122.0,0.0,122.0,299.4,2.58,76.0,1002.22,
2005,2,25,14,5.17,69.88,85.0,0.0,85.0,304.2,2.34,67.0,1001.82,
2005,2,25,15,4.78,73.38,51.0,0.0,51.0,309.0,2.11,57.0,1001.43,
2005,2,25,16,3.98,76.77,43.0,0.0,43.0,312.47,1.99,55.0,1001.29,
2005,2,25,17,3.18,80.17,0.0,0.0,0.0,315.93,1.86,54.0,1001.16,
2005,2,25,18,2.39,83.56,0.0,0.0,0.0,319.4,1.74,52.0,1001.03,
2005,2,25,19,1.77,85.76,0.0,0.0,0.0,312.88,1.56,46.0,1000.87,
2005,2,25,20,1.15,87.97,0.0,0.0,0.0,306.37,1.39,40.0,1000.7,
2005,2,25,21,0.54,90.17,0.0,0.0,0.0,299.85,1.21,34.0,1000.54,
2005,2,25,22,0.29,91.16,0.0,0.0,0.0,301.43,1.05,24.0,1000.4,
2005,2,25,23,0.04,92.14,0.0,0.0,0.0,303.02,0.89,14.0,1000.27,
2005,2,26,0,-0.21,93.13,0.0,0.0,0.0,304.6,0.73,4.0,1000.14,
2005,2,26,1,-0.82,93.86,0.0,0.0,0.0,289.97,0.88,352.0,1000.47,
2005,2,26,2,-1.44,94.6,0.0,0.0,0.0,275.33,1.03,340.0,1000.8,
2005,2,26,3,-2.06,95.33,0.0,0.0,0.0,260.7,1.19,328.0,1001.13,
2005,2,26,4,-2.2,95.13,0.0,0.0,0.0,261.7,1.28,326.0,1001.06,
2005,2,26,5,-2.35,94.94,0.0,0.0,0.0,262.7,1.38,324.0,1001.0,
2005,2,26,6,-2.49,94.74,0.0,0.0,0.0,263.7,1.48,322.0,1000.93,
2005,2,26,7,-0.73,89.52,45.0,206.4,19.0,264.83,1.58,324.0,1000.83,
2005,2,26,8,1.02,84.3,174.0,279.68,95.0,265.97,1.68,326.0,1000.73,
2005,2,26,9,2.78,79.08,365.0,669.57,89.0,267.1,1.78,328.0,1000.64,
2005,2,26,10,3.51,72.88,491.0,766.3,103.0,271.72,1.92,327.0,1000.01,
2005,2,26,11,4.24,66.68,571.0,825.52,110.0,276.33,2.06,326.0,999.38,
2005,2,26,12,4.96,60.48,609.0,922.17,88.0,280.95,2.19,326.0,998.75,
2005,2,26,13,4.89,61.16,558.0,833.5,120.0,275.08,2.11,324.0,998.49,
2005,2,26,14,4.82,61.84,487.0,903.58,87.0,269.22,2.02,322.0,998.23,
2005,2,26,15,4.75,62.52,338.0,726.27,104.0,263.35,1.93,320.0,997.96,
2005,2,26,16,2.66,70.15,181.0,638.69,71.0,254.4,2.06,327.0,997.5,
2005,2,26,17,0.58,77.77,3.0,0.0,3.0,245.45,2.19,335.0,997.04,
2005,2,26,18,-1.5,85.4,0.0,0.0,0.0,236.5,2.32,342.0,996.58,
2005,2,26,19,-1.95,86.2,0.0,0.0,0.0,233.53,2.04,344.0,996.18,
2005,2,26,20,-2.39,87.0,0.0,0.0,0.0,230.57,1.76,346.0,995.78,
2005,2,26,21,-2.83,87.8,0.0,0.0,0.0,227.6,1.48,348.0,995.39,
2005,2,26,22,-2.79,87.18,0.0,0.0,0.0,231.27,1.62,355.0,994.66,
2005,2,26,23,-2.75,86.56,0.0,0.0,0.0,234.93,1.76,3.0,993.94,
2005,2,27,0,-2.71,85.94,0.0,0.0,0.0,238.6,1.9,11.0,993.21,
2005,2,27,1,-2.48,83.32,0.0,0.0,0.0,243.08,2.15,13.0,992.62,
2005,2,27,2,-2.25,80.71,0.0,0.0,0.0,247.57,2.39,16.0,992.02,
2005,2,27,3,-2.02,78.09,0.0,0.0,0.0,252.05,2.63,18.0,991.43,
2005,2,27,4,-1.83,77.71,0.0,0.0,0.0,256.83,2.95,18.0,990.64,
2005,2,27,5,-1.64,77.32,0.0,0.0,0.0,261.62,3.27,17.0,989.85,
2005,2,27,6,-1.45,76.94,0.0,0.0,0.0,266.4,3.59,16.0,989.05,
2005,2,27,7,-0.47,76.09,7.0,0.0,7.0,271.82,3.95,16.0,988.72,
2005,2,27,8,0.51,75.24,45.0,0.0,45.0,277.23,4.32,16.0,988.39,
2005,2,27,9,1.49,74.39,101.0,0.0,101.0,282.65,4.69,16.0,988.06,
2005,2,27,10,1.52,74.47,117.0,0.0,117.0,286.1,5.63,17.0,987.87,
2005,2,27,11,1.55,74.55,120.0,0.0,120.0,289.55,6.57,18.0,987.67,
2005,2,27,12,1.57,74.63,120.0,0.0,120.0,293.0,7.5,19.0,987.47,
2005,2,27,13,1.1,74.69,72.0,0.0,72.0,294.0,7.5,14.0,988.03,
2005,2,27,14,0.62,74.76,119.0,0.0,119.0,295.0,7.5,10.0,988.59,
2005,2,27,15,0.15,74.82,87.0,0.0,87.0,296.0,7.5,5.0,989.15,
2005,2,27,16,-0.8,72.78,24.0,0.0,24.0,296.23,7.94,6.0,990.04,
2005,2,27,17,-1.75,70.73,3.0,0.0,3.0,296.47,8.39,7.0,990.93,
2005,2,27,18,-2.7,68.69,0.0,0.0,0.0,296.7,8.83,7.0,991.83,
2005,2,27,19,-3.38,65.9,0.0,0.0,0.0,294.75,8.83,8.0,992.75,
2005,2,27,20,-4.06,63.1,0.0,0.0,0.0,292.8,8.83,9.0,993.67,
2005,2,27,21,-4.73,60.31,0.0,0.0,0.0,290.85,8.83,10.0,994.6,
2005,2,27,22,-5.09,56.82,0.0,0.0,0.0,287.22,8.5,10.0,995.49,
2005,2,27,23,-5.45,53.33,0.0,0.0,0.0,283.58,8.17,9.0,996.38,
2005,2,28,0,-5.81,49.84,0.0,0.0,0.0,279.95,7.83,8.0,997.27,
2005,2,28,1,-6.13,47.52,0.0,0.0,0.0,267.32,7.37,6.0,998.29,
2005,2,28,2,-6.46,45.19,0.0,0.0,0.0,254.68,6.91,3.0,999.32,
2005,2,28,3,-6.78,42.87,0.0,0.0,0.0,242.05,6.44,1.0,1000.34,
2005,2,28,4,-7.08,42.9,0.0,0.0,0.0,234.23,6.23,2.0,1000.93,
2005,2,28,5,-7.38,42.93,0.0,0.0,0.0,226.42,6.03,2.0,1001.53,
2005,2,28,6,-7.68,42.96,0.0,0.0,0.0,218.6,5.82,2.0,1002.12,
2005,2,28,7,-6.82,41.39,30.0,21.93,27.0,212.52,5.74,3.0,1002.58,
2005,2,28,8,-5.97,39.82,147.0,119.27,112.0,206.43,5.66,3.0,1003.04,
2005,2,28,9,-5.11,38.25,289.0,262.24,178.0,200.35,5.59,3.0,1003.51,
2005,2,28,10,-4.67,37.2,330.0,158.49,248.0,198.7,5.4,357.0,1003.47,
2005,2,28,11,-4.24,36.16,453.0,337.23,261.0,197.05,5.21,350.0,1003.44,
2005,2,28,12,-3.81,35.11,196.0,1.74,195.0,195.4,5.02,344.0,1003.41,
2005,2,28,13,-3.78,35.32,86.0,0.0,86.0,199.52,4.69,344.0,1003.57,
2005,2,28,14,-3.75,35.53,94.0,0.0,94.0,203.63,4.35,344.0,1003.74,
2005,2,28,15,-3.72,35.74,59.0,0.0,59.0,207.75,4.01,343.0,1003.9,
2005,2,28,16,-4.37,36.38,208.0,876.64,49.0,198.97,3.59,348.0,1003.93,
2005,2,28,17,-9.31,32.16,4.0,0.0,4.0,138.86,2.02,352.0,1003.97,
2005,2,28,18,-7.96,34.91,0.0,0.0,0.0,153.28,2.08,356.0,1004.0,
2005,2,28,19,-6.62,37.66,0.0,0.0,0.0,167.71,2.15,343.0,1004.43,
2005,2,28,20,-5.27,40.4,0.0,0.0,0.0,182.14,2.21,329.0,1004.86,
2005,2,28,21,-3.93,43.15,0.0,0.0,0.0,196.56,2.27,316.0,1005.29,
2005,2,28,22,-2.58,45.9,0.0,0.0,0.0,210.99,2.34,305.0,1005.58,
2005,2,28,23,-1.23,48.64,0.0,0.0,0.0,225.41,2.4,293.0,1005.88,
2010,3,1,0,0.11,51.39,0.0,0.0,0.0,239.84,2.46,282.0,1006.18,
2010,3,1,1,1.46,54.14,0.0,0.0,0.0,254.26,2.53,215.0,995.72,
2010,3,1,2,2.8,56.89,0.0,0.0,0.0,268.69,2.59,225.0,996.05,
2010,3,1,3,4.15,59.63,0.0,0.0,0.0,283.11,2.65,235.0,996.38,
2010,3,1,4,5.49,62.38,0.0,0.0,0.0,297.54,2.72,232.0,996.84,
2010,3,1,5,6.84,65.13,0.0,0.0,0.0,311.96,2.78,229.0,997.3,
2010,3,1,6,8.18,67.88,0.0,0.0,0.0,326.39,2.84,226.0,997.76,
2010,3,1,7,9.53,70.62,51.0,21.09,48.0,340.81,2.91,229.0,998.52,
2010,3,1,8,10.87,73.37,74.0,0.0,74.0,355.24,2.97,232.0,999.28,
2010,3,1,9,9.55,76.3,110.0,0.0,110.0,339.25,3.46,236.0,1000.04,
2010,3,1,10,10.25,73.97,131.0,0.0,131.0,338.35,2.97,246.0,1000.21,
2010,3,1,11,10.95,71.64,73.0,0.0,73.0,337.45,2.47,256.0,1000.37,
2010,3,1,12,11.65,69.31,206.0,3.44,204.0,336.55,1.97,266.0,1000.54,
2010,3,1,13,12.06,67.1,533.0,711.62,148.0,327.35,1.71,253.0,1000.47,
2010,3,1,14,12.48,64.88,442.0,701.43,121.0,318.15,1.44,240.0,1000.4,
2010,3,1,15,12.89,62.67,222.0,196.12,156.0,308.95,1.17,227.0,1000.34,
2010,3,1,16,10.72,71.03,115.0,204.38,77.0,298.7,1.77,218.0,1000.73,
2010,3,1,17,8.54,79.4,0.0,0.0,0.0,288.45,2.36,209.0,1001.13,
2010,3,1,18,6.36,87.76,0.0,0.0,0.0,278.2,2.95,200.0,1001.53,
2010,3,1,19,5.55,90.17,0.0,0.0,0.0,276.83,3.03,199.0,1001.82,
2010,3,1,20,4.73,92.57,0.0,0.0,0.0,275.47,3.1,199.0,1002.12,
2010,3,1,21,3.91,94.98,0.0,0.0,0.0,274.1,3.17,199.0,1002.42,
2010,3,1,22,3.95,95.69,0.0,0.0,0.0,276.75,2.92,257.0,1002.61,
2010,3,1,23,3.98,96.39,0.0,0.0,0.0,279.4,2.67,316.0,1002.81,
2010,3,2,0,4.02,97.1,0.0,0.0,0.0,282.05,2.41,14.0,1003.01,
2010,3,2,1,3.69,94.56,0.0,0.0,0.0,277.05,2.36,18.0,1003.27,
2010,3,2,2,3.36,92.01,0.0,0.0,0.0,272.05,2.3,21.0,1003.54,
2010,3,2,3,3.03,89.47,0.0,0.0,0.0,267.05,2.25,25.0,1003.8,
2010,3,2,4,3.11,87.84,0.0,0.0,0.0,267.3,2.34,23.0,1004.3,
2010,3,2,5,3.19,86.22,0.0,0.0,0.0,267.55,2.42,21.0,1004.79,
2010,3,2,6,3.27,84.59,0.0,0.0,0.0,267.8,2.51,19.0,1005.29,
2010,3,2,7,5.19,77.23,35.0,0.0,35.0,271.32,2.87,13.0,1006.05,
2010,3,2,8,7.11,69.86,254.0,482.6,107.0,274.83,3.23,8.0,1006.81,
2010,3,2,9,9.02,62.5,415.0,683.61,118.0,278.35,3.59,2.0,1007.56,
2010,3,2,10,9.61,56.51,500.0,624.42,170.0,281.7,3.77,357.0,1007.56,
2010,3,2,11,10.2,50.53,334.0,84.44,285.0,285.05,3.94,352.0,1007.56,
2010,3,2,12,10.79,44.54,375.0,133.03,297.0,288.4,4.12,346.0,1007.56,
2010,3,2,13,10.21,45.44,523.0,646.31,170.0,285.92,4.0,337.0,1007.73,
2010,3,2,14,9.64,46.33,441.0,663.64,134.0,283.43,3.87,328.0,1007.89,
2010,3,2,15,9.06,47.23,269.0,377.99,140.0,280.95,3.74,318.0,1008.06,
2010,3,2,16,7.83,49.65,87.0,57.75,76.0,283.53,3.36,319.0,1008.55,
2010,3,2,17,6.59,52.07,0.0,0.0,0.0,286.12,2.98,320.0,1009.05,
2010,3,2,18,5.35,54.49,0.0,0.0,0.0,288.7,2.61,320.0,1009.54,
2010,3,2,19,4.7,57.42,0.0,0.0,0.0,289.02,2.86,317.0,1009.91,
2010,3,2,20,4.04,60.36,0.0,0.0,0.0,289.33,3.11,314.0,1010.27,
2010,3,2,21,3.38,63.29,0.0,0.0,0.0,289.65,3.37,311.0,1010.63,
2010,3,2,22,3.14,66.14,0.0,0.0,0.0,283.47,3.0,299.0,1010.76,
2010,3,2,23,2.9,69.0,0.0,0.0,0.0,277.28,2.63,288.0,1010.9,
2010,3,3,0,2.66,71.85,0.0,0.0,0.0,271.1,2.26,276.0,1011.03,
2010,3,3,1,2.52,73.22,0.0,0.0,0.0,266.98,2.72,276.0,1011.13,
2010,3,3,2,2.39,74.58,0.0,0.0,0.0,262.87,3.17,277.0,1011.23,
2010,3,3,3,2.26,75.95,0.0,0.0,0.0,258.75,3.63,277.0,1011.33,
2010,3,3,4,2.07,81.29,0.0,0.0,0.0,255.3,3.6,277.0,1011.46,
2010,3,3,5,1.87,86.63,0.0,0.0,0.0,251.85,3.57,277.0,1011.59,
2010,3,3,6,1.67,91.97,0.0,0.0,0.0,248.4,3.54,278.0,1011.72,
2010,3,3,7,2.96,87.89,105.0,326.08,55.0,254.52,3.71,288.0,1012.12,
2010,3,3,8,4.25,83.82,216.0,248.21,139.0,260.63,3.89,298.0,1012.51,
2010,3,3,9,5.54,79.74,424.0,702.14,115.0,266.75,4.06,308.0,1012.91,
2010,3,3,10,6.31,71.36,539.0,777.06,124.0,270.7,4.02,305.0,1012.68,
2010,3,3,11,7.07,62.98,605.0,821.16,124.0,274.65,3.99,301.0,1012.45,
2010,3,3,12,7.84,54.6,599.0,765.66,146.0,278.6,3.96,297.0,1012.22,
2010,3,3,13,7.61,51.99,538.0,689.25,158.0,271.38,3.77,295.0,1011.95,
2010,3,3,14,7.38,49.39,451.0,692.98,127.0,264.17,3.58,293.0,1011.69,
2010,3,3,15,7.15,46.78,322.0,673.39,89.0,256.95,3.39,290.0,1011.42,
2010,3,3,16,5.75,52.31,149.0,425.62,66.0,254.17,3.49,292.0,1011.23,
2010,3,3,17,4.34,57.84,0.0,0.0,0.0,251.38,3.6,294.0,1011.03,
2010,3,3,18,2.93,63.37,0.0,0.0,0.0,248.6,3.7,296.0,1010.83,
2010,3,3,19,2.21,65.9,0.0,0.0,0.0,249.6,2.64,354.0,1010.76,
2010,3,3,20,1.49,68.43,0.0,0.0,0.0,250.6,1.59,52.0,1010.7,
2010,3,3,21,0.76,70.96,0.0,0.0,0.0,251.6,0.54,111.0,1010.63,
2010,3,3,22,0.57,73.71,0.0,0.0,0.0,255.92,1.04,112.0,1010.01,
2010,3,3,23,0.38,76.45,0.0,0.0,0.0,260.23,1.55,113.0,1009.38,
2010,3,4,0,0.19,79.2,0.0,0.0,0.0,264.55,2.06,114.0,1008.75,
2010,3,4,1,0.33,76.47,0.0,0.0,0.0,270.85,2.06,105.0,1007.83,
2010,3,4,2,0.47,73.75,0.0,0.0,0.0,277.15,2.06,97.0,1006.9,
2010,3,4,3,0.61,71.02,0.0,0.0,0.0,283.45,2.07,88.0,1005.98,
2010,3,4,4,1.0,70.41,0.0,0.0,0.0,286.48,2.35,84.0,1005.09,
2010,3,4,5,1.39,69.81,0.0,0.0,0.0,289.52,2.64,79.0,1004.2,
2010,3,4,6,1.77,69.2,0.0,0.0,0.0,292.55,2.92,74.0,1003.31,
2010,3,4,7,2.96,66.92,22.0,0.0,22.0,296.42,3.62,71.0,1002.71,
2010,3,4,8,4.15,64.65,73.0,0.0,73.0,300.28,4.32,68.0,1002.12,
2010,3,4,9,5.34,62.37,147.0,2.24,146.0,304.15,5.02,66.0,1001.53,
2010,3,4,10,5.85,60.12,306.0,81.53,262.0,308.32,5.11,63.0,1000.57,
2010,3,4,11,6.36,57.87,319.0,59.2,284.0,312.48,5.2,61.0,999.61,
2010,3,4,12,6.87,55.62,352.0,92.13,297.0,316.65,5.3,59.0,998.66,
2010,3,4,13,6.62,56.39,250.0,23.36,237.0,317.87,5.2,53.0,998.23,
2010,3,4,14,6.37,57.15,163.0,4.23,161.0,319.08,5.1,47.0,997.8,
2010,3,4,15,6.12,57.92,94.0,0.0,94.0,320.3,5.01,41.0,997.37,
2010,3,4,16,5.45,59.02,35.0,0.0,35.0,320.32,5.14,36.0,997.2,
2010,3,4,17,4.78,60.11,0.0,0.0,0.0,320.33,5.26,32.0,997.04,
2010,3,4,18,4.1,61.21,0.0,0.0,0.0,320.35,5.39,28.0,996.87,
2010,3,4,19,3.73,61.6,0.0,0.0,0.0,319.53,5.48,25.0,996.87,
2010,3,4,20,3.36,61.98,0.0,0.0,0.0,318.72,5.56,22.0,996.87,
2010,3,4,21,2.99,62.37,0.0,0.0,0.0,317.9,5.64,19.0,996.87,
2010,3,4,22,2.97,62.54,0.0,0.0,0.0,317.47,5.54,15.0,996.81,
2010,3,4,23,2.96,62.72,0.0,0.0,0.0,317.03,5.45,11.0,996.74,
2010,3,5,0,2.94,62.89,0.0,0.0,0.0,316.6,5.35,8.0,996.68,
2010,3,5,1,2.18,64.43,0.0,0.0,0.0,313.22,5.24,2.0,997.24,
2010,3,5,2,1.43,65.96,0.0,0.0,0.0,309.83,5.12,356.0,997.8,
2010,3,5,3,0.68,67.5,0.0,0.0,0.0,306.45,5.01,350.0,998.36,
2010,3,5,4,0.69,68.9,0.0,0.0,0.0,304.42,5.13,348.0,998.59,
2010,3,5,5,0.7,70.3,0.0,0.0,0.0,302.38,5.25,345.0,998.82,
2010,3,5,6,0.7,71.7,0.0,0.0,0.0,300.35,5.37,343.0,999.05,
2010,3,5,7,1.33,69.89,47.0,6.08,46.0,297.28,5.6,344.0,999.41,
2010,3,5,8,1.95,68.09,115.0,9.33,112.0,294.22,5.84,346.0,999.78,
2010,3,5,9,2.57,66.28,190.0,17.72,182.0,291.15,6.08,347.0,1000.14,
2010,3,5,10,3.21,62.54,256.0,29.34,240.0,290.13,6.26,344.0,1000.14,
2010,3,5,11,3.86,58.8,352.0,92.17,297.0,289.12,6.44,340.0,1000.14,
2010,3,5,12,4.5,55.06,393.0,144.45,306.0,288.1,6.62,337.0,1000.14,
2010,3,5,13,4.29,52.74,349.0,121.09,281.0,287.1,6.23,332.0,1000.64,
2010,3,5,14,4.08,50.43,305.0,146.63,235.0,286.1,5.84,328.0,1001.13,
2010,3,5,15,3.87,48.11,200.0,98.47,165.0,285.1,5.45,323.0,1001.62,
2010,3,5,16,2.88,48.15,93.0,58.81,81.0,277.93,5.87,321.0,1002.05,
2010,3,5,17,1.88,48.18,0.0,0.0,0.0,270.77,6.29,319.0,1002.48,
2010,3,5,18,0.88,48.22,0.0,0.0,0.0,263.6,6.7,318.0,1002.91,
2010,3,5,19,0.17,48.54,0.0,0.0,0.0,255.2,5.98,318.0,1003.31,
2010,3,5,20,-0.55,48.85,0.0,0.0,0.0,246.8,5.25,319.0,1003.7,
2010,3,5,21,-1.27,49.17,0.0,0.0,0.0,238.4,4.52,319.0,1004.1,
2010,3,5,22,-1.46,50.33,0.0,0.0,0.0,235.63,4.3,317.0,1004.2,
2010,3,5,23,-1.66,51.48,0.0,0.0,0.0,232.87,4.08,315.0,1004.3,
2010,3,6,0,-1.85,52.64,0.0,0.0,0.0,230.1,3.86,314.0,1004.4,
2010,3,6,1,-2.64,53.7,0.0,0.0,0.0,225.63,3.37,313.0,1004.63,
2010,3,6,2,-3.43,54.75,0.0,0.0,0.0,221.17,2.88,313.0,1004.86,
2010,3,6,3,-4.22,55.81,0.0,0.0,0.0,216.7,2.39,313.0,1005.09,
2010,3,6,4,-4.09,56.78,0.0,0.0,0.0,216.75,2.62,312.0,1005.16,
2010,3,6,5,-3.96,57.76,0.0,0.0,0.0,216.8,2.86,311.0,1005.22,
2010,3,6,6,-3.83,58.73,0.0,0.0,0.0,216.85,3.09,310.0,1005.29,
2010,3,6,7,-2.74,56.8,75.0,52.86,66.0,216.97,3.05,315.0,1005.49,
2010,3,6,8,-1.66,54.86,209.0,177.23,151.0,217.08,3.02,319.0,1005.68,
2010,3,6,9,-0.58,52.93,202.0,24.07,191.0,217.2,2.98,324.0,1005.88,
2010,3,6,10,0.03,50.39,262.0,32.68,244.0,221.27,2.88,317.0,1005.82,
2010,3,6,11,0.65,47.85,393.0,144.48,306.0,225.33,2.79,311.0,1005.75,
2010,3,6,12,1.26,45.31,438.0,218.9,305.0,229.4,2.69,305.0,1005.68,
2010,3,6,13,1.25,43.59,68.0,0.0,68.0,230.5,2.74,307.0,1005.98,
2010,3,6,14,1.25,41.86,169.0,4.15,167.0,231.6,2.8,310.0,1006.28,
2010,3,6,15,1.24,40.14,252.0,241.58,165.0,232.7,2.86,313.0,1006.57,
2010,3,6,16,-0.15,44.56,149.0,326.1,81.0,224.08,3.02,312.0,1007.07,
2010,3,6,17,-1.54,48.97,0.0,0.0,0.0,215.47,3.18,312.0,1007.56,
2010,3,6,18,-2.93,53.39,0.0,0.0,0.0,206.85,3.34,312.0,1008.06,
2010,3,6,19,-3.26,55.0,0.0,0.0,0.0,207.13,2.91,307.0,1008.69,
2010,3,6,20,-3.59,56.62,0.0,0.0,0.0,207.42,2.49,302.0,1009.31,
2010,3,6,21,-3.93,58.23,0.0,0.0,0.0,207.7,2.07,297.0,1009.94,
2010,3,6,22,-3.76,59.49,0.0,0.0,0.0,210.67,1.6,294.0,1010.47,
2010,3,6,23,-3.6,60.74,0.0,0.0,0.0,213.63,1.12,292.0,1011.0,
2010,3,7,0,-3.43,62.0,0.0,0.0,0.0,216.6,0.65,289.0,1011.52,
2010,3,7,1,-3.84,65.57,0.0,0.0,0.0,210.03,1.09,313.0,1012.08,
2010,3,7,2,-4.25,69.14,0.0,0.0,0.0,203.47,1.52,337.0,1012.65,
2010,3,7,3,-4.66,72.71,0.0,0.0,0.0,196.9,1.96,1.0,1013.21,
2010,3,7,4,-4.29,71.11,0.0,0.0,0.0,193.93,1.93,11.0,1013.83,
2010,3,7,5,-3.92,69.52,0.0,0.0,0.0,190.97,1.9,22.0,1014.46,
2010,3,7,6,-3.55,67.92,0.0,0.0,0.0,188.0,1.88,32.0,1015.09,
2010,3,7,7,-1.88,62.33,108.0,210.27,71.0,191.82,1.72,27.0,1015.45,
2010,3,7,8,-0.22,56.73,270.0,426.44,128.0,195.63,1.57,21.0,1015.81,
2010,3,7,9,1.44,51.14,447.0,702.31,122.0,199.45,1.42,16.0,1016.18,
2010,3,7,10,1.92,49.44,556.0,745.82,141.0,208.92,1.69,7.0,1015.94,
2010,3,7,11,2.39,47.73,607.0,729.05,164.0,218.38,1.95,359.0,1015.71,
2010,3,7,12,2.87,46.03,366.0,97.9,306.0,227.85,2.22,350.0,1015.48,
2010,3,7,13,2.42,52.05,57.0,0.0,57.0,232.5,2.14,350.0,1015.75,
2010,3,7,14,1.98,58.06,127.0,0.0,127.0,237.15,2.06,351.0,1016.01,
2010,3,7,15,1.53,64.08,102.0,0.0,102.0,241.8,1.97,351.0,1016.27,
2010,3,7,16,0.17,70.1,96.0,51.64,85.0,232.57,2.39,3.0,1016.24,
2010,3,7,17,-1.2,76.12,1.0,23.73,0.0,223.33,2.81,15.0,1016.21,
2010,3,7,18,-2.57,82.14,0.0,0.0,0.0,214.1,3.23,28.0,1016.18,
2010,3,7,19,-2.97,83.33,0.0,0.0,0.0,213.1,3.04,32.0,1016.27,
2010,3,7,20,-3.37,84.53,0.0,0.0,0.0,212.1,2.86,36.0,1016.37,
2010,3,7,21,-3.77,85.72,0.0,0.0,0.0,211.1,2.68,40.0,1016.47,
2010,3,7,22,-3.65,85.5,0.0,0.0,0.0,210.2,2.64,40.0,1016.34,
2010,3,7,23,-3.52,85.27,0.0,0.0,0.0,209.3,2.6,39.0,1016.21,
2010,3,8,0,-3.4,85.05,0.0,0.0,0.0,208.4,2.57,38.0,1016.08,
2010,3,8,1,-3.73,83.97,0.0,0.0,0.0,206.65,2.74,40.0,1015.78,
2010,3,8,2,-4.06,82.89,0.0,0.0,0.0,204.9,2.91,41.0,1015.48,
2010,3,8,3,-4.39,81.81,0.0,0.0,0.0,203.15,3.08,42.0,1015.19,
2010,3,8,4,-4.12,79.96,0.0,0.0,0.0,202.07,3.69,43.0,1014.79,
2010,3,8,5,-3.86,78.11,0.0,0.0,0.0,200.98,4.3,43.0,1014.39,
2010,3,8,6,-3.6,76.26,0.0,0.0,0.0,199.9,4.91,43.0,1014.0,
2010,3,8,7,-1.85,69.9,142.0,473.29,56.0,204.27,5.12,46.0,1013.64,
2010,3,8,8,-0.1,63.54,284.0,478.25,122.0,208.63,5.32,49.0,1013.27,
2010,3,8,9,1.64,57.18,431.0,591.3,154.0,213.0,5.53,52.0,1012.91,
2010,3,8,10,2.4,52.39,534.0,626.3,182.0,224.83,5.03,55.0,1012.18,
2010,3,8,11,3.17,47.59,547.0,489.33,247.0,236.67,4.53,58.0,1011.46,
2010,3,8,12,3.93,42.8,566.0,537.1,234.0,248.5,4.03,61.0,1010.73,
2010,3,8,13,3.75,43.52,547.0,620.62,189.0,254.57,4.13,60.0,1010.24,
2010,3,8,14,3.58,44.24,463.0,630.06,153.0,260.63,4.24,59.0,1009.74,
2010,3,8,15,3.4,44.96,348.0,692.95,92.0,266.7,4.34,57.0,1009.25,
2010,3,8,16,2.05,48.88,134.0,188.54,93.0,263.9,4.42,51.0,1008.92,
2010,3,8,17,0.7,52.81,15.0,64.6,12.0,261.1,4.49,45.0,1008.59,
2010,3,8,18,-0.65,56.73,0.0,0.0,0.0,258.3,4.57,38.0,1008.26,
2010,3,8,19,-0.89,56.81,0.0,0.0,0.0,256.65,3.98,41.0,1008.12,
2010,3,8,20,-1.13,56.9,0.0,0.0,0.0,255.0,3.4,44.0,1007.99,
2010,3,8,21,-1.38,56.98,0.0,0.0,0.0,253.35,2.81,47.0,1007.86,
2010,3,8,22,-1.0,56.63,0.0,0.0,0.0,258.28,2.86,49.0,1007.76,
2010,3,8,23,-0.63,56.27,0.0,0.0,0.0,263.22,2.9,51.0,1007.66,
2010,3,9,0,-0.25,55.92,0.0,0.0,0.0,268.15,2.94,54.0,1007.56,
2010,3,9,1,-0.83,57.66,0.0,0.0,0.0,267.1,2.49,57.0,1007.83,
2010,3,9,2,-1.41,59.41,0.0,0.0,0.0,266.05,2.05,60.0,1008.09,
2010,3,9,3,-1.99,61.15,0.0,0.0,0.0,265.0,1.6,64.0,1008.36,
2010,3,9,4,-1.75,61.51,0.0,0.0,0.0,267.33,1.73,62.0,1008.36,
2010,3,9,5,-1.51,61.87,0.0,0.0,0.0,269.67,1.87,60.0,1008.36,
2010,3,9,6,-1.27,62.23,0.0,0.0,0.0,272.0,2.0,58.0,1008.36,
2010,3,9,7,-0.33,59.27,98.0,112.02,77.0,275.15,1.88,61.0,1008.62,
2010,3,9,8,0.61,56.31,283.0,441.22,131.0,278.3,1.75,64.0,1008.88,
2010,3,9,9,1.54,53.35,412.0,480.85,184.0,281.45,1.63,67.0,1009.15,
2010,3,9,10,2.21,51.78,514.0,530.27,213.0,283.02,1.89,63.0,1009.21,
2010,3,9,11,2.89,50.21,524.0,405.8,273.0,284.58,2.14,60.0,1009.28,
2010,3,9,12,3.56,48.64,522.0,388.2,280.0,286.15,2.4,57.0,1009.35,
2010,3,9,13,3.52,48.2,471.0,348.86,268.0,283.07,3.01,57.0,1009.81,
2010,3,9,14,3.49,47.76,258.0,56.36,230.0,279.98,3.61,58.0,1010.27,
2010,3,9,15,3.45,47.32,210.0,96.24,174.0,276.9,4.22,58.0,1010.73,
2010,3,9,16,2.42,50.13,147.0,247.86,92.0,275.63,3.99,56.0,1011.0,
2010,3,9,17,1.39,52.94,14.0,19.71,13.0,274.37,3.76,53.0,1011.26,
2010,3,9,18,0.35,55.75,0.0,0.0,0.0,273.1,3.53,51.0,1011.52,
2010,3,9,19,-0.29,57.63,0.0,0.0,0.0,267.73,3.48,56.0,1012.08,
2010,3,9,20,-0.94,59.51,0.0,0.0,0.0,262.37,3.42,60.0,1012.65,
2010,3,9,21,-1.59,61.39,0.0,0.0,0.0,257.0,3.37,64.0,1013.21,
2010,3,9,22,-1.67,62.45,0.0,0.0,0.0,249.77,3.36,63.0,1013.44,
2010,3,9,23,-1.74,63.52,0.0,0.0,0.0,242.53,3.36,63.0,1013.67,
2010,3,10,0,-1.82,64.58,0.0,0.0,0.0,235.3,3.35,62.0,1013.9,
2010,3,10,1,-2.14,64.32,0.0,0.0,0.0,236.4,2.86,66.0,1014.2,
2010,3,10,2,-2.46,64.05,0.0,0.0,0.0,237.5,2.37,70.0,1014.49,
2010,3,10,3,-2.78,63.79,0.0,0.0,0.0,238.6,1.88,73.0,1014.79,
2010,3,10,4,-2.3,63.26,0.0,0.0,0.0,244.35,2.35,75.0,1014.43,
2010,3,10,5,-1.82,62.73,0.0,0.0,0.0,250.1,2.83,78.0,1014.06,
2010,3,10,6,-1.35,62.2,0.0,0.0,0.0,255.85,3.31,80.0,1013.7,
2010,3,10,7,-0.14,59.19,111.0,155.23,81.0,263.5,2.95,86.0,1013.7,
2010,3,10,8,1.06,56.18,294.0,473.91,128.0,271.15,2.59,92.0,1013.7,
2010,3,10,9,2.26,53.17,417.0,483.46,185.0,278.8,2.23,98.0,1013.7,
2010,3,10,10,3.21,51.43,363.0,130.84,288.0,281.9,2.64,99.0,1013.14,
2010,3,10,11,4.15,49.69,420.0,163.47,318.0,285.0,3.04,100.0,1012.58,
2010,3,10,12,5.1,47.95,527.0,388.15,283.0,288.1,3.45,100.0,1012.02,
2010,3,10,13,4.89,49.32,357.0,109.05,293.0,290.58,3.33,106.0,1011.79,
2010,3,10,14,4.69,50.68,342.0,189.37,247.0,293.07,3.21,112.0,1011.56,
2010,3,10,15,4.48,52.05,190.0,58.1,168.0,295.55,3.09,118.0,1011.33,
2010,3,10,16,3.58,52.82,67.0,4.42,66.0,297.8,2.88,117.0,1011.03,
2010,3,10,17,2.68,53.59,12.0,18.18,11.0,300.05,2.68,115.0,1010.73,
2010,3,10,18,1.78,54.36,0.0,0.0,0.0,302.3,2.47,113.0,1010.43,
2010,3,10,19,1.46,54.88,0.0,0.0,0.0,303.42,2.12,113.0,1009.94,
2010,3,10,20,1.13,55.41,0.0,0.0,0.0,304.53,1.78,113.0,1009.44,
2010,3,10,21,0.8,55.93,0.0,0.0,0.0,305.65,1.43,114.0,1008.95,
2010,3,10,22,0.7,62.6,0.0,0.0,0.0,306.17,1.06,110.0,1008.29,
2010,3,10,23,0.59,69.26,0.0,0.0,0.0,306.68,0.68,107.0,1007.63,
2010,3,11,0,0.49,75.93,0.0,0.0,0.0,307.2,0.3,104.0,1006.97,
2010,3,11,1,0.1,78.66,0.0,0.0,0.0,306.43,0.39,109.0,1006.71,
2010,3,11,2,-0.28,81.38,0.0,0.0,0.0,305.67,0.48,113.0,1006.44,
2010,3,11,3,-0.67,84.11,0.0,0.0,0.0,304.9,0.57,117.0,1006.18,
2010,3,11,4,-0.49,85.84,0.0,0.0,0.0,304.25,1.13,114.0,1005.58,
2010,3,11,5,-0.31,87.57,0.0,0.0,0.0,303.6,1.69,110.0,1004.99,
2010,3,11,6,-0.13,89.3,0.0,0.0,0.0,302.95,2.25,107.0,1004.4,
2010,3,11,7,0.23,88.74,95.0,70.33,81.0,302.98,2.36,110.0,1004.03,
2010,3,11,8,0.59,88.17,95.0,0.0,95.0,303.02,2.48,114.0,1003.67,
2010,3,11,9,0.95,87.61,104.0,0.0,104.0,303.05,2.59,117.0,1003.31,
2010,3,11,10,1.14,88.94,214.0,5.18,211.0,304.25,2.41,120.0,1002.71,
2010,3,11,11,1.34,90.26,215.0,1.59,214.0,305.45,2.23,123.0,1002.12,
2010,3,11,12,1.53,91.59,274.0,15.78,264.0,306.65,2.04,126.0,1001.53,
2010,3,11,13,1.49,92.22,148.0,0.0,148.0,306.88,2.02,144.0,1001.62,
2010,3,11,14,1.44,92.85,182.0,3.95,180.0,307.12,2.0,162.0,1001.72,
2010,3,11,15,1.4,93.48,67.0,0.0,67.0,307.35,1.97,180.0,1001.82,
2010,3,11,16,1.05,94.29,36.0,0.0,36.0,306.03,2.06,182.0,1001.59,
2010,3,11,17,0.7,95.1,3.0,0.0,3.0,304.72,2.14,185.0,1001.36,
2010,3,11,18,0.35,95.91,0.0,0.0,0.0,303.4,2.22,187.0,1001.13,
2010,3,11,19,0.11,96.51,0.0,0.0,0.0,297.12,1.76,199.0,1001.06,
2010,3,11,20,-0.13,97.11,0.0,0.0,0.0,290.83,1.29,212.0,1001.0,
2010,3,11,21,-0.38,97.71,0.0,0.0,0.0,284.55,0.83,225.0,1000.93,
2010,3,11,22,-0.26,98.0,0.0,0.0,0.0,281.32,1.01,235.0,1000.7,
2010,3,11,23,-0.15,98.28,0.0,0.0,0.0,278.08,1.2,245.0,1000.47,
2010,3,12,0,-0.03,98.57,0.0,0.0,0.0,274.85,1.38,255.0,1000.24,
2010,3,12,1,-0.57,98.55,0.0,0.0,0.0,272.23,1.66,252.0,1000.6,
2010,3,12,2,-1.11,98.52,0.0,0.0,0.0,269.62,1.95,250.0,1000.97,
2010,3,12,3,-1.65,98.5,0.0,0.0,0.0,267.0,2.23,247.0,1001.33,
2010,3,12,4,-1.29,98.33,0.0,0.0,0.0,277.83,2.48,251.0,1001.29,
2010,3,12,5,-0.93,98.17,0.0,0.0,0.0,288.67,2.72,255.0,1001.26,
2010,3,12,6,-0.58,98.0,0.0,0.0,0.0,299.5,2.97,258.0,1001.23,
2010,3,12,7,-0.18,95.39,70.0,9.76,68.0,299.73,3.52,262.0,1001.56,
2010,3,12,8,0.22,92.79,104.0,0.0,104.0,299.97,4.07,265.0,1001.89,
2010,3,12,9,0.61,90.18,162.0,2.04,161.0,300.2,4.62,268.0,1002.22,
2010,3,12,10,1.22,86.35,114.0,0.0,114.0,297.48,5.29,270.0,1002.22,
2010,3,12,11,1.82,82.51,147.0,0.0,147.0,294.77,5.96,272.0,1002.22,
2010,3,12,12,2.43,78.68,119.0,0.0,119.0,292.05,6.63,273.0,1002.22,
2010,3,12,13,2.48,74.58,97.0,0.0,97.0,292.92,6.47,276.0,1002.61,
2010,3,12,14,2.52,70.48,113.0,0.0,113.0,293.78,6.3,278.0,1003.01,
2010,3,12,15,2.57,66.38,90.0,0.0,90.0,294.65,6.14,280.0,1003.41,
2010,3,12,16,1.96,68.05,116.0,72.31,99.0,293.68,5.49,277.0,1003.64,
2010,3,12,17,1.34,69.72,18.0,31.49,16.0,292.72,4.85,273.0,1003.87,
2010,3,12,18,0.72,71.39,0.0,0.0,0.0,291.75,4.21,269.0,1004.1,
2010,3,12,19,0.23,72.06,0.0,0.0,0.0,283.43,3.94,266.0,1004.4,
2010,3,12,20,-0.26,72.73,0.0,0.0,0.0,275.12,3.66,264.0,1004.69,
2010,3,12,21,-0.75,73.4,0.0,0.0,0.0,266.8,3.39,261.0,1004.99,
2010,3,12,22,-0.66,73.62,0.0,0.0,0.0,265.92,3.06,260.0,1005.09,
2010,3,12,23,-0.58,73.84,0.0,0.0,0.0,265.03,2.73,258.0,1005.19,
2010,3,13,0,-0.49,74.06,0.0,0.0,0.0,264.15,2.4,257.0,1005.29,
2010,3,13,1,-0.72,75.84,0.0,0.0,0.0,267.6,2.42,259.0,1005.58,
2010,3,13,2,-0.94,77.63,0.0,0.0,0.0,271.05,2.45,260.0,1005.88,
2010,3,13,3,-1.16,79.41,0.0,0.0,0.0,274.5,2.47,262.0,1006.18,
2010,3,13,4,-0.66,80.45,0.0,0.0,0.0,279.03,2.81,259.0,1006.18,
2010,3,13,5,-0.17,81.5,0.0,0.0,0.0,283.57,3.15,257.0,1006.18,
2010,3,13,6,0.32,82.54,0.0,0.0,0.0,288.1,3.49,255.0,1006.18,
2010,3,13,7,1.37,81.14,58.0,0.0,58.0,293.47,3.93,262.0,1006.34,
2010,3,13,8,2.42,79.75,130.0,5.44,128.0,298.83,4.36,270.0,1006.51,
2010,3,13,9,3.46,78.35,202.0,12.07,196.0,304.2,4.8,278.0,1006.67,
2010,3,13,10,4.24,75.18,163.0,0.0,163.0,304.15,4.46,280.0,1006.31,
2010,3,13,11,5.01,72.01,184.0,0.0,184.0,304.1,4.13,283.0,1005.95,
2010,3,13,12,5.79,68.84,124.0,0.0,124.0,304.05,3.79,285.0,1005.58,
2010,3,13,13,5.77,68.53,96.0,0.0,96.0,301.55,4.61,287.0,1005.58,
2010,3,13,14,5.75,68.23,68.0,0.0,68.0,299.05,5.42,290.0,1005.58,
2010,3,13,15,5.73,67.92,71.0,0.0,71.0,296.55,6.23,292.0,1005.58,
2010,3,13,16,4.89,69.55,68.0,0.0,68.0,292.28,5.62,289.0,1005.65,
2010,3,13,17,4.05,71.19,23.0,44.28,20.0,288.02,5.01,285.0,1005.72,
2010,3,13,18,3.21,72.82,0.0,0.0,0.0,283.75,4.4,281.0,1005.78,
2010,3,13,19,2.67,73.79,0.0,0.0,0.0,275.47,4.34,282.0,1005.98,
2010,3,13,20,2.12,74.77,0.0,0.0,0.0,267.18,4.27,283.0,1006.18,
2010,3,13,21,1.57,75.74,0.0,0.0,0.0,258.9,4.21,284.0,1006.38,
2010,3,13,22,1.43,76.35,0.0,0.0,0.0,253.57,4.46,284.0,1006.44,
2010,3,13,23,1.28,76.96,0.0,0.0,0.0,248.23,4.7,283.0,1006.51,
2010,3,14,0,1.14,77.57,0.0,0.0,0.0,242.9,4.95,282.0,1006.57,
2010,3,14,1,0.86,78.3,0.0,0.0,0.0,248.28,4.64,283.0,1006.54,
2010,3,14,2,0.58,79.03,0.0,0.0,0.0,253.67,4.34,283.0,1006.51,
2010,3,14,3,0.3,79.76,0.0,0.0,0.0,259.05,4.03,284.0,1006.48,
2010,3,14,4,0.61,80.47,0.0,0.0,0.0,259.48,4.29,280.0,1006.34,
2010,3,14,5,0.91,81.18,0.0,0.0,0.0,259.92,4.54,276.0,1006.21,
2010,3,14,6,1.21,81.89,1.0,23.36,0.0,260.35,4.8,271.0,1006.08,
2010,3,14,7,2.82,75.71,169.0,447.81,72.0,263.88,5.96,280.0,1006.15,
2010,3,14,8,4.43,69.53,346.0,658.68,100.0,267.42,7.12,288.0,1006.21,
2010,3,14,9,6.03,63.35,501.0,767.86,115.0,270.95,8.28,296.0,1006.28,
2010,3,14,10,6.65,59.94,604.0,777.52,141.0,277.78,8.29,296.0,1005.95,
2010,3,14,11,7.26,56.53,532.0,362.51,298.0,284.62,8.3,295.0,1005.62,
2010,3,14,12,7.88,53.12,476.0,231.0,326.0,291.45,8.32,294.0,1005.29,
2010,3,14,13,7.42,55.1,196.0,0.0,196.0,290.05,7.81,292.0,1005.09,
2010,3,14,14,6.95,57.08,221.0,17.29,212.0,288.65,7.31,290.0,1004.89,
2010,3,14,15,6.49,59.06,129.0,2.52,128.0,287.25,6.8,288.0,1004.69,
2010,3,14,16,5.04,63.03,72.0,4.1,71.0,280.7,5.95,287.0,1004.79,
2010,3,14,17,3.58,67.0,32.0,125.04,23.0,274.15,5.11,285.0,1004.89,
2010,3,14,18,2.12,70.97,0.0,0.0,0.0,267.6,4.26,284.0,1004.99,
2010,3,14,19,1.45,72.9,0.0,0.0,0.0,259.05,3.99,280.0,1004.96,
2010,3,14,20,0.78,74.82,0.0,0.0,0.0,250.5,3.72,277.0,1004.92,
2010,3,14,21,0.11,76.75,0.0,0.0,0.0,241.95,3.45,273.0,1004.89,
2010,3,14,22,0.18,76.82,0.0,0.0,0.0,237.97,3.73,272.0,1004.73,
2010,3,14,23,0.26,76.88,0.0,0.0,0.0,233.98,4.01,270.0,1004.56,
2010,3,15,0,0.33,76.95,0.0,0.0,0.0,230.0,4.29,269.0,1004.4,
2010,3,15,1,0.4,77.15,0.0,0.0,0.0,233.7,4.5,269.0,1004.03,
2010,3,15,2,0.47,77.36,0.0,0.0,0.0,237.4,4.7,269.0,1003.67,
2010,3,15,3,0.54,77.56,0.0,0.0,0.0,241.1,4.91,269.0,1003.31,
2010,3,15,4,1.16,78.55,0.0,0.0,0.0,257.12,5.58,273.0,1003.34,
2010,3,15,5,1.78,79.55,0.0,0.0,0.0,273.13,6.24,277.0,1003.37,
2010,3,15,6,2.4,80.54,12.0,20.54,11.0,289.15,6.91,281.0,1003.41,
2010,3,15,7,3.12,76.14,110.0,76.41,93.0,290.03,7.59,290.0,1003.87,
2010,3,15,8,3.83,71.73,223.0,118.65,178.0,290.92,8.27,299.0,1004.33,
2010,3,15,9,4.54,67.33,502.0,741.56,125.0,291.8,8.95,308.0,1004.79,
2010,3,15,10,4.73,62.82,532.0,484.19,241.0,283.3,8.55,311.0,1005.32,
2010,3,15,11,4.91,58.3,224.0,1.54,223.0,274.8,8.14,314.0,1005.85,
2010,3,15,12,5.1,53.79,409.0,117.66,332.0,266.3,7.74,317.0,1006.38,
2010,3,15,13,5.17,50.21,426.0,192.93,308.0,259.62,7.16,319.0,1006.64,
2010,3,15,14,5.23,46.62,131.0,0.0,131.0,252.93,6.58,320.0,1006.9,
2010,3,15,15,5.3,43.04,362.0,583.12,128.0,246.25,6.0,322.0,1007.17,
2010,3,15,16,3.95,45.63,161.0,217.64,107.0,242.77,4.88,318.0,1007.86,
2010,3,15,17,2.6,48.22,40.0,210.02,24.0,239.28,3.76,313.0,1008.55,
2010,3,15,18,1.25,50.81,0.0,0.0,0.0,235.8,2.63,309.0,1009.25,
2010,3,15,19,0.39,53.27,0.0,0.0,0.0,231.87,2.58,296.0,1009.64,
2010,3,15,20,-0.48,55.74,0.0,0.0,0.0,227.93,2.53,284.0,1010.04,
2010,3,15,21,-1.35,58.2,0.0,0.0,0.0,224.0,2.48,272.0,1010.43,
2010,3,15,22,-1.34,59.29,0.0,0.0,0.0,221.55,2.41,259.0,1010.34,
2010,3,15,23,-1.33,60.39,0.0,0.0,0.0,219.1,2.34,247.0,1010.24,
2010,3,16,0,-1.32,61.48,0.0,0.0,0.0,216.65,2.26,234.0,1010.14,
2010,3,16,1,-1.25,60.64,0.0,0.0,0.0,219.7,2.91,228.0,1009.51,
2010,3,16,2,-1.17,59.8,0.0,0.0,0.0,222.75,3.57,222.0,1008.88,
2010,3,16,3,-1.09,58.96,0.0,0.0,0.0,225.8,4.22,216.0,1008.26,
2010,3,16,4,-0.49,62.2,0.0,0.0,0.0,235.7,4.84,220.0,1007.73,
2010,3,16,5,0.11,65.44,0.0,0.0,0.0,245.6,5.45,224.0,1007.2,
2010,3,16,6,0.7,68.68,5.0,0.0,5.0,255.5,6.07,228.0,1006.67,
2010,3,16,7,1.82,73.93,54.0,0.0,54.0,266.55,5.83,239.0,1006.77,
2010,3,16,8,2.93,79.18,69.0,0.0,69.0,277.6,5.6,251.0,1006.87,
2010,3,16,9,4.04,84.43,270.0,58.36,240.0,288.65,5.37,263.0,1006.97,
2010,3,16,10,4.57,85.37,303.0,39.57,279.0,294.55,5.69,272.0,1007.1,
2010,3,16,11,5.11,86.32,263.0,9.14,257.0,300.45,6.02,281.0,1007.23,
2010,3,16,12,5.64,87.26,327.0,36.39,303.0,306.35,6.34,290.0,1007.37,
2010,3,16,13,5.59,86.89,271.0,17.84,260.0,303.72,6.47,298.0,1007.63,
2010,3,16,14,5.55,86.52,155.0,0.0,155.0,301.08,6.59,305.0,1007.89,
2010,3,16,15,5.5,86.15,110.0,0.0,110.0,298.45,6.72,312.0,1008.16,
2010,3,16,16,4.35,86.66,108.0,35.66,99.0,293.32,5.36,317.0,1009.18,
2010,3,16,17,3.2,87.17,15.0,0.0,15.0,288.18,4.0,321.0,1010.2,
2010,3,16,18,2.04,87.68,0.0,0.0,0.0,283.05,2.65,326.0,1011.23,
2010,3,16,19,1.16,87.31,0.0,0.0,0.0,278.03,2.63,328.0,1012.12,
2010,3,16,20,0.27,86.95,0.0,0.0,0.0,273.02,2.6,330.0,1013.01,
2010,3,16,21,-0.62,86.58,0.0,0.0,0.0,268.0,2.58,331.0,1013.9,
2010,3,16,22,-1.23,86.44,0.0,0.0,0.0,258.23,2.25,323.0,1014.36,
2010,3,16,23,-1.85,86.31,0.0,0.0,0.0,248.47,1.92,315.0,1014.82,
2010,3,17,0,-2.46,86.17,0.0,0.0,0.0,238.7,1.59,307.0,1015.28,
2010,3,17,1,-2.94,85.36,0.0,0.0,0.0,233.55,1.59,310.0,1015.98,
2010,3,17,2,-3.41,84.56,0.0,0.0,0.0,228.4,1.59,312.0,1016.67,
2010,3,17,3,-3.89,83.75,0.0,0.0,0.0,223.25,1.59,315.0,1017.36,
2010,3,17,4,-3.27,83.47,0.0,0.0,0.0,221.03,1.92,308.0,1017.92,
2010,3,17,5,-2.66,83.18,0.0,0.0,0.0,218.82,2.25,300.0,1018.49,
2010,3,17,6,-2.05,82.9,24.0,99.22,18.0,216.6,2.58,293.0,1019.05,
2010,3,17,7,-0.06,75.61,190.0,495.22,74.0,220.27,2.69,292.0,1019.54,
2010,3,17,8,1.93,68.31,370.0,695.85,98.0,223.93,2.79,291.0,1020.04,
2010,3,17,9,3.91,61.02,523.0,790.79,112.0,227.6,2.9,289.0,1020.53,
2010,3,17,10,4.88,55.62,505.0,374.18,276.0,236.28,3.33,289.0,1020.27,
2010,3,17,11,5.85,50.21,543.0,356.81,307.0,244.97,3.77,289.0,1020.0,
2010,3,17,12,6.82,44.81,649.0,665.08,207.0,253.65,4.21,289.0,1019.74,
2010,3,17,13,6.8,46.2,391.0,125.54,313.0,261.58,4.23,287.0,1019.54,
2010,3,17,14,6.77,47.6,145.0,0.0,145.0,269.52,4.25,285.0,1019.34,
2010,3,17,15,6.75,48.99,197.0,43.89,179.0,277.45,4.28,282.0,1019.15,
2010,3,17,16,5.14,55.98,154.0,159.73,113.0,271.3,3.66,262.0,1019.38,
2010,3,17,17,3.53,62.98,32.0,59.14,27.0,265.15,3.05,243.0,1019.61,
2010,3,17,18,1.92,69.97,0.0,0.0,0.0,259.0,2.44,223.0,1019.84,
2010,3,17,19,1.45,72.49,0.0,0.0,0.0,253.7,2.53,218.0,1019.87,
2010,3,17,20,0.97,75.02,0.0,0.0,0.0,248.4,2.62,212.0,1019.9,
2010,3,17,21,0.49,77.54,0.0,0.0,0.0,243.1,2.7,207.0,1019.94,
2010,3,17,22,0.69,78.09,0.0,0.0,0.0,245.72,2.66,204.0,1019.77,
2010,3,17,23,0.89,78.63,0.0,0.0,0.0,248.33,2.62,201.0,1019.61,
2010,3,18,0,1.09,79.18,0.0,0.0,0.0,250.95,2.58,198.0,1019.44,
2010,3,18,1,1.09,78.14,0.0,0.0,0.0,253.78,2.49,197.0,1019.18,
2010,3,18,2,1.1,77.1,0.0,0.0,0.0,256.62,2.4,195.0,1018.91,
2010,3,18,3,1.1,76.06,0.0,0.0,0.0,259.45,2.3,193.0,1018.65,
2010,3,18,4,1.36,77.26,0.0,0.0,0.0,260.75,2.59,191.0,1018.68,
2010,3,18,5,1.62,78.46,0.0,0.0,0.0,262.05,2.88,189.0,1018.72,
2010,3,18,6,1.87,79.66,19.0,30.13,17.0,263.35,3.17,186.0,1018.75,
2010,3,18,7,4.36,73.92,39.0,0.0,39.0,265.83,2.99,193.0,1018.88,
2010,3,18,8,6.85,68.19,207.0,68.06,180.0,268.32,2.81,200.0,1019.01,
2010,3,18,9,9.34,62.45,329.0,131.33,260.0,270.8,2.63,206.0,1019.15,
2010,3,18,10,10.52,56.7,615.0,728.78,165.0,273.73,2.87,230.0,1018.91,
2010,3,18,11,11.69,50.95,670.0,736.51,179.0,276.67,3.1,254.0,1018.68,
2010,3,18,12,12.87,45.2,604.0,503.29,267.0,279.6,3.34,278.0,1018.45,
2010,3,18,13,12.71,45.08,576.0,549.44,232.0,276.5,2.69,278.0,1018.19,
2010,3,18,14,12.56,44.96,395.0,248.57,261.0,273.4,2.04,279.0,1017.92,
2010,3,18,15,12.4,44.84,373.0,578.95,133.0,270.3,1.39,279.0,1017.66,
2010,3,18,16,10.38,52.23,200.0,387.08,99.0,268.18,1.34,245.0,1017.92,
2010,3,18,17,8.35,59.63,50.0,248.0,28.0,266.07,1.29,211.0,1018.19,
2010,3,18,18,6.32,67.02,0.0,0.0,0.0,263.95,1.24,176.0,1018.45,
2010,3,18,19,4.96,71.89,0.0,0.0,0.0,263.63,1.64,172.0,1018.62,
2010,3,18,20,3.6,76.77,0.0,0.0,0.0,263.32,2.04,168.0,1018.78,
2010,3,18,21,2.23,81.64,0.0,0.0,0.0,263.0,2.44,165.0,1018.95,
2010,3,18,22,2.2,82.13,0.0,0.0,0.0,261.73,2.6,163.0,1018.88,
2010,3,18,23,2.16,82.61,0.0,0.0,0.0,260.47,2.75,161.0,1018.82,
2010,3,19,0,2.13,83.1,0.0,0.0,0.0,259.2,2.91,160.0,1018.75,
2010,3,19,1,2.15,79.53,0.0,0.0,0.0,257.47,2.84,158.0,1018.72,
2010,3,19,2,2.18,75.96,0.0,0.0,0.0,255.73,2.76,156.0,1018.68,
2010,3,19,3,2.2,72.39,0.0,0.0,0.0,254.0,2.69,154.0,1018.65,
2010,3,19,4,2.79,72.07,0.0,0.0,0.0,253.57,3.22,158.0,1018.78,
2010,3,19,5,3.38,71.74,0.0,0.0,0.0,253.13,3.76,162.0,1018.91,
2010,3,19,6,3.97,71.42,22.0,27.66,20.0,252.7,4.29,166.0,1019.05,
2010,3,19,7,6.8,66.24,199.0,479.66,81.0,255.4,4.59,173.0,1018.95,
2010,3,19,8,9.63,61.05,369.0,618.69,120.0,258.1,4.9,179.0,1018.85,
2010,3,19,9,12.45,55.87,522.0,726.9,136.0,260.8,5.2,186.0,1018.75,
2010,3,19,10,13.57,52.21,632.0,775.39,149.0,266.2,5.4,193.0,1018.29,
2010,3,19,11,14.7,48.54,695.0,812.65,149.0,271.6,5.6,200.0,1017.83,
2010,3,19,12,15.82,44.88,695.0,799.01,156.0,277.0,5.79,207.0,1017.36,
2010,3,19,13,15.43,45.35,645.0,792.59,145.0,279.52,5.15,207.0,1016.84,
2010,3,19,14,15.05,45.82,540.0,746.83,134.0,282.03,4.51,208.0,1016.31,
2010,3,19,15,14.66,46.29,299.0,250.65,194.0,284.55,3.86,208.0,1015.78,
2010,3,19,16,12.89,50.72,205.0,399.77,99.0,283.03,3.47,204.0,1015.78,
2010,3,19,17,11.12,55.14,41.0,96.92,32.0,281.52,3.08,200.0,1015.78,
2010,3,19,18,9.34,59.57,0.0,0.0,0.0,280.0,2.69,196.0,1015.78,
2010,3,19,19,8.87,60.89,0.0,0.0,0.0,281.28,2.73,198.0,1015.88,
2010,3,19,20,8.4,62.21,0.0,0.0,0.0,282.57,2.76,200.0,1015.98,
2010,3,19,21,7.93,63.53,0.0,0.0,0.0,283.85,2.8,203.0,1016.08,
2010,3,19,22,7.71,65.73,0.0,0.0,0.0,281.45,2.95,205.0,1016.01,
2010,3,19,23,7.49,67.94,0.0,0.0,0.0,279.05,3.09,208.0,1015.94,
2010,3,20,0,7.27,70.14,0.0,0.0,0.0,276.65,3.24,211.0,1015.88,
2010,3,20,1,6.93,69.47,0.0,0.0,0.0,273.08,3.11,212.0,1015.48,
2010,3,20,2,6.6,68.81,0.0,0.0,0.0,269.52,2.97,213.0,1015.09,
2010,3,20,3,6.27,68.14,0.0,0.0,0.0,265.95,2.84,215.0,1014.69,
2010,3,20,4,6.46,68.97,0.0,0.0,0.0,262.28,3.22,211.0,1014.79,
2010,3,20,5,6.64,69.81,0.0,0.0,0.0,258.62,3.6,208.0,1014.89,
2010,3,20,6,6.82,70.64,37.0,140.59,26.0,254.95,3.97,205.0,1014.99,
2010,3,20,7,8.94,64.57,211.0,531.98,77.0,259.12,4.46,206.0,1014.82,
2010,3,20,8,11.05,58.5,366.0,575.65,131.0,263.28,4.95,208.0,1014.66,
2010,3,20,9,13.16,52.43,523.0,702.53,146.0,267.45,5.43,209.0,1014.49,
2010,3,20,10,14.2,49.86,642.0,792.59,144.0,272.23,6.0,212.0,1013.83,
2010,3,20,11,15.23,47.28,698.0,799.04,157.0,277.02,6.56,214.0,1013.17,
2010,3,20,12,16.27,44.71,701.0,800.55,157.0,281.8,7.12,217.0,1012.51,
2010,3,20,13,16.11,44.98,629.0,708.04,179.0,283.65,6.31,218.0,1011.82,
2010,3,20,14,15.94,45.26,454.0,394.06,238.0,285.5,5.5,220.0,1011.13,
2010,3,20,15,15.78,45.53,338.0,378.04,178.0,287.35,4.69,222.0,1010.43,
2010,3,20,16,14.36,48.92,131.0,63.11,114.0,286.72,4.16,220.0,1010.43,
2010,3,20,17,12.94,52.32,60.0,319.64,29.0,286.08,3.62,218.0,1010.43,
2010,3,20,18,11.51,55.71,0.0,0.0,0.0,285.45,3.09,215.0,1010.43,
2010,3,20,19,11.03,57.33,0.0,0.0,0.0,285.27,3.14,217.0,1010.5,
2010,3,20,20,10.55,58.96,0.0,0.0,0.0,285.08,3.18,219.0,1010.57,
2010,3,20,21,10.07,60.58,0.0,0.0,0.0,284.9,3.23,221.0,1010.63,
2010,3,20,22,10.0,60.94,0.0,0.0,0.0,285.95,3.22,222.0,1010.73,
2010,3,20,23,9.93,61.29,0.0,0.0,0.0,287.0,3.22,222.0,1010.83,
2010,3,21,0,9.86,61.65,0.0,0.0,0.0,288.05,3.21,223.0,1010.93,
2010,3,21,1,9.76,60.81,0.0,0.0,0.0,292.55,3.24,223.0,1010.57,
2010,3,21,2,9.66,59.96,0.0,0.0,0.0,297.05,3.27,223.0,1010.2,
2010,3,21,3,9.56,59.12,0.0,0.0,0.0,301.55,3.3,223.0,1009.84,
2010,3,21,4,9.78,59.63,0.0,0.0,0.0,302.77,3.71,220.0,1009.84,
2010,3,21,5,10.0,60.13,0.0,0.0,0.0,303.98,4.11,217.0,1009.84,
2010,3,21,6,10.22,60.64,11.0,0.0,11.0,305.2,4.52,215.0,1009.84,
2010,3,21,7,11.73,57.92,161.0,182.34,114.0,306.52,5.15,218.0,1009.81,
2010,3,21,8,13.24,55.2,248.0,123.19,197.0,307.83,5.78,220.0,1009.77,
2010,3,21,9,14.74,52.48,391.0,234.22,264.0,309.15,6.41,223.0,1009.74,
2010,3,21,10,15.58,51.67,547.0,438.69,269.0,312.5,6.32,225.0,1009.35,
2010,3,21,11,16.43,50.86,696.0,771.02,170.0,315.85,6.22,228.0,1008.95,
2010,3,21,12,17.27,50.05,572.0,379.87,312.0,319.2,6.12,230.0,1008.55,
2010,3,21,13,17.3,51.5,521.0,351.43,296.0,318.55,5.71,233.0,1008.26,
2010,3,21,14,17.34,52.95,476.0,456.02,224.0,317.9,5.29,236.0,1007.96,
2010,3,21,15,17.37,54.4,412.0,725.1,102.0,317.25,4.87,239.0,1007.66,
2010,3,21,16,15.97,58.53,227.0,508.17,88.0,315.33,4.15,237.0,1007.8,
2010,3,21,17,14.57,62.65,58.0,237.4,34.0,313.42,3.43,234.0,1007.93,
2010,3,21,18,13.17,66.78,0.0,0.0,0.0,311.5,2.7,231.0,1008.06,
2010,3,21,19,12.79,67.94,0.0,0.0,0.0,312.45,3.13,235.0,1008.42,
2010,3,21,20,12.41,69.11,0.0,0.0,0.0,313.4,3.56,238.0,1008.78,
2010,3,21,21,12.02,70.27,0.0,0.0,0.0,314.35,3.99,241.0,1009.15,
2010,3,21,22,11.78,71.99,0.0,0.0,0.0,315.08,3.74,243.0,1009.21,
2010,3,21,23,11.55,73.72,0.0,0.0,0.0,315.82,3.49,244.0,1009.28,
2010,3,22,0,11.31,75.44,0.0,0.0,0.0,316.55,3.24,246.0,1009.35,
2010,3,22,1,10.54,78.55,0.0,0.0,0.0,316.9,2.92,243.0,1009.35,
2010,3,22,2,9.78,81.65,0.0,0.0,0.0,317.25,2.61,241.0,1009.35,
2010,3,22,3,9.01,84.76,0.0,0.0,0.0,317.6,2.29,239.0,1009.35,
2010,3,22,4,9.13,86.15,0.0,0.0,0.0,315.2,2.62,240.0,1009.64,
2010,3,22,5,9.25,87.55,0.0,0.0,0.0,312.8,2.94,240.0,1009.94,
2010,3,22,6,9.37,88.94,25.0,11.1,24.0,310.4,3.27,241.0,1010.24,
2010,3,22,7,11.16,83.53,195.0,341.39,105.0,314.33,3.21,254.0,1010.5,
2010,3,22,8,12.94,78.11,348.0,433.61,166.0,318.27,3.16,266.0,1010.76,
2010,3,22,9,14.72,72.7,471.0,454.56,222.0,322.2,3.1,279.0,1011.03,
2010,3,22,10,15.61,68.06,570.0,494.48,254.0,326.22,3.24,289.0,1010.93,
2010,3,22,11,16.49,63.42,669.0,659.08,216.0,330.23,3.38,300.0,1010.83,
2010,3,22,12,17.38,58.78,612.0,474.39,285.0,334.25,3.52,310.0,1010.73,
2010,3,22,13,17.07,59.88,408.0,127.16,326.0,342.92,3.84,316.0,1010.6,
2010,3,22,14,16.76,60.97,251.0,23.34,238.0,351.58,4.17,323.0,1010.47,
2010,3,22,15,16.45,62.07,156.0,6.95,153.0,360.25,4.5,329.0,1010.34,
2010,3,22,16,15.03,67.77,111.0,21.61,105.0,359.6,3.76,334.0,1010.76,
2010,3,22,17,13.61,73.47,35.0,28.52,32.0,358.95,3.03,339.0,1011.19,
2010,3,22,18,12.18,79.17,0.0,0.0,0.0,358.3,2.29,344.0,1011.62,
2010,3,22,19,11.5,82.14,0.0,0.0,0.0,357.62,2.12,354.0,1011.85,
2010,3,22,20,10.82,85.12,0.0,0.0,0.0,356.93,1.95,5.0,1012.08,
2010,3,22,21,10.13,88.09,0.0,0.0,0.0,356.25,1.78,15.0,1012.32,
2010,3,22,22,10.03,89.08,0.0,0.0,0.0,355.58,1.93,22.0,1012.15,
2010,3,22,23,9.94,90.07,0.0,0.0,0.0,354.92,2.07,28.0,1011.99,
2010,3,23,0,9.84,91.06,0.0,0.0,0.0,354.25,2.22,34.0,1011.82,
2010,3,23,1,9.66,87.98,0.0,0.0,0.0,353.98,2.45,34.0,1011.59,
2010,3,23,2,9.49,84.9,0.0,0.0,0.0,353.72,2.68,34.0,1011.36,
2010,3,23,3,9.31,81.82,0.0,0.0,0.0,353.45,2.91,33.0,1011.13,
2010,3,23,4,9.52,81.72,0.0,0.0,0.0,352.85,3.12,40.0,1011.06,
2010,3,23,5,9.72,81.62,0.0,0.0,0.0,352.25,3.32,46.0,1011.0,
2010,3,23,6,9.92,81.52,30.0,20.82,28.0,351.65,3.53,52.0,1010.93,
2010,3,23,7,11.78,76.22,120.0,40.82,109.0,347.6,3.26,58.0,1010.9,
2010,3,23,8,13.63,70.91,151.0,4.7,149.0,343.55,2.99,64.0,1010.86,
2010,3,23,9,15.48,65.61,234.0,16.27,225.0,339.5,2.72,70.0,1010.83,
2010,3,23,10,16.22,62.15,378.0,90.01,320.0,340.25,2.09,93.0,1010.43,
2010,3,23,11,16.97,58.7,177.0,0.0,177.0,341.0,1.46,116.0,1010.04,
2010,3,23,12,17.71,55.24,142.0,0.0,142.0,341.75,0.83,139.0,1009.64,
2010,3,23,13,16.91,57.56,172.0,0.0,172.0,346.62,0.76,191.0,1009.58,
2010,3,23,14,16.1,59.88,104.0,0.0,104.0,351.48,0.7,243.0,1009.51,
2010,3,23,15,15.3,62.2,108.0,0.0,108.0,356.35,0.63,295.0,1009.44,
2010,3,23,16,14.45,65.77,78.0,0.0,78.0,357.02,1.11,351.0,1009.48,
2010,3,23,17,13.59,69.33,36.0,27.46,33.0,357.68,1.58,46.0,1009.51,
2010,3,23,18,12.73,72.9,0.0,0.0,0.0,358.35,2.06,101.0,1009.54,
2010,3,23,19,11.74,77.65,0.0,0.0,0.0,355.03,1.97,106.0,1009.71,
2010,3,23,20,10.75,82.39,0.0,0.0,0.0,351.72,1.89,112.0,1009.87,
2010,3,23,21,9.75,87.14,0.0,0.0,0.0,348.4,1.81,117.0,1010.04,
2010,3,23,22,9.4,89.58,0.0,0.0,0.0,344.28,1.73,110.0,1010.04,
2010,3,23,23,9.05,92.03,0.0,0.0,0.0,340.17,1.65,103.0,1010.04,
2010,3,24,0,8.7,94.47,0.0,0.0,0.0,336.05,1.57,96.0,1010.04,
2010,3,24,1,8.33,95.27,0.0,0.0,0.0,333.82,1.35,89.0,1009.84,
2010,3,24,2,7.97,96.08,0.0,0.0,0.0,331.58,1.12,81.0,1009.64,
2010,3,24,3,7.6,96.88,0.0,0.0,0.0,329.35,0.9,74.0,1009.44,
2010,3,24,4,8.1,95.77,0.0,0.0,0.0,335.77,1.2,75.0,1009.58,
2010,3,24,5,8.6,94.66,0.0,0.0,0.0,342.18,1.51,75.0,1009.71,
2010,3,24,6,9.1,93.55,24.0,0.0,24.0,348.6,1.82,76.0,1009.84,
2010,3,24,7,11.2,84.23,108.0,18.16,103.0,347.62,2.22,72.0,1010.01,
2010,3,24,8,13.3,74.92,228.0,69.58,198.0,346.63,2.62,68.0,1010.17,
2010,3,24,9,15.4,65.6,554.0,739.06,141.0,345.65,3.02,64.0,1010.34,
2010,3,24,10,16.22,60.67,674.0,831.22,134.0,340.88,3.18,62.0,1009.97,
2010,3,24,11,17.05,55.75,737.0,868.89,131.0,336.12,3.34,59.0,1009.61,
2010,3,24,12,17.87,50.82,731.0,838.42,145.0,331.35,3.5,56.0,1009.25,
2010,3,24,13,17.99,50.6,686.0,863.87,121.0,335.35,3.08,58.0,1008.88,
2010,3,24,14,18.12,50.37,562.0,744.09,141.0,339.35,2.66,59.0,1008.52,
2010,3,24,15,18.24,50.15,419.0,692.81,114.0,343.35,2.23,60.0,1008.16,
2010,3,24,16,16.56,55.95,243.0,538.64,89.0,341.63,2.34,54.0,1008.45,
2010,3,24,17,14.87,61.74,70.0,291.19,37.0,339.92,2.46,48.0,1008.75,
2010,3,24,18,13.18,67.54,0.0,0.0,0.0,338.2,2.57,42.0,1009.05,
2010,3,24,19,11.95,72.0,0.0,0.0,0.0,330.57,2.6,56.0,1009.38,
2010,3,24,20,10.71,76.45,0.0,0.0,0.0,322.93,2.64,71.0,1009.71,
2010,3,24,21,9.47,80.91,0.0,0.0,0.0,315.3,2.68,85.0,1010.04,
2010,3,24,22,9.06,84.17,0.0,0.0,0.0,310.95,2.61,96.0,1010.2,
2010,3,24,23,8.66,87.42,0.0,0.0,0.0,306.6,2.54,106.0,1010.37,
2010,3,25,0,8.25,90.68,0.0,0.0,0.0,302.25,2.47,117.0,1010.53,
2010,3,25,1,8.42,87.35,0.0,0.0,0.0,303.83,2.58,123.0,1010.4,
2010,3,25,2,8.6,84.01,0.0,0.0,0.0,305.42,2.7,130.0,1010.27,
2010,3,25,3,8.78,80.68,0.0,0.0,0.0,307.0,2.81,137.0,1010.14,
2010,3,25,4,9.44,81.27,0.0,0.0,0.0,303.82,2.99,141.0,1010.47,
2010,3,25,5,10.1,81.85,0.0,0.0,0.0,300.63,3.16,145.0,1010.8,
2010,3,25,6,10.75,82.44,25.0,0.0,25.0,297.45,3.34,148.0,1011.13,
2010,3,25,7,13.07,75.49,147.0,85.37,123.0,300.27,3.31,153.0,1011.23,
2010,3,25,8,15.39,68.54,365.0,439.55,173.0,303.08,3.27,158.0,1011.33,
2010,3,25,9,17.71,61.59,544.0,673.41,164.0,305.9,3.24,163.0,1011.42,
2010,3,25,10,18.47,56.96,669.0,787.92,153.0,309.93,3.34,165.0,1011.03,
2010,3,25,11,19.23,52.33,738.0,855.6,137.0,313.97,3.43,166.0,1010.63,
2010,3,25,12,19.99,47.7,716.0,763.13,179.0,318.0,3.53,168.0,1010.24,
2010,3,25,13,19.76,47.4,654.0,715.21,183.0,318.37,3.39,169.0,1009.77,
2010,3,25,14,19.54,47.11,579.0,803.34,121.0,318.73,3.26,170.0,1009.31,
2010,3,25,15,19.31,46.81,295.0,184.52,213.0,319.1,3.12,172.0,1008.85,
2010,3,25,16,17.85,50.12,247.0,541.41,90.0,318.72,3.54,167.0,1009.15,
2010,3,25,17,16.38,53.43,47.0,51.12,41.0,318.33,3.96,162.0,1009.44,
2010,3,25,18,14.91,56.74,0.0,0.0,0.0,317.95,4.39,158.0,1009.74,
2010,3,25,19,14.45,56.94,0.0,0.0,0.0,318.92,4.21,158.0,1010.01,
2010,3,25,20,13.98,57.14,0.0,0.0,0.0,319.88,4.03,158.0,1010.27,
2010,3,25,21,13.51,57.34,0.0,0.0,0.0,320.85,3.85,159.0,1010.53,
2010,3,25,22,13.49,57.36,0.0,0.0,0.0,320.67,4.02,160.0,1010.5,
2010,3,25,23,13.47,57.38,0.0,0.0,0.0,320.48,4.2,162.0,1010.47,
2010,3,26,0,13.45,57.4,0.0,0.0,0.0,320.3,4.37,163.0,1010.43,
2010,3,26,1,13.12,59.36,0.0,0.0,0.0,320.95,4.28,164.0,1010.27,
2010,3,26,2,12.8,61.33,0.0,0.0,0.0,321.6,4.18,165.0,1010.1,
2010,3,26,3,12.47,63.29,0.0,0.0,0.0,322.25,4.08,166.0,1009.94,
2010,3,26,4,12.68,63.34,0.0,0.0,0.0,319.68,4.43,165.0,1010.07,
2010,3,26,5,12.88,63.4,0.0,0.0,0.0,317.12,4.77,165.0,1010.2,
2010,3,26,6,13.08,63.45,54.0,114.24,41.0,314.55,5.12,164.0,1010.34,
2010,3,26,7,14.56,60.18,240.0,508.81,94.0,313.93,5.59,167.0,1010.24,
2010,3,26,8,16.04,56.9,417.0,668.99,121.0,313.32,6.06,170.0,1010.14,
2010,3,26,9,17.52,53.63,566.0,744.21,142.0,312.7,6.54,172.0,1010.04,
2010,3,26,10,18.43,51.45,678.0,804.43,147.0,314.18,6.92,176.0,1009.38,
2010,3,26,11,19.33,49.26,744.0,856.67,138.0,315.67,7.3,180.0,1008.72,
2010,3,26,12,20.24,47.08,741.0,841.35,145.0,317.15,7.68,183.0,1008.06,
2010,3,26,13,19.92,46.84,700.0,883.82,114.0,315.85,7.26,182.0,1007.17,
2010,3,26,14,19.59,46.59,571.0,746.87,142.0,314.55,6.84,181.0,1006.28,
2010,3,26,15,19.27,46.35,414.0,622.01,135.0,313.25,6.41,179.0,1005.39,
2010,3,26,16,17.95,49.0,231.0,411.52,110.0,311.77,6.1,174.0,1005.25,
2010,3,26,17,16.63,51.65,68.0,197.69,44.0,310.28,5.79,169.0,1005.12,
2010,3,26,18,15.3,54.3,0.0,0.0,0.0,308.8,5.48,163.0,1004.99,
2010,3,26,19,14.74,54.31,0.0,0.0,0.0,305.88,5.65,163.0,1004.63,
2010,3,26,20,14.17,54.33,0.0,0.0,0.0,302.97,5.82,163.0,1004.26,
2010,3,26,21,13.6,54.34,0.0,0.0,0.0,300.05,5.99,163.0,1003.9,
2010,3,26,22,13.56,54.52,0.0,0.0,0.0,298.8,5.91,166.0,1003.37,
2010,3,26,23,13.51,54.71,0.0,0.0,0.0,297.55,5.83,169.0,1002.85,
2010,3,27,0,13.47,54.89,0.0,0.0,0.0,296.3,5.75,172.0,1002.32,
2010,3,27,1,12.94,54.68,0.0,0.0,0.0,296.27,5.66,176.0,1001.82,
2010,3,27,2,12.41,54.48,0.0,0.0,0.0,296.23,5.58,180.0,1001.33,
2010,3,27,3,11.88,54.27,0.0,0.0,0.0,296.2,5.49,184.0,1000.83,
2010,3,27,4,11.84,58.16,0.0,0.0,0.0,302.33,5.58,187.0,1001.0,
2010,3,27,5,11.79,62.05,0.0,0.0,0.0,308.47,5.67,190.0,1001.16,
2010,3,27,6,11.74,65.94,8.0,0.0,8.0,314.6,5.77,193.0,1001.33,
2010,3,27,7,11.96,71.78,40.0,0.0,40.0,322.08,5.03,194.0,1001.2,
2010,3,27,8,12.18,77.62,128.0,0.0,128.0,329.57,4.3,196.0,1001.06,
2010,3,27,9,12.4,83.46,102.0,0.0,102.0,337.05,3.57,197.0,1000.93,
2010,3,27,10,12.67,85.53,128.0,0.0,128.0,336.72,3.6,200.0,1000.17,
2010,3,27,11,12.93,87.6,292.0,9.83,285.0,336.38,3.63,203.0,999.41,
2010,3,27,12,13.2,89.67,191.0,0.0,191.0,336.05,3.66,206.0,998.66,
2010,3,27,13,13.21,86.63,68.0,0.0,68.0,332.97,3.89,232.0,998.52,
2010,3,27,14,13.23,83.6,259.0,22.47,246.0,329.88,4.11,257.0,998.39,
2010,3,27,15,13.24,80.56,57.0,0.0,57.0,326.8,4.34,282.0,998.26,
2010,3,27,16,11.99,84.88,23.0,0.0,23.0,322.28,3.26,280.0,998.09,
2010,3,27,17,10.73,89.2,39.0,15.95,37.0,317.77,2.17,279.0,997.93,
2010,3,27,18,9.47,93.52,0.0,0.0,0.0,313.25,1.08,278.0,997.76,
2010,3,27,19,8.69,95.12,0.0,0.0,0.0,317.07,0.91,285.0,997.67,
2010,3,27,20,7.91,96.72,0.0,0.0,0.0,320.88,0.74,292.0,997.57,
2010,3,27,21,7.12,98.32,0.0,0.0,0.0,324.7,0.58,299.0,997.47,
2010,3,27,22,7.29,97.06,0.0,0.0,0.0,320.03,0.97,304.0,997.3,
2010,3,27,23,7.46,95.79,0.0,0.0,0.0,315.37,1.36,309.0,997.14,
2010,3,28,0,7.63,94.53,0.0,0.0,0.0,310.7,1.75,314.0,996.97,
2010,3,28,1,7.05,92.66,0.0,0.0,0.0,304.5,1.94,315.0,997.27,
2010,3,28,2,6.48,90.78,0.0,0.0,0.0,298.3,2.14,316.0,997.57,
2010,3,28,3,5.9,88.91,0.0,0.0,0.0,292.1,2.33,318.0,997.86,
2010,3,28,4,6.4,87.32,0.0,0.0,0.0,289.78,3.14,323.0,998.09,
2010,3,28,5,6.9,85.73,0.0,0.0,0.0,287.47,3.95,328.0,998.33,
2010,3,28,6,7.4,84.14,43.0,23.89,40.0,285.15,4.76,333.0,998.56,
2010,3,28,7,9.57,75.17,173.0,127.31,135.0,283.58,4.74,335.0,998.69,
2010,3,28,8,11.74,66.19,350.0,328.45,201.0,282.02,4.73,336.0,998.82,
2010,3,28,9,13.9,57.22,504.0,463.4,235.0,280.45,4.72,337.0,998.95,
2010,3,28,10,14.49,52.32,632.0,598.17,231.0,291.12,4.85,335.0,998.69,
2010,3,28,11,15.08,47.43,614.0,415.53,316.0,301.78,4.97,333.0,998.42,
2010,3,28,12,15.67,42.53,644.0,491.87,291.0,312.45,5.1,331.0,998.16,
2010,3,28,13,15.36,43.32,321.0,29.77,301.0,314.77,4.93,329.0,998.39,
2010,3,28,14,15.04,44.11,373.0,140.69,291.0,317.08,4.75,328.0,998.62,
2010,3,28,15,14.73,44.9,355.0,337.19,201.0,319.4,4.58,326.0,998.85,
2010,3,28,16,13.3,48.81,230.0,367.48,119.0,309.22,4.11,324.0,999.28,
2010,3,28,17,11.87,52.71,80.0,262.75,46.0,299.03,3.65,322.0,999.71,
2010,3,28,18,10.44,56.62,0.0,0.0,0.0,288.85,3.19,320.0,1000.14,
2010,3,28,19,9.61,60.0,0.0,0.0,0.0,284.62,3.31,319.0,1000.7,
2010,3,28,20,8.78,63.38,0.0,0.0,0.0,280.38,3.44,318.0,1001.26,
2010,3,28,21,7.95,66.76,0.0,0.0,0.0,276.15,3.57,317.0,1001.82,
2010,3,28,22,7.53,70.39,0.0,0.0,0.0,272.85,3.39,315.0,1002.05,
2010,3,28,23,7.12,74.01,0.0,0.0,0.0,269.55,3.21,312.0,1002.28,
2010,3,29,0,6.7,77.64,0.0,0.0,0.0,266.25,3.03,310.0,1002.52,
2010,3,29,1,6.25,76.87,0.0,0.0,0.0,264.38,2.77,310.0,1002.85,
2010,3,29,2,5.81,76.1,0.0,0.0,0.0,262.52,2.5,310.0,1003.18,
2010,3,29,3,5.36,75.33,0.0,0.0,0.0,260.65,2.23,311.0,1003.51,
2010,3,29,4,5.88,75.89,0.0,0.0,0.0,259.72,2.36,304.0,1003.87,
2010,3,29,5,6.4,76.45,0.0,0.0,0.0,258.78,2.49,297.0,1004.23,
2010,3,29,6,6.92,77.01,88.0,342.4,43.0,257.85,2.62,290.0,1004.59,
2010,3,29,7,9.15,70.58,275.0,657.44,75.0,261.58,2.47,285.0,1004.69,
2010,3,29,8,11.37,64.14,450.0,757.85,102.0,265.32,2.32,279.0,1004.79,
2010,3,29,9,13.59,57.71,594.0,795.47,128.0,269.05,2.17,273.0,1004.89,
2010,3,29,10,14.63,53.07,707.0,857.21,128.0,273.82,2.21,273.0,1004.66,
2010,3,29,11,15.66,48.42,757.0,846.29,146.0,278.58,2.26,272.0,1004.43,
2010,3,29,12,16.7,43.78,769.0,894.45,123.0,283.35,2.3,272.0,1004.2,
2010,3,29,13,16.73,42.46,727.0,937.59,93.0,284.13,2.3,265.0,1003.97,
2010,3,29,14,16.77,41.14,614.0,887.54,93.0,284.92,2.3,258.0,1003.74,
2010,3,29,15,16.8,39.82,460.0,811.71,86.0,285.7,2.3,251.0,1003.51,
2010,3,29,16,14.75,47.42,272.0,624.13,81.0,283.9,2.63,226.0,1003.6,
2010,3,29,17,12.69,55.03,93.0,389.89,41.0,282.1,2.96,200.0,1003.7,
2010,3,29,18,10.63,62.63,0.0,0.0,0.0,280.3,3.28,174.0,1003.8,
2010,3,29,19,10.16,62.43,0.0,0.0,0.0,280.83,3.09,170.0,1003.9,
2010,3,29,20,9.69,62.24,0.0,0.0,0.0,281.37,2.9,166.0,1004.0,
2010,3,29,21,9.22,62.04,0.0,0.0,0.0,281.9,2.7,161.0,1004.1,
2010,3,29,22,9.4,61.21,0.0,0.0,0.0,281.63,2.85,162.0,1003.87,
2010,3,29,23,9.57,60.39,0.0,0.0,0.0,281.37,3.0,162.0,1003.64,
2010,3,30,0,9.75,59.56,0.0,0.0,0.0,281.1,3.14,162.0,1003.41,
2010,3,30,1,9.58,58.08,0.0,0.0,0.0,281.18,3.17,165.0,1003.04,
2010,3,30,2,9.42,56.6,0.0,0.0,0.0,281.27,3.2,167.0,1002.68,
2010,3,30,3,9.26,55.12,0.0,0.0,0.0,281.35,3.23,170.0,1002.32,
2010,3,30,4,9.76,56.45,0.0,0.0,0.0,281.6,3.73,170.0,1002.28,
2010,3,30,5,10.26,57.77,0.0,0.0,0.0,281.85,4.23,170.0,1002.25,
2010,3,30,6,10.75,59.1,72.0,138.42,53.0,282.1,4.73,170.0,1002.22,
2010,3,30,7,13.07,55.22,165.0,87.12,138.0,285.45,5.02,172.0,1001.86,
2010,3,30,8,15.38,51.35,328.0,232.41,220.0,288.8,5.3,173.0,1001.49,
2010,3,30,9,17.69,47.47,451.0,287.6,281.0,292.15,5.59,175.0,1001.13,
2010,3,30,10,18.65,43.83,522.0,279.22,332.0,297.82,5.15,177.0,1000.37,
2010,3,30,11,19.62,40.19,447.0,107.33,369.0,303.48,4.71,179.0,999.61,
2010,3,30,12,20.58,36.55,544.0,246.3,365.0,309.15,4.28,181.0,998.85,
2010,3,30,13,20.25,37.88,356.0,49.96,322.0,308.95,4.63,180.0,998.16,
2010,3,30,14,19.92,39.2,455.0,296.04,280.0,308.75,4.98,179.0,997.47,
2010,3,30,15,19.59,40.53,424.0,593.86,148.0,308.55,5.34,178.0,996.77,
2010,3,30,16,17.99,43.5,104.0,6.45,102.0,305.35,4.83,175.0,996.58,
2010,3,30,17,16.39,46.46,51.0,29.13,47.0,302.15,4.33,173.0,996.38,
2010,3,30,18,14.79,49.43,0.0,0.0,0.0,298.95,3.82,170.0,996.18,
2010,3,30,19,14.19,50.31,0.0,0.0,0.0,297.8,4.08,170.0,995.98,
2010,3,30,20,13.59,51.18,0.0,0.0,0.0,296.65,4.34,170.0,995.78,
2010,3,30,21,12.98,52.06,0.0,0.0,0.0,295.5,4.59,171.0,995.59,
2010,3,30,22,12.96,52.45,0.0,0.0,0.0,298.93,4.34,174.0,995.42,
2010,3,30,23,12.93,52.83,0.0,0.0,0.0,302.37,4.1,177.0,995.26,
2010,3,31,0,12.91,53.22,0.0,0.0,0.0,305.8,3.85,179.0,995.09,
2010,3,31,1,12.62,53.2,0.0,0.0,0.0,313.52,3.81,186.0,994.86,
2010,3,31,2,12.33,53.17,0.0,0.0,0.0,321.23,3.77,192.0,994.63,
2010,3,31,3,12.04,53.15,0.0,0.0,0.0,328.95,3.72,199.0,994.4,
2010,3,31,4,11.66,61.81,0.0,0.0,0.0,333.47,3.94,195.0,994.53,
2010,3,31,5,11.28,70.46,0.0,0.0,0.0,337.98,4.15,191.0,994.66,
2010,3,31,6,10.89,79.12,14.0,0.0,14.0,342.5,4.36,187.0,994.8,
2010,3,31,7,10.9,83.89,24.0,0.0,24.0,344.85,4.72,185.0,994.73,
2010,3,31,8,10.9,88.67,71.0,0.0,71.0,347.2,5.08,184.0,994.66,
2010,3,31,9,10.9,93.44,249.0,13.42,241.0,349.55,5.43,182.0,994.6,
2010,3,31,10,11.53,92.03,374.0,62.73,331.0,345.68,5.07,190.0,994.27,
2010,3,31,11,12.16,90.62,392.0,54.68,352.0,341.82,4.71,198.0,993.94,
2010,3,31,12,12.79,89.21,164.0,0.0,164.0,337.95,4.34,206.0,993.61,
2010,3,31,13,13.4,83.27,737.0,941.94,92.0,333.42,4.38,211.0,993.9,
2010,3,31,14,14.02,77.34,501.0,414.97,254.0,328.88,4.41,215.0,994.2,
2010,3,31,15,14.63,71.4,443.0,669.9,129.0,324.35,4.44,220.0,994.5,
2010,3,31,16,12.98,78.45,85.0,0.0,85.0,321.83,3.7,216.0,994.76,
2010,3,31,17,9.31,96.96,44.0,14.16,42.0,314.76,2.31,212.0,995.03,
2010,3,31,18,9.13,96.59,0.0,0.0,0.0,314.84,2.36,208.0,995.29,
2010,3,31,19,8.95,96.22,0.0,0.0,0.0,314.93,2.41,212.0,995.65,
2010,3,31,20,8.77,95.85,0.0,0.0,0.0,315.01,2.47,217.0,996.02,
2010,3,31,21,8.59,95.49,0.0,0.0,0.0,315.09,2.52,222.0,996.38,
2010,3,31,22,8.41,95.12,0.0,0.0,0.0,315.18,2.57,226.0,996.68,
2010,3,31,23,8.23,94.75,0.0,0.0,0.0,315.26,2.63,230.0,996.97,
2010,4,1,0,8.05,94.39,0.0,0.0,0.0,315.34,2.68,234.0,997.27,
2010,4,1,1,7.87,94.02,0.0,0.0,0.0,315.42,2.74,243.0,998.16,
2010,4,1,2,7.69,93.65,0.0,0.0,0.0,315.51,2.79,251.0,999.05,
2010,4,1,3,7.51,93.28,0.0,0.0,0.0,315.59,2.84,260.0,999.94,
2010,4,1,4,7.33,92.92,0.0,0.0,0.0,315.67,2.9,260.0,1000.5,
2010,4,1,5,7.15,92.55,0.0,0.0,0.0,315.76,2.95,260.0,1001.06,
2010,4,1,6,6.97,92.18,18.0,0.0,18.0,315.84,3.0,260.0,1001.62,
2010,4,1,7,6.79,91.82,72.0,0.0,72.0,315.92,3.06,264.0,1001.92,
2010,4,1,8,6.61,91.45,215.0,31.54,200.0,316.0,3.11,268.0,1002.22,
2010,4,1,9,10.64,69.24,583.0,691.58,167.0,308.85,3.2,272.0,1002.52,
2010,4,1,10,11.65,60.38,700.0,777.83,163.0,307.37,3.45,278.0,1002.48,
2010,4,1,11,12.66,51.53,337.0,23.09,320.0,305.88,3.7,285.0,1002.45,
2010,4,1,12,13.67,42.67,706.0,630.74,242.0,304.4,3.94,292.0,1002.42,
2010,4,1,13,13.66,43.14,533.0,293.19,331.0,307.75,3.72,292.0,1002.75,
2010,4,1,14,13.66,43.62,324.0,66.75,284.0,311.1,3.5,293.0,1003.08,
2010,4,1,15,13.66,44.09,290.0,137.52,225.0,314.45,3.28,293.0,1003.41,
2010,4,1,16,11.97,51.66,219.0,258.04,137.0,303.15,3.02,256.0,1003.67,
2010,4,1,17,10.29,59.22,93.0,282.41,52.0,291.85,2.76,219.0,1003.93,
2010,4,1,18,8.6,66.79,0.0,0.0,0.0,280.55,2.5,181.0,1004.2,
2010,4,1,19,7.66,70.39,0.0,0.0,0.0,277.92,2.5,177.0,1004.53,
2010,4,1,20,6.71,73.99,0.0,0.0,0.0,275.28,2.5,172.0,1004.86,
2010,4,1,21,5.76,77.59,0.0,0.0,0.0,272.65,2.5,168.0,1005.19,
2010,4,1,22,5.62,79.72,0.0,0.0,0.0,270.47,2.48,162.0,1005.22,
2010,4,1,23,5.47,81.85,0.0,0.0,0.0,268.28,2.46,157.0,1005.25,
2010,4,2,0,5.33,83.98,0.0,0.0,0.0,266.1,2.44,151.0,1005.29,
2010,4,2,1,4.91,85.61,0.0,0.0,0.0,266.05,2.75,150.0,1005.55,
2010,4,2,2,4.48,87.23,0.0,0.0,0.0,266.0,3.07,150.0,1005.82,
2010,4,2,3,4.06,88.86,0.0,0.0,0.0,265.95,3.38,149.0,1006.08,
2010,4,2,4,4.91,87.69,0.0,0.0,0.0,265.85,2.37,139.0,1006.01,
2010,4,2,5,5.75,86.53,0.0,0.0,0.0,265.75,1.36,129.0,1005.95,
2010,4,2,6,6.6,85.36,43.0,6.47,42.0,265.65,0.34,119.0,1005.88,
2010,4,2,7,9.03,75.4,148.0,42.84,134.0,270.82,0.39,136.0,1005.85,
2010,4,2,8,11.46,65.43,297.0,137.22,231.0,275.98,0.44,153.0,1005.82,
2010,4,2,9,13.88,55.47,499.0,389.01,263.0,281.15,0.48,169.0,1005.78,
2010,4,2,10,14.3,52.84,632.0,530.73,263.0,288.85,0.53,200.0,1005.52,
2010,4,2,11,14.71,50.21,686.0,556.19,274.0,296.55,0.58,232.0,1005.25,
2010,4,2,12,15.13,47.58,580.0,302.69,356.0,304.25,0.63,263.0,1004.99,
2010,4,2,13,14.43,52.03,394.0,79.35,339.0,307.6,1.68,273.0,1004.96,
2010,4,2,14,13.73,56.47,300.0,44.76,273.0,310.95,2.72,283.0,1004.92,
2010,4,2,15,13.04,60.92,386.0,398.69,196.0,314.3,3.77,293.0,1004.89,
2010,4,2,16,11.57,66.55,222.0,261.16,138.0,308.68,3.58,298.0,1005.09,
2010,4,2,17,10.1,72.18,30.0,0.0,30.0,303.07,3.4,304.0,1005.29,
2010,4,2,18,8.63,77.81,0.0,0.0,0.0,297.45,3.21,309.0,1005.49,
2010,4,2,19,7.86,79.69,0.0,0.0,0.0,293.88,2.9,308.0,1005.82,
2010,4,2,20,7.09,81.57,0.0,0.0,0.0,290.32,2.59,308.0,1006.15,
2010,4,2,21,6.32,83.45,0.0,0.0,0.0,286.75,2.28,307.0,1006.48,
2010,4,2,22,6.13,83.49,0.0,0.0,0.0,287.72,2.33,306.0,1006.64,
2010,4,2,23,5.93,83.52,0.0,0.0,0.0,288.68,2.39,305.0,1006.81,
2010,4,3,0,5.74,83.56,0.0,0.0,0.0,289.65,2.44,304.0,1006.97,
2010,4,3,1,5.24,81.94,0.0,0.0,0.0,285.08,2.44,292.0,1007.3,
2010,4,3,2,4.75,80.33,0.0,0.0,0.0,280.52,2.44,280.0,1007.63,
2010,4,3,3,4.25,78.71,0.0,0.0,0.0,275.95,2.44,268.0,1007.96,
2010,4,3,4,4.73,77.59,0.0,0.0,0.0,273.7,2.83,268.0,1008.52,
2010,4,3,5,5.21,76.48,0.0,0.0,0.0,271.45,3.21,269.0,1009.08,
2010,4,3,6,5.7,75.36,92.0,187.11,62.0,269.2,3.6,269.0,1009.64,
2010,4,3,7,7.29,68.01,285.0,550.62,102.0,269.83,3.53,272.0,1009.84,
2010,4,3,8,8.89,60.66,464.0,699.12,124.0,270.47,3.46,275.0,1010.04,
2010,4,3,9,10.48,53.31,614.0,778.09,138.0,271.1,3.39,278.0,1010.24,
2010,4,3,10,11.37,47.18,715.0,795.61,158.0,270.15,3.33,279.0,1010.2,
2010,4,3,11,12.26,41.06,767.0,801.0,170.0,269.2,3.27,279.0,1010.17,
2010,4,3,12,13.15,34.93,744.0,728.16,202.0,268.25,3.21,280.0,1010.14,
2010,4,3,13,13.21,35.41,567.0,355.68,319.0,270.2,3.07,279.0,1010.07,
2010,4,3,14,13.27,35.9,486.0,352.42,272.0,272.15,2.93,277.0,1010.01,
2010,4,3,15,13.33,36.38,345.0,256.02,222.0,274.1,2.79,276.0,1009.94,
2010,4,3,16,11.76,43.22,270.0,494.64,109.0,269.2,2.01,241.0,1010.07,
2010,4,3,17,10.18,50.07,99.0,287.66,55.0,264.3,1.23,206.0,1010.2,
2010,4,3,18,8.61,56.91,0.0,0.0,0.0,259.4,0.46,170.0,1010.34,
2010,4,3,19,7.45,60.62,0.0,0.0,0.0,259.32,1.43,163.0,1010.63,
2010,4,3,20,6.29,64.34,0.0,0.0,0.0,259.23,2.4,156.0,1010.93,
2010,4,3,21,5.12,68.05,0.0,0.0,0.0,259.15,3.38,149.0,1011.23,
2010,4,3,22,5.36,66.91,0.0,0.0,0.0,261.02,3.01,147.0,1011.16,
2010,4,3,23,5.6,65.76,0.0,0.0,0.0,262.88,2.64,146.0,1011.09,
2010,4,4,0,5.84,64.62,0.0,0.0,0.0,264.75,2.28,144.0,1011.03,
2010,4,4,1,5.87,62.7,0.0,0.0,0.0,266.57,2.27,144.0,1010.9,
2010,4,4,2,5.89,60.79,0.0,0.0,0.0,268.38,2.27,144.0,1010.76,
2010,4,4,3,5.92,58.87,0.0,0.0,0.0,270.2,2.26,144.0,1010.63,
2010,4,4,4,6.7,58.86,0.0,0.0,0.0,268.97,2.74,144.0,1010.7,
2010,4,4,5,7.48,58.86,0.0,0.0,0.0,267.73,3.23,144.0,1010.76,
2010,4,4,6,8.27,58.85,85.0,120.47,65.0,266.5,3.71,144.0,1010.83,
2010,4,4,7,10.52,53.93,282.0,494.28,115.0,268.73,3.63,150.0,1010.8,
2010,4,4,8,12.78,49.02,460.0,652.95,139.0,270.97,3.54,157.0,1010.76,
2010,4,4,9,15.03,44.1,546.0,502.6,236.0,273.2,3.46,163.0,1010.73,
2010,4,4,10,15.98,41.98,488.0,188.69,355.0,280.5,3.45,168.0,1010.2,
2010,4,4,11,16.92,39.86,738.0,688.16,222.0,287.8,3.44,172.0,1009.68,
2010,4,4,12,17.87,37.74,702.0,583.74,265.0,295.1,3.43,177.0,1009.15,
2010,4,4,13,17.54,38.98,645.0,556.1,255.0,296.32,3.35,178.0,1008.75,
2010,4,4,14,17.21,40.23,493.0,361.61,272.0,297.53,3.27,179.0,1008.36,
2010,4,4,15,16.88,41.47,369.0,315.95,216.0,298.75,3.19,180.0,1007.96,
2010,4,4,16,15.32,46.99,186.0,115.4,148.0,305.78,2.98,170.0,1007.93,
2010,4,4,17,13.76,52.51,56.0,25.51,52.0,312.82,2.78,160.0,1007.89,
2010,4,4,18,12.2,58.03,0.0,0.0,0.0,319.85,2.58,150.0,1007.86,
2010,4,4,19,11.91,58.68,0.0,0.0,0.0,325.48,2.5,143.0,1007.66,
2010,4,4,20,11.62,59.32,0.0,0.0,0.0,331.12,2.41,136.0,1007.47,
2010,4,4,21,11.32,59.97,0.0,0.0,0.0,336.75,2.33,129.0,1007.27,
2010,4,4,22,11.56,60.66,0.0,0.0,0.0,340.0,2.38,135.0,1006.87,
2010,4,4,23,11.81,61.36,0.0,0.0,0.0,343.25,2.43,140.0,1006.48,
2010,4,5,0,12.05,62.05,0.0,0.0,0.0,346.5,2.48,146.0,1006.08,
2010,4,5,1,12.09,59.54,0.0,0.0,0.0,347.67,2.89,142.0,1005.78,
2010,4,5,2,12.13,57.02,0.0,0.0,0.0,348.83,3.29,139.0,1005.49,
2010,4,5,3,12.17,54.51,0.0,0.0,0.0,350.0,3.7,136.0,1005.19,
2010,4,5,4,12.42,56.3,0.0,0.0,0.0,349.47,4.21,147.0,1004.96,
2010,4,5,5,12.67,58.1,0.0,0.0,0.0,348.93,4.73,158.0,1004.73,
2010,4,5,6,12.92,59.89,62.0,23.3,58.0,348.4,5.24,168.0,1004.5,
2010,4,5,7,13.25,61.48,46.0,0.0,46.0,347.33,5.28,174.0,1004.5,
2010,4,5,8,13.59,63.08,87.0,0.0,87.0,346.27,5.31,179.0,1004.5,
2010,4,5,9,13.92,64.67,105.0,0.0,105.0,345.2,5.35,184.0,1004.5,
2010,4,5,10,13.92,64.98,95.0,0.0,95.0,345.95,5.36,182.0,1004.17,
2010,4,5,11,13.91,65.3,162.0,0.0,162.0,346.7,5.36,180.0,1003.84,
2010,4,5,12,13.9,65.61,111.0,0.0,111.0,347.45,5.37,178.0,1003.51,
2010,4,5,13,13.44,72.99,114.0,0.0,114.0,348.78,5.02,180.0,1003.54,
2010,4,5,14,12.98,80.38,120.0,0.0,120.0,350.12,4.68,182.0,1003.57,
2010,4,5,15,12.53,87.76,189.0,12.29,183.0,351.45,4.33,184.0,1003.6,
2010,4,5,16,11.56,90.24,45.0,0.0,45.0,342.55,3.42,197.0,1003.57,
2010,4,5,17,10.58,92.73,59.0,31.12,54.0,333.65,2.5,209.0,1003.54,
2010,4,5,18,9.61,95.21,0.0,0.0,0.0,324.75,1.59,222.0,1003.51,
2010,4,5,19,9.33,96.09,0.0,0.0,0.0,325.5,1.66,248.0,1003.67,
2010,4,5,20,9.05,96.98,0.0,0.0,0.0,326.25,1.74,274.0,1003.84,
2010,4,5,21,8.77,97.86,0.0,0.0,0.0,327.0,1.82,299.0,1004.0,
2010,4,5,22,9.13,98.18,0.0,0.0,0.0,334.52,2.01,311.0,1003.93,
2010,4,5,23,9.48,98.51,0.0,0.0,0.0,342.03,2.2,322.0,1003.87,
2010,4,6,0,9.84,98.83,0.0,0.0,0.0,349.55,2.39,334.0,1003.8,
2010,4,6,1,9.43,98.63,0.0,0.0,0.0,348.85,3.23,334.0,1004.5,
2010,4,6,2,9.01,98.44,0.0,0.0,0.0,348.15,4.08,335.0,1005.19,
2010,4,6,3,8.6,98.24,0.0,0.0,0.0,347.45,4.92,335.0,1005.88,
2010,4,6,4,8.72,97.75,0.0,0.0,0.0,348.98,5.14,336.0,1006.18,
2010,4,6,5,8.83,97.25,0.0,0.0,0.0,350.52,5.37,337.0,1006.48,
2010,4,6,6,8.95,96.76,11.0,0.0,11.0,352.05,5.59,338.0,1006.77,
2010,4,6,7,8.95,95.84,51.0,0.0,51.0,350.47,6.09,338.0,1007.07,
2010,4,6,8,8.96,94.91,78.0,0.0,78.0,348.88,6.59,337.0,1007.37,
2010,4,6,9,8.96,93.99,99.0,0.0,99.0,347.3,7.09,336.0,1007.66,
2010,4,6,10,9.12,90.96,198.0,0.0,198.0,347.27,6.92,338.0,1007.63,
2010,4,6,11,9.27,87.93,110.0,0.0,110.0,347.23,6.76,340.0,1007.6,
2010,4,6,12,9.43,84.9,99.0,0.0,99.0,347.2,6.59,341.0,1007.56,
2010,4,6,13,9.68,82.69,97.0,0.0,97.0,347.47,6.39,342.0,1007.76,
2010,4,6,14,9.93,80.48,112.0,0.0,112.0,347.73,6.18,342.0,1007.96,
2010,4,6,15,10.18,78.27,118.0,0.0,118.0,348.0,5.97,342.0,1008.16,
2010,4,6,16,9.6,77.19,100.0,2.97,99.0,348.15,5.77,345.0,1008.26,
2010,4,6,17,9.03,76.11,73.0,66.87,62.0,348.3,5.56,348.0,1008.36,
2010,4,6,18,8.45,75.03,0.0,0.0,0.0,348.45,5.35,352.0,1008.45,
2010,4,6,19,8.2,75.74,0.0,0.0,0.0,345.37,5.26,352.0,1008.72,
2010,4,6,20,7.95,76.45,0.0,0.0,0.0,342.28,5.18,352.0,1008.98,
2010,4,6,21,7.69,77.16,0.0,0.0,0.0,339.2,5.09,353.0,1009.25,
2010,4,6,22,7.71,79.02,0.0,0.0,0.0,332.65,4.76,354.0,1009.35,
2010,4,6,23,7.74,80.89,0.0,0.0,0.0,326.1,4.43,355.0,1009.44,
2010,4,7,0,7.76,82.75,0.0,0.0,0.0,319.55,4.1,356.0,1009.54,
2010,4,7,1,6.98,84.66,0.0,0.0,0.0,310.05,3.87,356.0,1010.01,
2010,4,7,2,6.2,86.56,0.0,0.0,0.0,300.55,3.65,356.0,1010.47,
2010,4,7,3,5.42,88.47,0.0,0.0,0.0,291.05,3.42,356.0,1010.93,
2010,4,7,4,6.14,87.44,0.0,0.0,0.0,288.83,3.59,358.0,1011.09,
2010,4,7,5,6.86,86.4,0.0,0.0,0.0,286.62,3.75,359.0,1011.26,
2010,4,7,6,7.59,85.37,41.0,0.0,41.0,284.4,3.92,0.0,1011.42,
2010,4,7,7,9.35,77.62,82.0,0.0,82.0,286.62,3.91,6.0,1011.36,
2010,4,7,8,11.11,69.88,308.0,126.19,244.0,288.83,3.9,12.0,1011.29,
2010,4,7,9,12.86,62.13,468.0,259.66,304.0,291.05,3.89,18.0,1011.23,
2010,4,7,10,13.32,60.73,733.0,787.37,167.0,299.68,3.43,14.0,1010.93,
2010,4,7,11,13.77,59.34,717.0,587.14,269.0,308.32,2.96,10.0,1010.63,
2010,4,7,12,14.22,57.94,654.0,427.01,329.0,316.95,2.5,6.0,1010.34,
2010,4,7,13,14.17,58.32,221.0,0.0,221.0,318.9,2.79,11.0,1010.53,
2010,4,7,14,14.12,58.71,335.0,64.24,295.0,320.85,3.09,16.0,1010.73,
2010,4,7,15,14.07,59.09,203.0,16.14,195.0,322.8,3.38,21.0,1010.93,
2010,4,7,16,12.52,65.53,184.0,93.96,152.0,315.97,3.36,10.0,1010.96,
2010,4,7,17,10.98,71.96,91.0,148.55,66.0,309.13,3.34,360.0,1011.0,
2010,4,7,18,9.43,78.4,0.0,0.0,0.0,302.3,3.32,350.0,1011.03,
2010,4,7,19,8.59,80.98,0.0,0.0,0.0,296.08,3.29,356.0,1011.36,
2010,4,7,20,7.75,83.55,0.0,0.0,0.0,289.87,3.26,3.0,1011.69,
2010,4,7,21,6.9,86.13,0.0,0.0,0.0,283.65,3.23,10.0,1012.02,
2010,4,7,22,6.64,87.89,0.0,0.0,0.0,280.68,2.94,14.0,1011.99,
2010,4,7,23,6.38,89.65,0.0,0.0,0.0,277.72,2.66,19.0,1011.95,
2010,4,8,0,6.12,91.41,0.0,0.0,0.0,274.75,2.37,23.0,1011.92,
2010,4,8,1,5.85,91.41,0.0,0.0,0.0,272.92,2.35,24.0,1012.12,
2010,4,8,2,5.59,91.41,0.0,0.0,0.0,271.08,2.33,24.0,1012.32,
2010,4,8,3,5.32,91.41,0.0,0.0,0.0,269.25,2.3,24.0,1012.51,
2010,4,8,4,6.41,89.22,0.0,0.0,0.0,268.67,2.47,31.0,1012.81,
2010,4,8,5,7.49,87.03,0.0,0.0,0.0,268.08,2.64,38.0,1013.11,
2010,4,8,6,8.58,84.84,73.0,31.85,67.0,267.5,2.81,44.0,1013.4,
2010,4,8,7,10.92,76.27,200.0,105.72,162.0,272.93,2.43,42.0,1013.37,
2010,4,8,8,13.27,67.71,277.0,76.13,238.0,278.37,2.05,40.0,1013.34,
2010,4,8,9,15.61,59.14,382.0,106.85,314.0,283.8,1.67,38.0,1013.31,
2010,4,8,10,16.08,54.46,474.0,149.3,366.0,293.4,1.52,38.0,1013.04,
2010,4,8,11,16.54,49.77,792.0,809.32,171.0,303.0,1.37,38.0,1012.78,
2010,4,8,12,17.0,45.09,793.0,823.35,163.0,312.6,1.23,38.0,1012.51,
2010,4,8,13,16.78,47.11,730.0,786.49,166.0,312.5,1.42,38.0,1012.41,
2010,4,8,14,16.56,49.14,623.0,756.7,149.0,312.4,1.6,38.0,1012.32,
2010,4,8,15,16.34,51.16,473.0,681.04,133.0,312.3,1.79,38.0,1012.22,
2010,4,8,16,14.56,58.7,296.0,548.98,107.0,306.92,1.55,37.0,1012.38,
2010,4,8,17,12.78,66.23,115.0,302.18,63.0,301.53,1.31,36.0,1012.55,
2010,4,8,18,11.0,73.77,0.0,0.0,0.0,296.15,1.06,35.0,1012.71,
2010,4,8,19,9.97,77.66,0.0,0.0,0.0,292.22,1.5,38.0,1012.94,
2010,4,8,20,8.94,81.54,0.0,0.0,0.0,288.28,1.94,40.0,1013.17,
2010,4,8,21,7.91,85.43,0.0,0.0,0.0,284.35,2.37,43.0,1013.4,
2010,4,8,22,7.48,87.48,0.0,0.0,0.0,281.58,2.63,47.0,1013.24,
2010,4,8,23,7.05,89.53,0.0,0.0,0.0,278.82,2.88,52.0,1013.07,
2010,4,9,0,6.62,91.58,0.0,0.0,0.0,276.05,3.13,56.0,1012.91,
2010,4,9,1,6.14,92.11,0.0,0.0,0.0,274.92,2.66,58.0,1012.98,
2010,4,9,2,5.66,92.63,0.0,0.0,0.0,273.78,2.19,61.0,1013.04,
2010,4,9,3,5.18,93.16,0.0,0.0,0.0,272.65,1.72,63.0,1013.11,
2010,4,9,4,6.53,90.73,0.0,0.0,0.0,272.17,1.37,64.0,1013.31,
2010,4,9,5,7.88,88.31,0.0,0.0,0.0,271.68,1.01,66.0,1013.5,
2010,4,9,6,9.23,85.88,96.0,92.86,78.0,271.2,0.65,67.0,1013.7,
2010,4,9,7,11.78,75.11,294.0,430.47,137.0,277.22,0.97,45.0,1013.67,
2010,4,9,8,14.34,64.33,480.0,630.21,154.0,283.23,1.29,23.0,1013.64,
2010,4,9,9,16.89,53.56,634.0,736.17,162.0,289.25,1.61,1.0,1013.6,
2010,4,9,10,17.19,49.87,739.0,776.23,174.0,298.17,1.89,357.0,1013.27,
2010,4,9,11,17.48,46.18,796.0,810.07,171.0,307.08,2.17,353.0,1012.94,
2010,4,9,12,17.77,42.49,601.0,297.72,372.0,316.0,2.46,348.0,1012.61,
2010,4,9,13,17.5,43.64,633.0,468.84,295.0,317.88,2.62,344.0,1012.25,
2010,4,9,14,17.24,44.79,579.0,576.09,216.0,319.77,2.78,340.0,1011.89,
2010,4,9,15,16.98,45.94,474.0,670.12,137.0,321.65,2.94,335.0,1011.52,
2010,4,9,16,15.18,54.99,94.0,0.0,94.0,317.93,2.9,328.0,1011.52,
2010,4,9,17,13.37,64.05,113.0,267.28,66.0,314.22,2.86,320.0,1011.52,
2010,4,9,18,11.57,73.1,0.0,0.0,0.0,310.5,2.83,313.0,1011.52,
2010,4,9,19,10.91,75.16,0.0,0.0,0.0,308.58,2.79,305.0,1011.56,
2010,4,9,20,10.25,77.21,0.0,0.0,0.0,306.67,2.74,297.0,1011.59,
2010,4,9,21,9.58,79.27,0.0,0.0,0.0,304.75,2.7,289.0,1011.62,
2010,4,9,22,9.24,81.35,0.0,0.0,0.0,302.17,2.45,297.0,1011.29,
2010,4,9,23,8.9,83.44,0.0,0.0,0.0,299.58,2.19,305.0,1010.96,
2010,4,10,0,8.56,85.52,0.0,0.0,0.0,297.0,1.93,313.0,1010.63,
2010,4,10,1,8.21,84.34,0.0,0.0,0.0,292.55,2.04,320.0,1010.34,
2010,4,10,2,7.87,83.15,0.0,0.0,0.0,288.1,2.15,326.0,1010.04,
2010,4,10,3,7.52,81.97,0.0,0.0,0.0,283.65,2.26,332.0,1009.74,
2010,4,10,4,8.29,81.72,0.0,0.0,0.0,281.88,3.14,334.0,1009.81,
2010,4,10,5,9.06,81.48,0.0,0.0,0.0,280.12,4.02,336.0,1009.87,
2010,4,10,6,9.83,81.23,101.0,100.37,81.0,278.35,4.9,338.0,1009.94,
2010,4,10,7,10.62,78.56,222.0,140.57,170.0,283.78,4.81,340.0,1009.77,
2010,4,10,8,11.42,75.88,240.0,32.55,223.0,289.22,4.72,341.0,1009.61,
2010,4,10,9,12.21,73.21,186.0,0.0,186.0,294.65,4.63,343.0,1009.44,
2010,4,10,10,12.23,74.33,168.0,0.0,168.0,298.63,4.97,341.0,1008.88,
2010,4,10,11,12.24,75.46,149.0,0.0,149.0,302.62,5.3,340.0,1008.32,
2010,4,10,12,12.26,76.58,205.0,0.0,205.0,306.6,5.63,338.0,1007.76,
2010,4,10,13,12.07,71.02,158.0,0.0,158.0,307.35,5.37,339.0,1007.43,
2010,4,10,14,11.89,65.47,185.0,0.0,185.0,308.1,5.1,339.0,1007.1,
2010,4,10,15,11.71,59.91,117.0,0.0,117.0,308.85,4.84,340.0,1006.77,
2010,4,10,16,10.58,63.61,54.0,0.0,54.0,308.9,4.0,342.0,1006.71,
2010,4,10,17,9.45,67.31,18.0,0.0,18.0,308.95,3.16,343.0,1006.64,
2010,4,10,18,8.32,71.01,0.0,0.0,0.0,309.0,2.32,345.0,1006.57,
2010,4,10,19,7.46,73.77,0.0,0.0,0.0,299.83,2.43,340.0,1006.51,
2010,4,10,20,6.59,76.53,0.0,0.0,0.0,290.67,2.55,336.0,1006.44,
2010,4,10,21,5.72,79.29,0.0,0.0,0.0,281.5,2.66,332.0,1006.38,
2010,4,10,22,5.45,80.58,0.0,0.0,0.0,276.63,2.37,332.0,1006.15,
2010,4,10,23,5.18,81.87,0.0,0.0,0.0,271.77,2.08,332.0,1005.91,
2010,4,11,0,4.91,83.16,0.0,0.0,0.0,266.9,1.79,332.0,1005.68,
2010,4,11,1,4.43,86.74,0.0,0.0,0.0,271.67,1.9,340.0,1005.75,
2010,4,11,2,3.96,90.31,0.0,0.0,0.0,276.43,2.0,348.0,1005.82,
2010,4,11,3,3.48,93.89,0.0,0.0,0.0,281.2,2.11,356.0,1005.88,
2010,4,11,4,4.31,92.52,0.0,0.0,0.0,282.77,2.35,4.0,1005.95,
2010,4,11,5,5.13,91.16,0.0,0.0,0.0,284.33,2.59,11.0,1006.01,
2010,4,11,6,5.96,89.79,57.0,4.89,56.0,285.9,2.83,18.0,1006.08,
2010,4,11,7,7.37,80.54,276.0,311.93,159.0,288.8,2.51,18.0,1005.95,
2010,4,11,8,8.79,71.3,419.0,362.32,228.0,291.7,2.2,17.0,1005.82,
2010,4,11,9,10.2,62.05,487.0,269.03,312.0,294.6,1.89,16.0,1005.68,
2010,4,11,10,10.94,57.67,599.0,352.94,339.0,299.22,1.82,49.0,1005.39,
2010,4,11,11,11.67,53.3,394.0,41.04,362.0,303.83,1.74,82.0,1005.09,
2010,4,11,12,12.4,48.92,638.0,360.36,358.0,308.45,1.67,114.0,1004.79,
2010,4,11,13,12.48,47.17,579.0,323.98,343.0,309.68,1.88,100.0,1004.53,
2010,4,11,14,12.56,45.42,479.0,274.55,304.0,310.92,2.09,86.0,1004.26,
2010,4,11,15,12.64,43.67,338.0,184.28,244.0,312.15,2.3,71.0,1004.0,
2010,4,11,16,11.42,48.88,153.0,30.97,142.0,313.1,2.39,41.0,1003.93,
2010,4,11,17,10.21,54.09,101.0,147.28,74.0,314.05,2.48,11.0,1003.87,
2010,4,11,18,8.99,59.3,0.0,0.0,0.0,315.0,2.57,341.0,1003.8,
2010,4,11,19,8.39,62.18,0.0,0.0,0.0,315.53,2.63,358.0,1003.87,
2010,4,11,20,7.79,65.07,0.0,0.0,0.0,316.07,2.69,15.0,1003.93,
2010,4,11,21,7.19,67.95,0.0,0.0,0.0,316.6,2.74,32.0,1004.0,
2010,4,11,22,7.29,69.6,0.0,0.0,0.0,317.18,2.43,42.0,1003.8,
2010,4,11,23,7.39,71.25,0.0,0.0,0.0,317.77,2.11,52.0,1003.6,
2010,4,12,0,7.49,72.9,0.0,0.0,0.0,318.35,1.79,62.0,1003.41,
2010,4,12,1,7.02,78.67,0.0,0.0,0.0,317.22,1.68,64.0,1003.51,
2010,4,12,2,6.54,84.44,0.0,0.0,0.0,316.08,1.56,66.0,1003.6,
2010,4,12,3,6.07,90.21,0.0,0.0,0.0,314.95,1.45,68.0,1003.7,
2010,4,12,4,6.66,90.61,0.0,0.0,0.0,316.08,1.54,76.0,1003.77,
2010,4,12,5,7.25,91.01,0.0,0.0,0.0,317.22,1.62,84.0,1003.84,
2010,4,12,6,7.84,91.41,61.0,4.76,60.0,318.35,1.71,92.0,1003.9,
2010,4,12,7,9.03,88.16,93.0,0.0,93.0,320.82,1.41,99.0,1003.84,
2010,4,12,8,10.22,84.92,96.0,0.0,96.0,323.28,1.1,107.0,1003.77,
2010,4,12,9,11.4,81.67,122.0,0.0,122.0,325.75,0.8,114.0,1003.7,
2010,4,12,10,12.12,74.48,162.0,0.0,162.0,328.48,1.18,123.0,1003.44,
2010,4,12,11,12.83,67.28,204.0,0.0,204.0,331.22,1.55,132.0,1003.18,
2010,4,12,12,13.54,60.09,129.0,0.0,129.0,333.95,1.93,140.0,1002.91,
2010,4,12,13,14.02,57.92,317.0,16.39,305.0,330.98,1.87,138.0,1003.04,
2010,4,12,14,14.51,55.76,510.0,340.11,292.0,328.02,1.8,136.0,1003.18,
2010,4,12,15,15.0,53.59,304.0,112.92,246.0,325.05,1.74,134.0,1003.31,
2010,4,12,16,13.45,58.74,228.0,183.94,162.0,319.85,1.89,127.0,1003.31,
2010,4,12,17,11.89,63.89,79.0,48.12,70.0,314.65,2.05,119.0,1003.31,
2010,4,12,18,10.34,69.04,0.0,0.0,0.0,309.45,2.21,112.0,1003.31,
2010,4,12,19,9.79,68.81,0.0,0.0,0.0,307.48,2.49,113.0,1003.47,
2010,4,12,20,9.24,68.59,0.0,0.0,0.0,305.52,2.78,114.0,1003.64,
2010,4,12,21,8.69,68.36,0.0,0.0,0.0,303.55,3.06,115.0,1003.8,
2010,4,12,22,8.62,68.2,0.0,0.0,0.0,301.2,2.69,117.0,1003.77,
2010,4,12,23,8.56,68.03,0.0,0.0,0.0,298.85,2.33,118.0,1003.74,
2010,4,13,0,8.49,67.87,0.0,0.0,0.0,296.5,1.96,120.0,1003.7,
2010,4,13,1,8.48,68.63,0.0,0.0,0.0,296.68,2.01,122.0,1003.8,
2010,4,13,2,8.47,69.4,0.0,0.0,0.0,296.87,2.07,123.0,1003.9,
2010,4,13,3,8.46,70.16,0.0,0.0,0.0,297.05,2.12,124.0,1004.0,
2010,4,13,4,9.09,69.87,0.0,0.0,0.0,301.82,2.37,124.0,1004.1,
2010,4,13,5,9.72,69.59,0.0,0.0,0.0,306.58,2.61,123.0,1004.2,
2010,4,13,6,10.35,69.3,46.0,0.0,46.0,311.35,2.86,123.0,1004.3,
2010,4,13,7,11.92,64.17,54.0,0.0,54.0,315.1,2.1,130.0,1004.26,
2010,4,13,8,13.5,59.04,91.0,0.0,91.0,318.85,1.35,137.0,1004.23,
2010,4,13,9,15.07,53.91,169.0,0.0,169.0,322.6,0.59,144.0,1004.2,
2010,4,13,10,14.89,55.38,163.0,0.0,163.0,329.37,1.49,151.0,1004.0,
2010,4,13,11,14.7,56.85,144.0,0.0,144.0,336.13,2.38,158.0,1003.8,
2010,4,13,12,14.51,58.32,151.0,0.0,151.0,342.9,3.27,164.0,1003.6,
2010,4,13,13,14.46,60.5,229.0,0.0,229.0,343.32,3.41,163.0,1003.37,
2010,4,13,14,14.41,62.68,230.0,4.65,227.0,343.73,3.54,161.0,1003.14,
2010,4,13,15,14.37,64.86,110.0,0.0,110.0,344.15,3.68,159.0,1002.91,
2010,4,13,16,13.29,71.02,135.0,13.8,130.0,345.15,3.43,149.0,1002.68,
2010,4,13,17,12.21,77.18,46.0,0.0,46.0,346.15,3.18,139.0,1002.45,
2010,4,13,18,11.13,83.34,0.0,0.0,0.0,347.15,2.92,128.0,1002.22,
2010,4,13,19,10.94,84.96,0.0,0.0,0.0,350.73,3.37,135.0,1002.12,
2010,4,13,20,10.74,86.57,0.0,0.0,0.0,354.32,3.82,142.0,1002.02,
2010,4,13,21,10.54,88.19,0.0,0.0,0.0,357.9,4.26,149.0,1001.92,
2010,4,13,22,10.79,89.22,0.0,0.0,0.0,359.25,4.45,154.0,1001.49,
2010,4,13,23,11.04,90.24,0.0,0.0,0.0,360.6,4.63,160.0,1001.06,
2010,4,14,0,11.29,91.27,0.0,0.0,0.0,361.95,4.81,165.0,1000.64,
2010,4,14,1,10.9,91.74,0.0,0.0,0.0,359.72,4.85,165.0,1000.7,
2010,4,14,2,10.5,92.21,0.0,0.0,0.0,357.48,4.88,165.0,1000.77,
2010,4,14,3,10.11,92.68,0.0,0.0,0.0,355.25,4.91,164.0,1000.83,
2010,4,14,4,10.26,93.54,0.0,0.0,0.0,354.38,5.05,165.0,1000.73,
2010,4,14,5,10.41,94.4,4.0,0.0,4.0,353.52,5.2,165.0,1000.64,
2010,4,14,6,10.56,95.26,41.0,0.0,41.0,352.65,5.34,165.0,1000.54,
2010,4,14,7,10.65,94.98,92.0,0.0,92.0,351.68,5.33,167.0,1000.44,
2010,4,14,8,10.74,94.7,78.0,0.0,78.0,350.72,5.32,169.0,1000.34,
2010,4,14,9,10.82,94.42,274.0,13.55,265.0,349.75,5.31,171.0,1000.24,
2010,4,14,10,11.18,92.6,238.0,0.0,238.0,347.1,4.99,171.0,1000.01,
2010,4,14,11,11.53,90.79,250.0,0.0,250.0,344.45,4.67,171.0,999.78,
2010,4,14,12,11.88,88.97,222.0,0.0,222.0,341.8,4.34,171.0,999.55,
2010,4,14,13,12.35,85.68,202.0,0.0,202.0,341.43,3.77,176.0,999.68,
2010,4,14,14,12.83,82.4,322.0,43.21,294.0,341.07,3.2,180.0,999.81,
2010,4,14,15,13.31,79.11,336.0,163.26,251.0,340.7,2.63,185.0,999.94,
2010,4,14,16,12.15,83.11,68.0,0.0,68.0,336.4,2.64,179.0,999.94,
2010,4,14,17,10.98,87.1,39.0,0.0,39.0,332.1,2.64,173.0,999.94,
2010,4,14,18,9.82,91.1,0.0,0.0,0.0,327.8,2.65,168.0,999.94,
2010,4,14,19,9.49,93.08,0.0,0.0,0.0,327.67,2.99,172.0,1000.21,
2010,4,14,20,9.15,95.07,0.0,0.0,0.0,327.53,3.34,176.0,1000.47,
2010,4,14,21,8.81,97.05,0.0,0.0,0.0,327.4,3.68,180.0,1000.73,
2010,4,14,22,8.79,97.17,0.0,0.0,0.0,323.82,3.6,189.0,1000.64,
2010,4,14,23,8.77,97.3,0.0,0.0,0.0,320.23,3.53,199.0,1000.54,
2010,4,15,0,8.75,97.42,0.0,0.0,0.0,316.65,3.45,208.0,1000.44,
2010,4,15,1,8.31,98.08,0.0,0.0,0.0,314.68,3.25,203.0,1000.64,
2010,4,15,2,7.86,98.74,0.0,0.0,0.0,312.72,3.04,197.0,1000.83,
2010,4,15,3,7.42,99.4,0.0,0.0,0.0,310.75,2.84,192.0,1001.03,
2010,4,15,4,8.1,97.93,0.0,0.0,0.0,310.12,2.86,194.0,1001.26,
2010,4,15,5,8.78,96.45,19.0,122.24,13.0,309.48,2.87,195.0,1001.49,
2010,4,15,6,9.46,94.98,170.0,412.29,77.0,308.85,2.88,197.0,1001.72,
2010,4,15,7,10.48,89.56,355.0,612.49,113.0,317.87,3.12,206.0,1001.62,
2010,4,15,8,11.5,84.15,521.0,682.98,148.0,326.88,3.36,214.0,1001.53,
2010,4,15,9,12.51,78.73,510.0,287.27,318.0,335.9,3.6,223.0,1001.43,
2010,4,15,10,13.18,71.28,542.0,218.99,377.0,331.82,4.54,224.0,1001.33,
2010,4,15,11,13.85,63.83,475.0,95.52,399.0,327.73,5.49,225.0,1001.23,
2010,4,15,12,14.52,56.38,129.0,0.0,129.0,323.65,6.43,227.0,1001.13,
2010,4,15,13,13.7,63.37,314.0,13.46,304.0,321.03,5.83,231.0,1001.29,
2010,4,15,14,12.89,70.36,426.0,158.11,323.0,318.42,5.22,235.0,1001.46,
2010,4,15,15,12.08,77.35,308.0,110.67,250.0,315.8,4.62,238.0,1001.62,
2010,4,15,16,10.73,82.08,205.0,102.86,167.0,308.63,3.75,240.0,1001.69,
2010,4,15,17,9.37,86.81,119.0,196.95,80.0,301.47,2.88,242.0,1001.76,
2010,4,15,18,8.02,91.54,0.0,0.0,0.0,294.3,2.01,244.0,1001.82,
2010,4,15,19,7.43,92.5,0.0,0.0,0.0,289.12,2.09,233.0,1001.95,
2010,4,15,20,6.83,93.45,0.0,0.0,0.0,283.93,2.17,221.0,1002.09,
2010,4,15,21,6.23,94.41,0.0,0.0,0.0,278.75,2.25,210.0,1002.22,
2010,4,15,22,6.08,95.1,0.0,0.0,0.0,275.82,2.31,210.0,1002.32,
2010,4,15,23,5.94,95.78,0.0,0.0,0.0,272.88,2.37,211.0,1002.42,
2010,4,16,0,5.79,96.47,0.0,0.0,0.0,269.95,2.43,212.0,1002.52,
2010,4,16,1,5.7,96.42,0.0,0.0,0.0,270.63,3.18,218.0,1002.71,
2010,4,16,2,5.62,96.37,0.0,0.0,0.0,271.32,3.94,224.0,1002.91,
2010,4,16,3,5.53,96.32,0.0,0.0,0.0,272.0,4.69,230.0,1003.11,
2010,4,16,4,6.49,94.9,0.0,0.0,0.0,275.75,4.89,235.0,1003.37,
2010,4,16,5,7.45,93.47,6.0,0.0,6.0,279.5,5.09,239.0,1003.64,
2010,4,16,6,8.42,92.05,39.0,0.0,39.0,283.25,5.28,244.0,1003.9,
2010,4,16,7,9.49,89.15,124.0,2.5,123.0,287.33,4.82,251.0,1003.97,
2010,4,16,8,10.56,86.25,195.0,5.45,192.0,291.42,4.36,258.0,1004.03,
2010,4,16,9,11.62,83.35,348.0,52.03,313.0,295.5,3.9,266.0,1004.1,
2010,4,16,10,12.28,76.94,567.0,254.78,374.0,302.85,3.49,274.0,1003.9,
2010,4,16,11,12.93,70.53,645.0,336.48,376.0,310.2,3.09,283.0,1003.7,
2010,4,16,12,13.58,64.12,596.0,252.63,395.0,317.55,2.68,291.0,1003.51,
2010,4,16,13,13.75,60.08,155.0,0.0,155.0,323.47,2.44,298.0,1003.54,
2010,4,16,14,13.92,56.03,115.0,0.0,115.0,329.38,2.21,305.0,1003.57,
2010,4,16,15,14.09,51.99,360.0,204.74,252.0,335.3,1.97,312.0,1003.6,
2010,4,16,16,13.19,55.99,97.0,0.0,97.0,331.9,2.06,301.0,1003.74,
2010,4,16,17,12.29,60.0,70.0,14.88,67.0,328.5,2.15,290.0,1003.87,
2010,4,16,18,11.39,64.0,0.0,0.0,0.0,325.1,2.23,279.0,1004.0,
2010,4,16,19,10.38,68.61,0.0,0.0,0.0,318.53,2.58,280.0,1004.33,
2010,4,16,20,9.37,73.22,0.0,0.0,0.0,311.97,2.92,282.0,1004.66,
2010,4,16,21,8.35,77.83,0.0,0.0,0.0,305.4,3.27,283.0,1004.99,
2010,4,16,22,7.78,81.43,0.0,0.0,0.0,299.12,2.94,304.0,1005.06,
2010,4,16,23,7.22,85.03,0.0,0.0,0.0,292.83,2.62,324.0,1005.12,
2010,4,17,0,6.65,88.63,0.0,0.0,0.0,286.55,2.29,345.0,1005.19,
2010,4,17,1,6.15,90.96,0.0,0.0,0.0,283.23,2.09,2.0,1005.45,
2010,4,17,2,5.65,93.28,0.0,0.0,0.0,279.92,1.89,20.0,1005.72,
2010,4,17,3,5.15,95.61,0.0,0.0,0.0,276.6,1.68,38.0,1005.98,
2010,4,17,4,6.48,92.88,0.0,0.0,0.0,278.72,1.93,36.0,1006.38,
2010,4,17,5,7.81,90.14,9.0,0.0,9.0,280.83,2.18,35.0,1006.77,
2010,4,17,6,9.15,87.41,99.0,38.19,90.0,282.95,2.43,33.0,1007.17,
2010,4,17,7,10.71,80.39,214.0,79.07,182.0,288.82,3.43,31.0,1007.43,
2010,4,17,8,12.27,73.38,451.0,389.03,235.0,294.68,4.42,29.0,1007.7,
2010,4,17,9,13.82,66.36,633.0,604.22,224.0,300.55,5.42,27.0,1007.96,
2010,4,17,10,14.27,62.37,772.0,773.49,183.0,306.17,4.65,23.0,1007.99,
2010,4,17,11,14.71,58.38,814.0,759.48,204.0,311.78,3.89,18.0,1008.03,
2010,4,17,12,15.15,54.39,831.0,833.35,165.0,317.4,3.12,14.0,1008.06,
2010,4,17,13,15.08,53.64,770.0,812.29,161.0,319.07,3.44,17.0,1008.19,
2010,4,17,14,15.01,52.89,655.0,755.06,158.0,320.73,3.76,20.0,1008.32,
2010,4,17,15,14.95,52.14,491.0,621.61,161.0,322.4,4.08,23.0,1008.45,
2010,4,17,16,13.39,56.57,331.0,584.52,111.0,313.25,3.68,29.0,1008.65,
2010,4,17,17,11.82,60.99,150.0,394.64,69.0,304.1,3.27,35.0,1008.85,
2010,4,17,18,10.26,65.42,0.0,0.0,0.0,294.95,2.87,41.0,1009.05,
2010,4,17,19,9.37,67.41,0.0,0.0,0.0,289.92,3.07,48.0,1009.51,
2010,4,17,20,8.48,69.41,0.0,0.0,0.0,284.88,3.26,56.0,1009.97,
2010,4,17,21,7.59,71.4,0.0,0.0,0.0,279.85,3.46,63.0,1010.43,
2010,4,17,22,7.17,73.67,0.0,0.0,0.0,277.18,3.15,65.0,1010.53,
2010,4,17,23,6.76,75.95,0.0,0.0,0.0,274.52,2.84,66.0,1010.63,
2010,4,18,0,6.34,78.22,0.0,0.0,0.0,271.85,2.52,67.0,1010.73,
2010,4,18,1,5.84,78.18,0.0,0.0,0.0,269.92,2.57,68.0,1010.67,
2010,4,18,2,5.34,78.14,0.0,0.0,0.0,267.98,2.61,69.0,1010.6,
2010,4,18,3,4.84,78.1,0.0,0.0,0.0,266.05,2.65,71.0,1010.53,
2010,4,18,4,6.25,75.54,0.0,0.0,0.0,266.17,2.84,73.0,1010.4,
2010,4,18,5,7.65,72.97,19.0,30.89,17.0,266.28,3.03,75.0,1010.27,
2010,4,18,6,9.06,70.41,151.0,211.94,100.0,266.4,3.23,78.0,1010.14,
2010,4,18,7,11.59,63.78,364.0,591.06,122.0,273.1,3.08,88.0,1010.07,
2010,4,18,8,14.13,57.14,538.0,702.21,145.0,279.8,2.93,99.0,1010.01,
2010,4,18,9,16.66,50.51,686.0,781.13,154.0,286.5,2.79,110.0,1009.94,
2010,4,18,10,17.66,46.91,785.0,803.52,170.0,298.03,3.23,128.0,1009.41,
2010,4,18,11,18.65,43.32,790.0,675.46,245.0,309.57,3.68,147.0,1008.88,
2010,4,18,12,19.65,39.72,753.0,583.05,285.0,321.1,4.12,166.0,1008.36,
2010,4,18,13,19.72,39.77,744.0,711.72,208.0,319.27,3.53,164.0,1007.6,
2010,4,18,14,19.79,39.83,637.0,674.18,191.0,317.43,2.94,163.0,1006.84,
2010,4,18,15,19.86,39.88,385.0,252.71,250.0,315.6,2.34,162.0,1006.08,
2010,4,18,16,18.3,44.62,318.0,494.99,130.0,320.03,2.52,155.0,1005.75,
2010,4,18,17,16.75,49.36,118.0,153.23,86.0,324.47,2.69,147.0,1005.42,
2010,4,18,18,15.19,54.1,0.0,0.0,0.0,328.9,2.87,139.0,1005.09,
2010,4,18,19,14.82,54.78,0.0,0.0,0.0,329.42,2.92,141.0,1004.92,
2010,4,18,20,14.44,55.46,0.0,0.0,0.0,329.93,2.98,142.0,1004.76,
2010,4,18,21,14.06,56.14,0.0,0.0,0.0,330.45,3.03,144.0,1004.59,
2010,4,18,22,14.18,56.48,0.0,0.0,0.0,335.0,2.8,147.0,1004.03,
2010,4,18,23,14.3,56.83,0.0,0.0,0.0,339.55,2.57,149.0,1003.47,
2010,4,19,0,14.42,57.17,0.0,0.0,0.0,344.1,2.33,152.0,1002.91,
2010,4,19,1,14.03,58.24,0.0,0.0,0.0,345.42,2.19,156.0,1002.42,
2010,4,19,2,13.65,59.31,0.0,0.0,0.0,346.73,2.05,161.0,1001.92,
2010,4,19,3,13.26,60.38,0.0,0.0,0.0,348.05,1.9,165.0,1001.43,
2010,4,19,4,12.98,67.16,0.0,0.0,0.0,351.13,1.96,156.0,1001.13,
2010,4,19,5,12.69,73.95,5.0,0.0,5.0,354.22,2.02,147.0,1000.83,
2010,4,19,6,12.41,80.73,17.0,0.0,17.0,357.3,2.08,138.0,1000.54,
2010,4,19,7,12.37,83.43,69.0,0.0,69.0,357.87,1.75,141.0,1000.44,
2010,4,19,8,12.34,86.13,93.0,0.0,93.0,358.43,1.42,144.0,1000.34,
2010,4,19,9,12.3,88.83,147.0,0.0,147.0,359.0,1.09,147.0,1000.24,
2010,4,19,10,12.05,90.47,245.0,0.0,245.0,358.78,1.56,148.0,1000.01,
2010,4,19,11,11.79,92.11,149.0,0.0,149.0,358.57,2.03,150.0,999.78,
2010,4,19,12,11.54,93.75,122.0,0.0,122.0,358.35,2.5,151.0,999.55,
2010,4,19,13,11.45,94.89,104.0,0.0,104.0,360.27,2.38,148.0,999.58,
2010,4,19,14,11.37,96.02,97.0,0.0,97.0,362.18,2.26,145.0,999.61,
2010,4,19,15,11.29,97.16,83.0,0.0,83.0,364.1,2.14,142.0,999.65,
2010,4,19,16,10.92,97.83,82.0,0.0,82.0,363.35,1.77,106.0,999.58,
2010,4,19,17,10.54,98.51,33.0,0.0,33.0,362.6,1.39,70.0,999.51,
2010,4,19,18,10.17,99.18,0.0,0.0,0.0,361.85,1.02,34.0,999.45,
2010,4,19,19,9.81,99.36,0.0,0.0,0.0,360.2,0.91,20.0,999.55,
2010,4,19,20,9.44,99.55,0.0,0.0,0.0,358.55,0.8,6.0,999.65,
2010,4,19,21,9.07,99.73,0.0,0.0,0.0,356.9,0.69,351.0,999.74,
2010,4,19,22,9.14,99.49,0.0,0.0,0.0,348.68,0.83,345.0,999.58,
2010,4,19,23,9.21,99.25,0.0,0.0,0.0,340.47,0.97,339.0,999.41,
2010,4,20,0,9.28,99.01,0.0,0.0,0.0,332.25,1.12,333.0,999.25,
2010,4,20,1,9.14,98.34,0.0,0.0,0.0,333.85,2.07,336.0,999.35,
2010,4,20,2,9.01,97.66,0.0,0.0,0.0,335.45,3.03,340.0,999.45,
2010,4,20,3,8.87,96.99,0.0,0.0,0.0,337.05,3.99,344.0,999.55,
2010,4,20,4,9.47,95.62,0.0,0.0,0.0,333.23,4.5,347.0,999.71,
2010,4,20,5,10.06,94.25,31.0,106.84,23.0,329.42,5.02,350.0,999.88,
2010,4,20,6,10.66,92.88,81.0,7.99,79.0,325.6,5.53,352.0,1000.04,
2010,4,20,7,11.88,84.27,324.0,363.08,172.0,326.37,6.31,358.0,1000.24,
2010,4,20,8,13.11,75.65,548.0,707.35,146.0,327.13,7.09,4.0,1000.44,
2010,4,20,9,14.33,67.04,669.0,686.32,196.0,327.9,7.86,10.0,1000.64,
2010,4,20,10,14.97,62.04,680.0,469.61,317.0,332.1,7.83,10.0,1000.44,
2010,4,20,11,15.6,57.03,774.0,610.55,277.0,336.3,7.8,10.0,1000.24,
2010,4,20,12,16.24,52.03,778.0,634.97,264.0,340.5,7.77,9.0,1000.04,
2010,4,20,13,16.63,50.26,696.0,544.95,282.0,337.8,7.2,7.0,999.88,
2010,4,20,14,17.02,48.49,552.0,392.18,290.0,335.1,6.64,5.0,999.71,
2010,4,20,15,17.41,46.72,407.0,297.71,246.0,332.4,6.08,3.0,999.55,
2010,4,20,16,15.86,51.39,338.0,571.69,117.0,325.82,4.97,6.0,999.88,
2010,4,20,17,14.3,56.06,141.0,259.35,85.0,319.23,3.87,10.0,1000.21,
2010,4,20,18,12.75,60.73,1.0,24.71,0.0,312.65,2.76,14.0,1000.54,
2010,4,20,19,11.56,66.09,0.0,0.0,0.0,305.17,2.98,25.0,1000.9,
2010,4,20,20,10.37,71.45,0.0,0.0,0.0,297.68,3.21,36.0,1001.26,
2010,4,20,21,9.18,76.81,0.0,0.0,0.0,290.2,3.43,48.0,1001.62,
2010,4,20,22,8.77,80.0,0.0,0.0,0.0,285.65,3.32,79.0,1001.46,
2010,4,20,23,8.35,83.2,0.0,0.0,0.0,281.1,3.21,110.0,1001.29,
2010,4,21,0,7.94,86.39,0.0,0.0,0.0,276.55,3.1,142.0,1001.13,
2010,4,21,1,7.49,86.74,0.0,0.0,0.0,275.68,2.41,180.0,1001.16,
2010,4,21,2,7.03,87.09,0.0,0.0,0.0,274.82,1.71,218.0,1001.2,
2010,4,21,3,6.58,87.44,0.0,0.0,0.0,273.95,1.02,257.0,1001.23,
2010,4,21,4,8.1,83.32,0.0,0.0,0.0,274.87,1.41,260.0,1001.29,
2010,4,21,5,9.62,79.19,20.0,12.52,19.0,275.78,1.79,262.0,1001.36,
2010,4,21,6,11.15,75.07,135.0,105.85,108.0,276.7,2.18,265.0,1001.43,
2010,4,21,7,13.1,67.34,339.0,406.5,167.0,282.17,2.95,273.0,1001.39,
2010,4,21,8,15.05,59.62,528.0,607.82,180.0,287.63,3.71,281.0,1001.36,
2010,4,21,9,16.99,51.89,681.0,714.15,186.0,293.1,4.48,290.0,1001.33,
2010,4,21,10,17.58,46.75,794.0,793.12,178.0,298.53,5.07,293.0,1001.03,
2010,4,21,11,18.16,41.6,843.0,808.56,182.0,303.97,5.65,295.0,1000.73,
2010,4,21,12,18.75,36.46,582.0,210.38,411.0,309.4,6.23,298.0,1000.44,
2010,4,21,13,18.44,37.03,694.0,533.47,287.0,312.52,6.07,298.0,1000.34,
2010,4,21,14,18.13,37.6,573.0,442.46,276.0,315.63,5.91,297.0,1000.24,
2010,4,21,15,17.83,38.17,516.0,678.28,147.0,318.75,5.75,296.0,1000.14,
2010,4,21,16,16.3,43.06,338.0,551.4,123.0,316.47,4.76,297.0,1000.37,
2010,4,21,17,14.77,47.96,157.0,350.89,80.0,314.18,3.77,297.0,1000.6,
2010,4,21,18,13.24,52.85,13.0,45.24,11.0,311.9,2.77,297.0,1000.83,
2010,4,21,19,12.05,60.49,0.0,0.0,0.0,312.52,2.69,303.0,1001.36,
2010,4,21,20,10.86,68.13,0.0,0.0,0.0,313.13,2.62,309.0,1001.89,
2010,4,21,21,9.67,75.77,0.0,0.0,0.0,313.75,2.54,315.0,1002.42,
2010,4,21,22,9.25,81.83,0.0,0.0,0.0,317.0,2.54,312.0,1002.65,
2010,4,21,23,8.83,87.9,0.0,0.0,0.0,320.25,2.54,309.0,1002.88,
2010,4,22,0,8.41,93.96,0.0,0.0,0.0,323.5,2.54,305.0,1003.11,
2010,4,22,1,8.5,88.13,0.0,0.0,0.0,322.02,2.84,309.0,1003.31,
2010,4,22,2,8.58,82.29,0.0,0.0,0.0,320.53,3.14,312.0,1003.51,
2010,4,22,3,8.67,76.46,0.0,0.0,0.0,319.05,3.43,316.0,1003.7,
2010,4,22,4,8.37,80.51,0.0,0.0,0.0,323.1,3.71,320.0,1004.53,
2010,4,22,5,8.07,84.56,15.0,0.0,15.0,327.15,3.98,323.0,1005.35,
2010,4,22,6,7.78,88.61,85.0,7.7,83.0,331.2,4.25,327.0,1006.18,
2010,4,22,7,8.32,80.68,44.0,0.0,44.0,329.37,4.16,326.0,1006.54,
2010,4,22,8,8.86,72.74,282.0,43.35,257.0,327.53,4.07,324.0,1006.9,
2010,4,22,9,9.4,64.81,263.0,5.74,259.0,325.7,3.99,323.0,1007.27,
2010,4,22,10,10.25,58.35,727.0,575.41,278.0,325.82,3.89,314.0,1007.2,
2010,4,22,11,11.1,51.89,856.0,840.52,166.0,325.93,3.78,304.0,1007.14,
2010,4,22,12,11.95,45.43,846.0,823.45,174.0,326.05,3.68,294.0,1007.07,
2010,4,22,13,12.19,42.95,784.0,802.77,169.0,313.5,3.75,292.0,1007.0,
2010,4,22,14,12.44,40.48,639.0,639.09,208.0,300.95,3.81,290.0,1006.94,
2010,4,22,15,12.69,38.0,511.0,641.43,160.0,288.4,3.88,288.0,1006.87,
2010,4,22,16,11.2,43.94,308.0,391.63,154.0,283.93,3.71,284.0,1006.9,
2010,4,22,17,9.71,49.89,139.0,219.8,90.0,279.47,3.55,279.0,1006.94,
2010,4,22,18,8.22,55.83,14.0,62.6,11.0,275.0,3.39,275.0,1006.97,
2010,4,22,19,7.58,59.86,0.0,0.0,0.0,278.48,3.14,256.0,1007.23,
2010,4,22,20,6.94,63.89,0.0,0.0,0.0,281.97,2.88,238.0,1007.5,
2010,4,22,21,6.3,67.92,0.0,0.0,0.0,285.45,2.62,220.0,1007.76,
2010,4,22,22,6.05,70.18,0.0,0.0,0.0,289.18,2.63,192.0,1007.66,
2010,4,22,23,5.79,72.44,0.0,0.0,0.0,292.92,2.63,165.0,1007.56,
2010,4,23,0,5.54,74.7,0.0,0.0,0.0,296.65,2.63,138.0,1007.47,
2010,4,23,1,4.97,75.98,0.0,0.0,0.0,293.92,2.0,131.0,1007.53,
2010,4,23,2,4.41,77.26,0.0,0.0,0.0,291.18,1.36,124.0,1007.6,
2010,4,23,3,3.84,78.54,0.0,0.0,0.0,288.45,0.72,117.0,1007.66,
2010,4,23,4,5.35,75.8,0.0,0.0,0.0,289.53,1.09,116.0,1007.83,
2010,4,23,5,6.85,73.05,9.0,0.0,9.0,290.62,1.46,114.0,1007.99,
2010,4,23,6,8.36,70.31,34.0,0.0,34.0,291.7,1.83,113.0,1008.16,
2010,4,23,7,10.32,62.47,174.0,18.52,166.0,293.98,1.93,115.0,1008.09,
2010,4,23,8,12.29,54.62,311.0,68.88,271.0,296.27,2.02,118.0,1008.03,
2010,4,23,9,14.25,46.78,464.0,162.67,350.0,298.55,2.11,120.0,1007.96,
2010,4,23,10,15.19,45.84,770.0,693.99,226.0,303.7,2.3,121.0,1007.63,
2010,4,23,11,16.13,44.89,818.0,707.29,235.0,308.85,2.49,122.0,1007.3,
2010,4,23,12,17.07,43.95,812.0,705.5,234.0,314.0,2.68,123.0,1006.97,
2010,4,23,13,17.35,44.82,692.0,512.21,298.0,314.35,2.27,129.0,1006.54,
2010,4,23,14,17.64,45.69,620.0,565.31,237.0,314.7,1.87,135.0,1006.11,
2010,4,23,15,17.93,46.56,499.0,583.24,178.0,315.05,1.46,141.0,1005.68,
2010,4,23,16,16.26,52.94,345.0,554.83,125.0,316.95,1.83,111.0,1005.82,
2010,4,23,17,14.58,59.33,118.0,106.01,94.0,318.85,2.2,81.0,1005.95,
2010,4,23,18,12.91,65.71,12.0,19.37,11.0,320.75,2.57,52.0,1006.08,
2010,4,23,19,12.28,67.07,0.0,0.0,0.0,324.87,2.48,57.0,1006.31,
2010,4,23,20,11.65,68.43,0.0,0.0,0.0,328.98,2.39,63.0,1006.54,
2010,4,23,21,11.02,69.79,0.0,0.0,0.0,333.1,2.3,68.0,1006.77,
2010,4,23,22,11.04,70.75,0.0,0.0,0.0,336.98,2.13,72.0,1006.57,
2010,4,23,23,11.07,71.71,0.0,0.0,0.0,340.87,1.96,75.0,1006.38,
2010,4,24,0,11.09,72.67,0.0,0.0,0.0,344.75,1.79,79.0,1006.18,
2010,4,24,1,10.61,73.14,0.0,0.0,0.0,339.88,1.81,79.0,1006.48,
2010,4,24,2,10.13,73.6,0.0,0.0,0.0,335.02,1.83,80.0,1006.77,
2010,4,24,3,9.65,74.07,0.0,0.0,0.0,330.15,1.85,81.0,1007.07,
2010,4,24,4,10.54,74.87,0.0,0.0,0.0,331.55,1.77,85.0,1007.47,
2010,4,24,5,11.42,75.68,23.0,10.6,22.0,332.95,1.69,88.0,1007.86,
2010,4,24,6,12.31,76.48,76.0,3.72,75.0,334.35,1.61,92.0,1008.26,
2010,4,24,7,14.07,71.97,295.0,215.52,201.0,337.78,1.33,96.0,1008.36,
2010,4,24,8,15.83,67.45,391.0,182.99,284.0,341.22,1.04,101.0,1008.45,
2010,4,24,9,17.58,62.94,518.0,246.97,344.0,344.65,0.76,106.0,1008.55,
2010,4,24,10,17.95,60.13,779.0,708.7,221.0,350.0,0.68,103.0,1008.49,
2010,4,24,11,18.31,57.32,712.0,426.55,359.0,355.35,0.59,101.0,1008.42,
2010,4,24,12,18.68,54.51,450.0,62.01,399.0,360.7,0.51,99.0,1008.36,
2010,4,24,13,18.75,54.91,756.0,688.86,224.0,363.3,0.59,98.0,1008.32,
2010,4,24,14,18.82,55.31,518.0,288.0,322.0,365.9,0.68,97.0,1008.29,
2010,4,24,15,18.9,55.71,97.0,0.0,97.0,368.5,0.76,96.0,1008.26,
2010,4,24,16,17.58,63.17,324.0,437.75,149.0,368.08,1.01,105.0,1008.55,
2010,4,24,17,16.27,70.64,120.0,108.77,95.0,367.67,1.26,114.0,1008.85,
2010,4,24,18,14.95,78.1,19.0,72.34,15.0,367.25,1.5,122.0,1009.15,
2010,4,24,19,14.13,81.97,0.0,0.0,0.0,366.85,2.0,123.0,1009.58,
2010,4,24,20,13.31,85.83,0.0,0.0,0.0,366.45,2.51,123.0,1010.01,
2010,4,24,21,12.49,89.7,0.0,0.0,0.0,366.05,3.01,123.0,1010.43,
2010,4,24,22,12.19,91.09,0.0,0.0,0.0,360.8,2.7,100.0,1010.47,
2010,4,24,23,11.89,92.47,0.0,0.0,0.0,355.55,2.39,77.0,1010.5,
2010,4,25,0,11.59,93.86,0.0,0.0,0.0,350.3,2.08,54.0,1010.53,
2010,4,25,1,11.51,91.21,0.0,0.0,0.0,348.08,2.28,50.0,1010.7,
2010,4,25,2,11.43,88.57,0.0,0.0,0.0,345.87,2.47,47.0,1010.86,
2010,4,25,3,11.35,85.92,0.0,0.0,0.0,343.65,2.66,43.0,1011.03,
2010,4,25,4,12.44,81.4,0.0,0.0,0.0,339.62,3.2,44.0,1011.36,
2010,4,25,5,13.53,76.88,29.0,20.2,27.0,335.58,3.74,44.0,1011.69,
2010,4,25,6,14.62,72.36,170.0,193.91,117.0,331.55,4.28,45.0,1012.02,
2010,4,25,7,16.44,64.79,387.0,556.4,142.0,333.22,4.25,45.0,1012.12,
2010,4,25,8,18.26,57.22,561.0,676.12,163.0,334.88,4.22,45.0,1012.22,
2010,4,25,9,20.08,49.65,709.0,762.51,169.0,336.55,4.19,45.0,1012.32,
2010,4,25,10,20.73,46.69,814.0,811.87,172.0,337.77,4.25,48.0,1012.12,
2010,4,25,11,21.38,43.74,853.0,796.83,191.0,338.98,4.3,51.0,1011.92,
2010,4,25,12,22.03,40.78,861.0,840.68,167.0,340.2,4.36,54.0,1011.72,
2010,4,25,13,21.93,40.77,798.0,820.32,162.0,343.4,4.1,52.0,1011.52,
2010,4,25,14,21.83,40.76,690.0,792.88,148.0,346.6,3.84,49.0,1011.33,
2010,4,25,15,21.73,40.75,541.0,736.62,131.0,349.8,3.59,46.0,1011.13,
2010,4,25,16,19.98,46.99,345.0,528.54,132.0,346.87,3.25,54.0,1011.36,
2010,4,25,17,18.23,53.24,166.0,342.97,86.0,343.93,2.91,61.0,1011.59,
2010,4,25,18,16.48,59.48,5.0,0.0,5.0,341.0,2.58,68.0,1011.82,
2010,4,25,19,15.44,65.39,0.0,0.0,0.0,336.48,2.54,81.0,1012.25,
2010,4,25,20,14.4,71.31,0.0,0.0,0.0,331.97,2.51,94.0,1012.68,
2010,4,25,21,13.36,77.22,0.0,0.0,0.0,327.45,2.47,106.0,1013.11,
2010,4,25,22,13.07,81.38,0.0,0.0,0.0,323.02,2.57,114.0,1013.24,
2010,4,25,23,12.78,85.55,0.0,0.0,0.0,318.58,2.68,122.0,1013.37,
2010,4,26,0,12.49,89.71,0.0,0.0,0.0,314.15,2.79,131.0,1013.5,
2010,4,26,1,12.09,89.19,0.0,0.0,0.0,311.43,2.64,140.0,1013.7,
2010,4,26,2,11.7,88.66,0.0,0.0,0.0,308.72,2.5,150.0,1013.9,
2010,4,26,3,11.3,88.14,0.0,0.0,0.0,306.0,2.36,159.0,1014.1,
2010,4,26,4,12.56,84.86,0.0,0.0,0.0,304.22,2.13,158.0,1014.39,
2010,4,26,5,13.82,81.57,19.0,0.0,19.0,302.43,1.9,158.0,1014.69,
2010,4,26,6,15.08,78.29,40.0,0.0,40.0,300.65,1.67,157.0,1014.99,
2010,4,26,7,16.56,69.08,90.0,0.0,90.0,303.27,1.76,162.0,1014.89,
2010,4,26,8,18.04,59.87,188.0,1.69,187.0,305.88,1.84,166.0,1014.79,
2010,4,26,9,19.52,50.66,378.0,59.01,336.0,308.5,1.93,171.0,1014.69,
2010,4,26,10,20.1,46.63,163.0,0.0,163.0,313.12,2.08,168.0,1014.29,
2010,4,26,11,20.67,42.59,279.0,1.2,278.0,317.73,2.23,166.0,1013.9,
2010,4,26,12,21.24,38.56,510.0,109.83,419.0,322.35,2.37,164.0,1013.5,
2010,4,26,13,21.08,39.33,649.25,480.93,274.95,324.9,2.23,158.0,1013.21,
2010,4,26,14,20.92,40.09,679.0,737.01,173.0,327.45,2.08,151.0,1012.91,
2010,4,26,15,20.76,40.86,524.0,646.83,162.0,330.0,1.93,145.0,1012.61,
2010,4,26,16,19.05,47.21,351.0,541.61,131.0,326.77,2.24,142.0,1012.55,
2010,4,26,17,17.35,53.55,176.0,392.98,83.0,323.53,2.55,138.0,1012.48,
2010,4,26,18,15.64,59.9,27.0,143.83,18.0,320.3,2.86,134.0,1012.41,
2010,4,26,19,14.81,62.25,0.0,0.0,0.0,316.17,2.73,143.0,1012.81,
2010,4,26,20,13.98,64.61,0.0,0.0,0.0,312.03,2.6,151.0,1013.21,
2010,4,26,21,13.15,66.96,0.0,0.0,0.0,307.9,2.47,159.0,1013.6,
2010,4,26,22,13.02,66.74,0.0,0.0,0.0,304.7,2.35,162.0,1013.64,
2010,4,26,23,12.88,66.53,0.0,0.0,0.0,301.5,2.23,166.0,1013.67,
2010,4,27,0,12.75,66.31,0.0,0.0,0.0,298.3,2.11,169.0,1013.7,
2010,4,27,1,12.2,67.58,0.0,0.0,0.0,297.62,2.4,169.0,1013.7,
2010,4,27,2,11.66,68.85,0.0,0.0,0.0,296.93,2.68,169.0,1013.7,
2010,4,27,3,11.11,70.12,0.0,0.0,0.0,296.25,2.97,170.0,1013.7,
2010,4,27,4,12.13,68.42,0.0,0.0,0.0,294.27,2.34,169.0,1013.9,
2010,4,27,5,13.15,66.73,38.0,36.99,34.0,292.28,1.72,169.0,1014.1,
2010,4,27,6,14.18,65.03,170.0,170.22,122.0,290.3,1.1,169.0,1014.29,
2010,4,27,7,15.54,58.84,332.0,301.03,197.0,292.63,1.59,173.0,1014.36,
2010,4,27,8,16.91,52.65,356.0,112.37,289.0,294.97,2.08,178.0,1014.43,
2010,4,27,9,18.27,46.46,653.0,553.65,257.0,297.3,2.57,183.0,1014.49,
2010,4,27,10,18.98,43.75,680.0,420.12,345.0,300.1,2.0,188.0,1014.2,
2010,4,27,11,19.68,41.05,869.0,829.1,175.0,302.9,1.43,194.0,1013.9,
2010,4,27,12,20.39,38.34,863.0,827.4,175.0,305.7,0.87,199.0,1013.6,
2010,4,27,13,20.44,38.67,796.0,792.38,177.0,309.78,0.77,212.0,1013.11,
2010,4,27,14,20.5,39.01,682.0,738.22,173.0,313.87,0.67,226.0,1012.61,
2010,4,27,15,20.56,39.34,527.0,648.7,162.0,317.95,0.57,239.0,1012.12,
2010,4,27,16,19.02,46.46,366.0,608.27,117.0,315.12,0.91,261.0,1012.12,
2010,4,27,17,17.49,53.57,191.0,499.96,71.0,312.28,1.26,284.0,1012.12,
2010,4,27,18,15.95,60.69,26.0,105.77,19.0,309.45,1.61,306.0,1012.12,
2010,4,27,19,15.0,64.51,0.0,0.0,0.0,310.33,1.75,290.0,1012.45,
2010,4,27,20,14.05,68.32,0.0,0.0,0.0,311.22,1.88,275.0,1012.78,
2010,4,27,21,13.1,72.14,0.0,0.0,0.0,312.1,2.01,259.0,1013.11,
2010,4,27,22,12.83,74.58,0.0,0.0,0.0,313.82,2.44,261.0,1013.14,
2010,4,27,23,12.57,77.02,0.0,0.0,0.0,315.53,2.86,263.0,1013.17,
2010,4,28,0,12.3,79.46,0.0,0.0,0.0,317.25,3.28,265.0,1013.21,
2010,4,28,1,11.87,80.78,0.0,0.0,0.0,316.53,2.35,276.0,1013.21,
2010,4,28,2,11.44,82.09,0.0,0.0,0.0,315.82,1.43,286.0,1013.21,
2010,4,28,3,11.01,83.41,0.0,0.0,0.0,315.1,0.5,297.0,1013.21,
2010,4,28,4,11.9,82.57,0.0,0.0,0.0,319.15,0.41,314.0,1013.37,
2010,4,28,5,12.79,81.72,25.0,0.0,25.0,323.2,0.32,331.0,1013.54,
2010,4,28,6,13.69,80.88,26.0,0.0,26.0,327.25,0.23,349.0,1013.7,
2010,4,28,7,14.4,78.17,406.0,596.81,136.0,327.07,0.96,354.0,1013.8,
2010,4,28,8,15.11,75.47,577.0,695.09,160.0,326.88,1.68,360.0,1013.9,
2010,4,28,9,15.81,72.76,701.0,695.72,201.0,326.7,2.4,5.0,1014.0,
2010,4,28,10,16.09,69.94,511.0,132.4,405.0,325.85,1.94,7.0,1013.9,
2010,4,28,11,16.37,67.11,733.0,449.96,355.0,325.0,1.47,9.0,1013.8,
2010,4,28,12,16.65,64.29,156.0,0.0,156.0,324.15,1.01,11.0,1013.7,
2010,4,28,13,16.89,59.43,472.0,102.03,392.0,322.33,1.93,12.0,1013.44,
2010,4,28,14,17.14,54.58,608.0,488.17,270.0,320.52,2.86,12.0,1013.17,
2010,4,28,15,17.39,49.72,506.0,553.35,193.0,318.7,3.78,12.0,1012.91,
2010,4,28,16,15.95,54.47,377.0,656.98,106.0,314.3,3.34,17.0,1012.98,
2010,4,28,17,14.52,59.23,195.0,505.43,72.0,309.9,2.91,22.0,1013.04,
2010,4,28,18,13.08,63.98,27.0,86.0,21.0,305.5,2.47,26.0,1013.11,
2010,4,28,19,12.09,67.38,0.0,0.0,0.0,301.27,2.81,30.0,1013.34,
2010,4,28,20,11.1,70.78,0.0,0.0,0.0,297.03,3.15,33.0,1013.57,
2010,4,28,21,10.1,74.18,0.0,0.0,0.0,292.8,3.49,36.0,1013.8,
2010,4,28,22,9.77,76.08,0.0,0.0,0.0,290.33,3.11,35.0,1013.73,
2010,4,28,23,9.45,77.97,0.0,0.0,0.0,287.87,2.73,33.0,1013.67,
2010,4,29,0,9.12,79.87,0.0,0.0,0.0,285.4,2.34,31.0,1013.6,
2010,4,29,1,8.65,80.42,0.0,0.0,0.0,284.13,2.69,34.0,1013.47,
2010,4,29,2,8.19,80.98,0.0,0.0,0.0,282.87,3.03,36.0,1013.34,
2010,4,29,3,7.72,81.53,0.0,0.0,0.0,281.6,3.37,39.0,1013.21,
2010,4,29,4,9.4,78.42,0.0,0.0,0.0,281.25,2.93,45.0,1013.24,
2010,4,29,5,11.08,75.31,58.0,136.79,42.0,280.9,2.49,50.0,1013.27,
2010,4,29,6,12.77,72.2,205.0,299.68,118.0,280.55,2.06,56.0,1013.31,
2010,4,29,7,14.65,62.4,419.0,646.55,124.0,287.1,2.01,56.0,1013.21,
2010,4,29,8,16.54,52.61,597.0,765.51,135.0,293.65,1.96,57.0,1013.11,
2010,4,29,9,18.42,42.81,740.0,825.45,144.0,300.2,1.92,58.0,1013.01,
2010,4,29,10,18.93,41.34,841.0,862.23,148.0,305.07,1.52,14.0,1012.45,
2010,4,29,11,19.43,39.87,890.0,878.96,149.0,309.93,1.12,330.0,1011.89,
2010,4,29,12,19.94,38.4,859.0,797.81,191.0,314.8,0.72,286.0,1011.33,
2010,4,29,13,19.81,38.05,798.0,779.02,185.0,313.43,0.74,278.0,1010.83,
2010,4,29,14,19.68,37.7,703.0,796.86,149.0,312.07,0.75,269.0,1010.34,
2010,4,29,15,19.56,37.35,566.0,798.46,112.0,310.7,0.77,261.0,1009.84,
2010,4,29,16,18.06,43.45,376.0,635.23,112.0,308.0,0.59,259.0,1009.64,
2010,4,29,17,16.56,49.54,181.0,372.96,89.0,305.3,0.41,256.0,1009.44,
2010,4,29,18,15.06,55.64,30.0,109.1,22.0,302.6,0.23,254.0,1009.25,
2010,4,29,19,14.18,58.11,0.0,0.0,0.0,298.6,0.44,237.0,1009.25,
2010,4,29,20,13.3,60.59,0.0,0.0,0.0,294.6,0.64,221.0,1009.25,
2010,4,29,21,12.42,63.06,0.0,0.0,0.0,290.6,0.84,204.0,1009.25,
2010,4,29,22,11.44,68.28,0.0,0.0,0.0,288.7,1.58,190.0,1008.85,
2010,4,29,23,10.46,73.5,0.0,0.0,0.0,286.8,2.31,176.0,1008.45,
2010,4,30,0,9.48,78.72,0.0,0.0,0.0,284.9,3.05,162.0,1008.06,
2010,4,30,1,9.27,77.11,0.0,0.0,0.0,284.83,3.07,159.0,1007.66,
2010,4,30,2,9.05,75.49,0.0,0.0,0.0,284.77,3.09,156.0,1007.27,
2010,4,30,3,8.84,73.88,0.0,0.0,0.0,284.7,3.1,154.0,1006.87,
2010,4,30,4,10.69,71.31,0.0,0.0,0.0,285.8,3.03,154.0,1006.81,
2010,4,30,5,12.54,68.75,64.0,173.19,43.0,286.9,2.97,155.0,1006.74,
2010,4,30,6,14.39,66.18,206.0,288.76,121.0,288.0,2.9,155.0,1006.67,
2010,4,30,7,16.54,59.0,428.0,671.67,119.0,293.72,3.16,164.0,1006.44,
2010,4,30,8,18.69,51.83,594.0,738.02,146.0,299.43,3.43,173.0,1006.21,
2010,4,30,9,20.83,44.65,740.0,812.08,151.0,305.15,3.7,182.0,1005.98,
2010,4,30,10,21.54,42.45,840.0,847.81,156.0,310.2,3.38,189.0,1005.45,
2010,4,30,11,22.25,40.24,889.0,862.94,159.0,315.25,3.07,195.0,1004.92,
2010,4,30,12,22.96,38.04,877.0,845.14,167.0,320.3,2.76,202.0,1004.4,
2010,4,30,13,22.71,38.17,814.0,824.42,163.0,320.4,2.7,207.0,1003.84,
2010,4,30,14,22.46,38.3,706.0,797.95,149.0,320.5,2.65,211.0,1003.27,
2010,4,30,15,22.22,38.43,554.0,731.4,136.0,320.6,2.59,216.0,1002.71,
2010,4,30,16,20.25,46.21,380.0,637.73,113.0,318.28,2.84,204.0,1002.55,
2010,4,30,17,15.62,70.59,192.0,428.07,85.0,316.73,3.29,192.0,1002.38,
2010,4,30,18,15.19,68.5,31.0,91.07,24.0,313.86,3.27,181.0,1002.22,
2010,4,30,19,14.75,66.41,0.0,0.0,0.0,310.98,3.25,171.0,1002.45,
2010,4,30,20,14.31,64.31,0.0,0.0,0.0,308.1,3.22,162.0,1002.68,
2010,4,30,21,13.87,62.22,0.0,0.0,0.0,305.23,3.2,152.0,1002.91,
2010,4,30,22,13.43,60.13,0.0,0.0,0.0,302.35,3.18,153.0,1002.65,
2010,4,30,23,12.99,58.04,0.0,0.0,0.0,299.48,3.15,153.0,1002.38,
2009,5,1,0,12.55,55.95,0.0,0.0,0.0,296.6,3.13,154.0,1002.12,
2009,5,1,1,12.11,53.86,0.0,0.0,0.0,293.73,3.11,9.0,1002.68,
2009,5,1,2,11.67,51.77,0.0,0.0,0.0,290.85,3.08,2.0,1003.34,
2009,5,1,3,11.23,49.68,0.0,0.0,0.0,287.97,3.06,355.0,1004.0,
2009,5,1,4,10.79,47.59,0.0,0.0,0.0,285.1,3.04,356.0,1004.4,
2009,5,1,5,10.35,45.5,71.0,177.49,48.0,282.22,3.02,357.0,1004.79,
2009,5,1,6,9.92,43.41,250.0,532.78,89.0,279.35,2.99,358.0,1005.19,
2009,5,1,7,9.48,41.32,427.0,650.48,123.0,276.47,2.97,3.0,1005.42,
2009,5,1,8,9.04,39.23,601.0,762.44,133.0,273.6,2.95,9.0,1005.65,
2009,5,1,9,14.61,37.93,738.0,805.08,149.0,292.05,2.37,14.0,1005.88,
2009,5,1,10,15.54,36.68,837.0,839.19,155.0,298.2,2.29,27.0,1005.85,
2009,5,1,11,16.46,35.43,888.0,867.83,149.0,304.35,2.2,40.0,1005.82,
2009,5,1,12,17.39,34.18,876.0,850.36,157.0,310.5,2.11,54.0,1005.78,
2009,5,1,13,17.51,33.25,806.0,802.48,168.0,308.23,2.12,42.0,1006.31,
2009,5,1,14,17.62,32.32,690.0,737.72,171.0,305.97,2.13,31.0,1006.84,
2009,5,1,15,17.74,31.39,489.0,471.23,217.0,303.7,2.14,19.0,1007.37,
2009,5,1,16,16.49,36.23,257.0,145.98,195.0,298.83,1.96,13.0,1007.5,
2009,5,1,17,15.25,41.07,148.0,155.98,108.0,293.97,1.79,6.0,1007.63,
2009,5,1,18,14.0,45.91,28.0,35.78,25.0,289.1,1.61,360.0,1007.76,
2009,5,1,19,13.16,50.51,0.0,0.0,0.0,291.1,1.61,359.0,1008.12,
2009,5,1,20,12.33,55.12,0.0,0.0,0.0,293.1,1.6,358.0,1008.49,
2009,5,1,21,11.49,59.72,0.0,0.0,0.0,295.1,1.6,357.0,1008.85,
2009,5,1,22,11.2,62.93,0.0,0.0,0.0,295.55,1.57,2.0,1008.98,
2009,5,1,23,10.92,66.13,0.0,0.0,0.0,296.0,1.54,6.0,1009.11,
2009,5,2,0,10.64,69.34,0.0,0.0,0.0,296.45,1.52,11.0,1009.25,
2009,5,2,1,10.17,75.46,0.0,0.0,0.0,298.48,1.68,15.0,1009.58,
2009,5,2,2,9.7,81.57,0.0,0.0,0.0,300.52,1.84,19.0,1009.91,
2009,5,2,3,9.22,87.69,0.0,0.0,0.0,302.55,2.0,23.0,1010.24,
2009,5,2,4,10.52,84.07,0.0,0.0,0.0,301.27,2.11,27.0,1010.4,
2009,5,2,5,11.82,80.45,7.0,0.0,7.0,299.98,2.23,32.0,1010.57,
2009,5,2,6,13.12,76.83,99.0,6.54,97.0,298.7,2.34,36.0,1010.73,
2009,5,2,7,15.07,65.05,340.0,278.21,209.0,303.38,2.71,43.0,1010.6,
2009,5,2,8,17.02,53.27,578.0,651.45,176.0,308.07,3.08,51.0,1010.47,
2009,5,2,9,18.98,41.49,727.0,751.38,175.0,312.75,3.45,59.0,1010.34,
2009,5,2,10,19.48,38.38,818.0,768.82,191.0,319.72,3.31,60.0,1009.87,
2009,5,2,11,19.97,35.28,801.0,599.35,289.0,326.68,3.18,61.0,1009.41,
2009,5,2,12,20.47,32.17,712.0,403.23,370.0,333.65,3.05,62.0,1008.95,
2009,5,2,13,20.55,31.42,358.0,21.31,341.0,334.2,2.89,62.0,1008.45,
2009,5,2,14,20.62,30.67,656.0,614.56,222.0,334.75,2.73,63.0,1007.96,
2009,5,2,15,20.7,29.92,498.0,491.37,213.0,335.3,2.57,64.0,1007.47,
2009,5,2,16,19.17,34.88,366.0,535.41,137.0,332.38,2.48,82.0,1007.47,
2009,5,2,17,17.63,39.84,211.0,535.34,72.0,329.47,2.4,100.0,1007.47,
2009,5,2,18,16.1,44.8,36.0,80.18,29.0,326.55,2.32,118.0,1007.47,
2009,5,2,19,14.93,50.33,0.0,0.0,0.0,323.97,2.09,139.0,1007.56,
2009,5,2,20,13.75,55.87,0.0,0.0,0.0,321.38,1.86,159.0,1007.66,
2009,5,2,21,12.58,61.4,0.0,0.0,0.0,318.8,1.63,180.0,1007.76,
2009,5,2,22,12.08,65.52,0.0,0.0,0.0,315.12,1.46,184.0,1007.56,
2009,5,2,23,11.59,69.63,0.0,0.0,0.0,311.43,1.3,188.0,1007.37,
2009,5,3,0,11.1,73.75,0.0,0.0,0.0,307.75,1.13,192.0,1007.17,
2009,5,3,1,10.61,77.36,0.0,0.0,0.0,306.9,1.01,170.0,1007.1,
2009,5,3,2,10.12,80.98,0.0,0.0,0.0,306.05,0.89,147.0,1007.04,
2009,5,3,3,9.63,84.59,0.0,0.0,0.0,305.2,0.77,125.0,1006.97,
2009,5,3,4,11.1,80.88,0.0,0.0,0.0,305.92,1.02,135.0,1006.87,
2009,5,3,5,12.57,77.16,76.0,181.72,51.0,306.63,1.27,146.0,1006.77,
2009,5,3,6,14.04,73.45,236.0,393.96,114.0,307.35,1.52,156.0,1006.67,
2009,5,3,7,15.54,66.15,390.0,449.07,177.0,313.02,1.39,132.0,1006.44,
2009,5,3,8,17.04,58.84,469.0,299.87,283.0,318.68,1.27,108.0,1006.21,
2009,5,3,9,18.55,51.54,615.0,410.79,312.0,324.35,1.14,85.0,1005.98,
2009,5,3,10,18.94,47.98,830.0,796.76,178.0,323.55,1.14,80.0,1005.52,
2009,5,3,11,19.32,44.42,615.0,218.23,428.0,322.75,1.14,76.0,1005.06,
2009,5,3,12,19.71,40.86,85.0,0.0,85.0,321.95,1.13,72.0,1004.59,
2009,5,3,13,19.78,39.93,158.0,0.0,158.0,324.77,1.17,40.0,1004.07,
2009,5,3,14,19.84,38.99,231.0,1.41,230.0,327.58,1.21,9.0,1003.54,
2009,5,3,15,19.91,38.06,361.0,138.99,280.0,330.4,1.26,337.0,1003.01,
2009,5,3,16,18.52,42.4,159.0,11.61,154.0,325.4,1.53,315.0,1002.78,
2009,5,3,17,17.12,46.74,101.0,22.83,95.0,320.4,1.8,293.0,1002.55,
2009,5,3,18,15.73,51.08,19.0,0.0,19.0,315.4,2.07,271.0,1002.32,
2009,5,3,19,14.68,53.15,0.0,0.0,0.0,312.2,2.28,280.0,1002.58,
2009,5,3,20,13.62,55.22,0.0,0.0,0.0,309.0,2.49,288.0,1002.85,
2009,5,3,21,12.57,57.29,0.0,0.0,0.0,305.8,2.7,296.0,1003.11,
2009,5,3,22,12.19,57.75,0.0,0.0,0.0,302.45,2.79,307.0,1002.98,
2009,5,3,23,11.81,58.2,0.0,0.0,0.0,299.1,2.87,318.0,1002.85,
2009,5,4,0,11.44,58.66,0.0,0.0,0.0,295.75,2.95,329.0,1002.71,
2009,5,4,1,11.07,61.16,0.0,0.0,0.0,294.55,2.98,340.0,1003.01,
2009,5,4,2,10.71,63.67,0.0,0.0,0.0,293.35,3.01,352.0,1003.31,
2009,5,4,3,10.34,66.17,0.0,0.0,0.0,292.15,3.03,4.0,1003.6,
2009,5,4,4,11.84,62.25,0.0,0.0,0.0,290.37,2.79,3.0,1003.84,
2009,5,4,5,13.33,58.33,34.0,0.0,34.0,288.58,2.54,2.0,1004.07,
2009,5,4,6,14.82,54.41,226.0,325.58,124.0,286.8,2.29,2.0,1004.3,
2009,5,4,7,16.54,49.97,409.0,517.1,162.0,293.22,2.48,1.0,1004.33,
2009,5,4,8,18.26,45.54,587.0,665.73,172.0,299.63,2.68,359.0,1004.36,
2009,5,4,9,19.99,41.1,729.0,740.05,181.0,306.05,2.87,358.0,1004.4,
2009,5,4,10,20.19,38.96,811.0,729.58,212.0,311.48,2.99,353.0,1004.23,
2009,5,4,11,20.39,36.82,874.0,797.0,189.0,316.92,3.12,348.0,1004.07,
2009,5,4,12,20.59,34.68,885.0,852.04,158.0,322.35,3.24,343.0,1003.9,
2009,5,4,13,20.12,37.09,827.0,847.09,147.0,323.25,3.48,339.0,1004.07,
2009,5,4,14,19.66,39.49,665.0,626.91,219.0,324.15,3.71,334.0,1004.23,
2009,5,4,15,19.19,41.9,483.0,425.27,234.0,325.05,3.94,330.0,1004.4,
2009,5,4,16,17.94,44.66,382.0,590.45,126.0,323.23,3.31,327.0,1004.43,
2009,5,4,17,16.69,47.43,143.0,116.56,112.0,321.42,2.69,325.0,1004.46,
2009,5,4,18,15.44,50.19,31.0,31.88,28.0,319.6,2.06,322.0,1004.5,
2009,5,4,19,14.69,51.95,0.0,0.0,0.0,315.75,2.16,321.0,1004.89,
2009,5,4,20,13.93,53.72,0.0,0.0,0.0,311.9,2.26,320.0,1005.29,
2009,5,4,21,13.18,55.48,0.0,0.0,0.0,308.05,2.36,319.0,1005.68,
2009,5,4,22,12.89,55.48,0.0,0.0,0.0,307.27,2.45,321.0,1005.72,
2009,5,4,23,12.6,55.47,0.0,0.0,0.0,306.48,2.54,322.0,1005.75,
2009,5,5,0,12.31,55.47,0.0,0.0,0.0,305.7,2.63,323.0,1005.78,
2009,5,5,1,11.18,55.85,0.0,0.0,0.0,296.58,2.46,316.0,1006.08,
2009,5,5,2,10.06,56.22,0.0,0.0,0.0,287.47,2.29,308.0,1006.38,
2009,5,5,3,8.93,56.6,0.0,0.0,0.0,278.35,2.11,300.0,1006.67,
2009,5,5,4,10.0,53.93,0.0,0.0,0.0,277.32,2.32,299.0,1006.84,
2009,5,5,5,11.06,51.25,33.0,0.0,33.0,276.28,2.52,299.0,1007.0,
2009,5,5,6,12.13,48.58,225.0,306.17,128.0,275.25,2.73,298.0,1007.17,
2009,5,5,7,13.6,44.57,365.0,332.69,205.0,281.95,3.29,296.0,1007.0,
2009,5,5,8,15.07,40.55,521.0,429.44,252.0,288.65,3.84,294.0,1006.84,
2009,5,5,9,16.55,36.54,543.0,246.2,360.0,295.35,4.4,292.0,1006.67,
2009,5,5,10,16.75,36.76,674.0,371.52,368.0,305.73,4.84,292.0,1006.28,
2009,5,5,11,16.95,36.98,684.0,324.83,404.0,316.12,5.28,291.0,1005.88,
2009,5,5,12,17.15,37.2,375.0,17.53,360.0,326.5,5.72,291.0,1005.49,
2009,5,5,13,17.17,38.17,304.0,6.21,299.0,333.03,5.75,290.0,1005.09,
2009,5,5,14,17.18,39.13,108.0,0.0,108.0,339.57,5.77,289.0,1004.69,
2009,5,5,15,17.2,40.1,218.0,6.8,214.0,346.1,5.79,288.0,1004.3,
2009,5,5,16,16.56,42.93,235.0,87.07,197.0,348.25,5.2,285.0,1004.23,
2009,5,5,17,15.91,45.77,168.0,208.12,112.0,350.4,4.6,282.0,1004.17,
2009,5,5,18,15.27,48.6,28.0,20.52,26.0,352.55,4.0,279.0,1004.1,
2009,5,5,19,14.94,51.4,0.0,0.0,0.0,354.38,4.05,279.0,1004.23,
2009,5,5,20,14.6,54.19,0.0,0.0,0.0,356.22,4.1,278.0,1004.36,
2009,5,5,21,14.27,56.99,0.0,0.0,0.0,358.05,4.15,278.0,1004.5,
2009,5,5,22,14.15,59.19,0.0,0.0,0.0,359.62,4.37,283.0,1004.53,
2009,5,5,23,14.03,61.4,0.0,0.0,0.0,361.18,4.58,288.0,1004.56,
2009,5,6,0,13.92,63.6,0.0,0.0,0.0,362.75,4.8,293.0,1004.59,
2009,5,6,1,13.2,68.33,0.0,0.0,0.0,354.87,4.48,298.0,1004.79,
2009,5,6,2,12.49,73.05,0.0,0.0,0.0,346.98,4.17,302.0,1004.99,
2009,5,6,3,11.77,77.78,0.0,0.0,0.0,339.1,3.85,306.0,1005.19,
2009,5,6,4,12.42,73.56,0.0,0.0,0.0,331.17,4.32,313.0,1005.85,
2009,5,6,5,13.06,69.33,63.0,60.44,54.0,323.23,4.8,320.0,1006.51,
2009,5,6,6,13.7,65.11,260.0,487.12,104.0,315.3,5.27,328.0,1007.17,
2009,5,6,7,14.92,56.18,361.0,311.91,210.0,314.9,5.13,328.0,1007.33,
2009,5,6,8,16.14,47.26,609.0,729.34,150.0,314.5,4.98,328.0,1007.5,
2009,5,6,9,17.36,38.33,592.0,340.47,338.0,314.1,4.84,328.0,1007.66,
2009,5,6,10,18.13,34.88,602.0,236.02,407.0,312.88,5.04,323.0,1007.43,
2009,5,6,11,18.9,31.43,792.0,554.12,313.0,311.67,5.25,319.0,1007.2,
2009,5,6,12,19.67,27.98,867.0,781.96,196.0,310.45,5.45,315.0,1006.97,
2009,5,6,13,19.93,27.14,824.0,819.67,162.0,308.38,5.5,317.0,1006.77,
2009,5,6,14,20.18,26.3,721.0,809.51,141.0,306.32,5.56,319.0,1006.57,
2009,5,6,15,20.44,25.46,572.0,746.39,131.0,304.25,5.61,322.0,1006.38,
2009,5,6,16,19.02,28.06,283.65,315.39,145.1,301.98,4.61,322.0,1006.61,
2009,5,6,17,17.6,30.65,147.6,203.2,92.3,299.72,3.6,321.0,1006.84,
2009,5,6,18,16.18,33.25,45.0,109.13,34.0,297.45,2.59,321.0,1007.07,
2009,5,6,19,15.01,36.91,0.0,0.0,0.0,294.95,2.51,324.0,1007.6,
2009,5,6,20,13.85,40.58,0.0,0.0,0.0,292.45,2.44,326.0,1008.12,
2009,5,6,21,12.68,44.24,0.0,0.0,0.0,289.95,2.36,329.0,1008.65,
2009,5,6,22,12.07,47.73,0.0,0.0,0.0,288.18,2.52,340.0,1008.78,
2009,5,6,23,11.46,51.23,0.0,0.0,0.0,286.42,2.69,351.0,1008.92,
2009,5,7,0,10.85,54.72,0.0,0.0,0.0,284.65,2.86,2.0,1009.05,
2009,5,7,1,10.16,57.94,0.0,0.0,0.0,283.07,2.5,16.0,1009.31,
2009,5,7,2,9.48,61.17,0.0,0.0,0.0,281.48,2.15,31.0,1009.58,
2009,5,7,3,8.79,64.39,0.0,0.0,0.0,279.9,1.79,45.0,1009.84,
2009,5,7,4,10.68,59.41,0.0,0.0,0.0,281.53,1.49,61.0,1010.24,
2009,5,7,5,12.56,54.43,100.0,308.2,53.0,283.17,1.2,78.0,1010.63,
2009,5,7,6,14.44,49.45,277.0,580.98,89.0,284.8,0.9,94.0,1011.03,
2009,5,7,7,16.49,43.03,453.0,685.54,119.0,290.95,0.89,95.0,1010.9,
2009,5,7,8,18.54,36.62,628.0,797.23,124.0,297.1,0.89,96.0,1010.76,
2009,5,7,9,20.59,30.2,765.0,838.82,137.0,303.25,0.88,97.0,1010.63,
2009,5,7,10,21.29,28.97,862.0,872.45,139.0,307.8,1.04,155.0,1010.2,
2009,5,7,11,21.98,27.74,914.0,902.14,132.0,312.35,1.2,213.0,1009.77,
2009,5,7,12,22.68,26.51,901.0,884.42,140.0,316.9,1.37,271.0,1009.35,
2009,5,7,13,22.77,26.1,843.0,879.0,131.0,317.57,1.46,295.0,1008.98,
2009,5,7,14,22.86,25.68,728.0,824.82,135.0,318.23,1.56,319.0,1008.62,
2009,5,7,15,22.95,25.27,575.0,748.15,131.0,318.9,1.66,343.0,1008.26,
2009,5,7,16,21.36,28.92,403.0,662.74,110.0,316.63,1.81,21.0,1008.29,
2009,5,7,17,19.76,32.56,217.0,472.4,87.0,314.37,1.97,58.0,1008.32,
2009,5,7,18,18.17,36.21,57.0,220.95,34.0,312.1,2.12,96.0,1008.36,
2009,5,7,19,16.91,39.21,0.0,0.0,0.0,310.27,2.11,103.0,1008.65,
2009,5,7,20,15.64,42.21,0.0,0.0,0.0,308.43,2.11,111.0,1008.95,
2009,5,7,21,14.38,45.21,0.0,0.0,0.0,306.6,2.1,118.0,1009.25,
2009,5,7,22,14.08,46.43,0.0,0.0,0.0,305.33,2.04,123.0,1009.25,
2009,5,7,23,13.78,47.65,0.0,0.0,0.0,304.07,1.99,128.0,1009.25,
2009,5,8,0,13.48,48.87,0.0,0.0,0.0,302.8,1.93,134.0,1009.25,
2009,5,8,1,12.73,51.95,0.0,0.0,0.0,301.47,1.81,135.0,1009.21,
2009,5,8,2,11.98,55.04,0.0,0.0,0.0,300.13,1.68,137.0,1009.18,
2009,5,8,3,11.23,58.12,0.0,0.0,0.0,298.8,1.56,139.0,1009.15,
2009,5,8,4,13.31,54.42,0.0,0.0,0.0,300.75,1.8,144.0,1009.31,
2009,5,8,5,15.39,50.72,32.0,0.0,32.0,302.7,2.05,149.0,1009.48,
2009,5,8,6,17.47,47.02,198.0,168.27,143.0,304.65,2.29,154.0,1009.64,
2009,5,8,7,19.83,41.1,401.0,436.55,187.0,312.48,1.84,167.0,1009.74,
2009,5,8,8,22.18,35.19,619.0,744.92,146.0,320.32,1.39,180.0,1009.84,
2009,5,8,9,24.54,29.27,756.0,797.35,157.0,328.15,0.94,194.0,1009.94,
2009,5,8,10,25.08,28.39,852.0,829.01,163.0,336.02,1.14,220.0,1009.74,
2009,5,8,11,25.61,27.51,875.0,770.87,205.0,343.88,1.34,246.0,1009.54,
2009,5,8,12,26.15,26.63,748.0,455.52,355.0,351.75,1.54,272.0,1009.35,
2009,5,8,13,25.99,27.48,471.0,88.63,399.0,357.57,1.67,281.0,1009.31,
2009,5,8,14,25.84,28.32,64.0,0.0,64.0,363.38,1.8,290.0,1009.28,
2009,5,8,15,25.68,29.17,379.0,154.35,287.0,369.2,1.93,299.0,1009.25,
2009,5,8,16,24.94,30.99,357.0,422.59,169.0,361.07,1.79,340.0,1009.31,
2009,5,8,17,24.19,32.8,20.0,0.0,20.0,352.93,1.65,20.0,1009.38,
2009,5,8,18,23.45,34.62,40.0,46.57,35.0,344.8,1.5,61.0,1009.44,
2009,5,8,19,21.12,42.16,0.0,0.0,0.0,339.43,1.55,82.0,1009.71,
2009,5,8,20,18.8,49.71,0.0,0.0,0.0,334.07,1.6,103.0,1009.97,
2009,5,8,21,16.47,57.25,0.0,0.0,0.0,328.7,1.64,124.0,1010.24,
2009,5,8,22,15.74,60.66,0.0,0.0,0.0,325.53,1.61,126.0,1010.17,
2009,5,8,23,15.02,64.08,0.0,0.0,0.0,322.37,1.58,127.0,1010.1,
2009,5,9,0,14.3,67.49,0.0,0.0,0.0,319.2,1.54,129.0,1010.04,
2009,5,9,1,13.82,70.97,0.0,0.0,0.0,317.97,1.6,130.0,1009.94,
2009,5,9,2,13.34,74.46,0.0,0.0,0.0,316.73,1.65,131.0,1009.84,
2009,5,9,3,12.85,77.94,0.0,0.0,0.0,315.5,1.7,132.0,1009.74,
2009,5,9,4,14.98,71.52,0.0,0.0,0.0,316.75,1.83,135.0,1009.87,
2009,5,9,5,17.1,65.1,86.0,150.55,62.0,318.0,1.97,138.0,1010.01,
2009,5,9,6,19.22,58.68,265.0,466.65,111.0,319.25,2.11,141.0,1010.14,
2009,5,9,7,21.62,50.23,451.0,642.84,134.0,326.85,1.86,161.0,1010.01,
2009,5,9,8,24.02,41.79,622.0,746.49,146.0,334.45,1.61,181.0,1009.87,
2009,5,9,9,26.43,33.34,755.0,784.1,164.0,342.05,1.37,200.0,1009.74,
2009,5,9,10,26.77,31.25,855.0,829.07,164.0,352.23,1.55,205.0,1009.25,
2009,5,9,11,27.12,29.15,892.0,813.63,183.0,362.42,1.73,210.0,1008.75,
2009,5,9,12,27.46,27.06,699.0,350.3,396.0,372.6,1.92,215.0,1008.26,
2009,5,9,13,27.32,27.86,525.0,143.63,408.0,373.13,2.08,222.0,1007.86,
2009,5,9,14,27.19,28.67,357.0,41.45,327.0,373.67,2.24,230.0,1007.47,
2009,5,9,15,27.05,29.47,351.0,108.59,286.0,374.2,2.4,238.0,1007.07,
2009,5,9,16,25.46,34.09,75.0,0.0,75.0,371.07,2.36,239.0,1007.17,
2009,5,9,17,23.87,38.72,96.0,10.67,93.0,367.93,2.32,240.0,1007.27,
2009,5,9,18,22.28,43.34,39.0,36.17,35.0,364.8,2.28,242.0,1007.37,
2009,5,9,19,21.08,47.49,0.0,0.0,0.0,360.73,2.0,222.0,1007.56,
2009,5,9,20,19.88,51.64,0.0,0.0,0.0,356.67,1.72,203.0,1007.76,
2009,5,9,21,18.68,55.79,0.0,0.0,0.0,352.6,1.45,184.0,1007.96,
2009,5,9,22,18.01,58.71,0.0,0.0,0.0,349.37,1.36,178.0,1007.76,
2009,5,9,23,17.35,61.62,0.0,0.0,0.0,346.13,1.27,172.0,1007.56,
2009,5,10,0,16.69,64.54,0.0,0.0,0.0,342.9,1.19,166.0,1007.37,
2009,5,10,1,16.11,67.28,0.0,0.0,0.0,337.6,1.26,164.0,1007.14,
2009,5,10,2,15.53,70.02,0.0,0.0,0.0,332.3,1.34,162.0,1006.9,
2009,5,10,3,14.95,72.76,0.0,0.0,0.0,327.0,1.42,161.0,1006.67,
2009,5,10,4,16.9,67.2,0.0,0.0,0.0,327.87,1.65,164.0,1006.67,
2009,5,10,5,18.84,61.63,95.0,202.78,62.0,328.73,1.88,168.0,1006.67,
2009,5,10,6,20.79,56.07,239.0,315.24,134.0,329.6,2.11,171.0,1006.67,
2009,5,10,7,22.89,48.69,421.0,496.01,175.0,336.35,2.06,188.0,1006.48,
2009,5,10,8,24.99,41.31,596.0,635.68,189.0,343.1,2.0,204.0,1006.28,
2009,5,10,9,27.09,33.93,754.0,771.01,171.0,349.85,1.94,221.0,1006.08,
2009,5,10,10,27.33,32.2,853.0,816.04,171.0,357.78,2.19,228.0,1005.62,
2009,5,10,11,27.56,30.48,623.0,212.91,437.0,365.72,2.43,235.0,1005.16,
2009,5,10,12,27.8,28.75,738.0,425.53,369.0,373.65,2.68,242.0,1004.69,
2009,5,10,13,27.71,30.02,644.0,325.64,378.0,374.93,2.72,240.0,1004.23,
2009,5,10,14,27.62,31.28,522.0,236.89,350.0,376.22,2.76,237.0,1003.77,
2009,5,10,15,27.53,32.55,461.0,326.08,265.0,377.5,2.8,235.0,1003.31,
2009,5,10,16,26.06,35.73,383.0,519.63,149.0,373.62,2.65,226.0,1003.31,
2009,5,10,17,24.59,38.92,207.0,359.01,105.0,369.73,2.5,217.0,1003.31,
2009,5,10,18,23.12,42.1,47.0,70.32,39.0,365.85,2.34,208.0,1003.31,
2009,5,10,19,22.18,45.51,0.0,0.0,0.0,362.58,2.34,203.0,1003.51,
2009,5,10,20,21.25,48.91,0.0,0.0,0.0,359.32,2.34,198.0,1003.7,
2009,5,10,21,20.31,52.32,0.0,0.0,0.0,356.05,2.34,193.0,1003.9,
2009,5,10,22,19.94,54.25,0.0,0.0,0.0,353.07,2.38,202.0,1003.67,
2009,5,10,23,19.57,56.18,0.0,0.0,0.0,350.08,2.42,210.0,1003.44,
2009,5,11,0,19.2,58.11,0.0,0.0,0.0,347.1,2.46,219.0,1003.21,
2009,5,11,1,18.59,58.87,0.0,0.0,0.0,340.95,2.39,224.0,1003.18,
2009,5,11,2,17.98,59.64,0.0,0.0,0.0,334.8,2.32,230.0,1003.14,
2009,5,11,3,17.37,60.4,0.0,0.0,0.0,328.65,2.25,236.0,1003.11,
2009,5,11,4,18.43,58.11,0.0,0.0,0.0,327.32,2.53,240.0,1003.41,
2009,5,11,5,19.48,55.81,110.0,313.33,58.0,325.98,2.81,244.0,1003.7,
2009,5,11,6,20.54,53.52,279.0,517.76,105.0,324.65,3.09,248.0,1004.0,
2009,5,11,7,22.15,49.31,457.0,645.68,135.0,330.42,3.44,259.0,1004.0,
2009,5,11,8,23.76,45.1,627.0,748.31,146.0,336.18,3.8,271.0,1004.0,
2009,5,11,9,25.38,40.89,697.0,582.73,255.0,341.95,4.15,283.0,1004.0,
2009,5,11,10,25.37,40.33,736.0,480.93,333.0,349.68,4.53,293.0,1003.93,
2009,5,11,11,25.36,39.78,96.0,0.0,96.0,357.42,4.91,304.0,1003.87,
2009,5,11,12,25.35,39.22,142.0,0.0,142.0,365.15,5.28,314.0,1003.8,
2009,5,11,13,24.95,39.07,844.0,851.02,147.0,366.98,5.29,322.0,1004.07,
2009,5,11,14,24.54,38.91,528.0,244.38,350.0,368.82,5.3,330.0,1004.33,
2009,5,11,15,24.14,38.76,277.0,31.48,258.0,370.65,5.31,338.0,1004.59,
2009,5,11,16,22.73,40.77,215.0,46.36,194.0,367.38,5.02,351.0,1005.12,
2009,5,11,17,21.31,42.78,195.0,275.25,116.0,364.12,4.73,5.0,1005.65,
2009,5,11,18,19.9,44.79,46.0,59.87,39.0,360.85,4.44,18.0,1006.18,
2009,5,11,19,18.83,45.78,0.0,0.0,0.0,356.87,4.52,26.0,1006.74,
2009,5,11,20,17.75,46.76,0.0,0.0,0.0,352.88,4.61,33.0,1007.3,
2009,5,11,21,16.68,47.75,0.0,0.0,0.0,348.9,4.69,41.0,1007.86,
2009,5,11,22,16.05,48.39,0.0,0.0,0.0,351.17,4.35,40.0,1008.12,
2009,5,11,23,15.42,49.03,0.0,0.0,0.0,353.43,4.02,40.0,1008.39,
2009,5,12,0,14.79,49.67,0.0,0.0,0.0,355.7,3.68,39.0,1008.65,
2009,5,12,1,14.12,50.64,0.0,0.0,0.0,355.83,3.49,35.0,1008.69,
2009,5,12,2,13.45,51.62,0.0,0.0,0.0,355.97,3.31,30.0,1008.72,
2009,5,12,3,12.78,52.59,0.0,0.0,0.0,356.1,3.12,26.0,1008.75,
2009,5,12,4,13.25,51.21,0.0,0.0,0.0,354.6,3.11,28.0,1008.92,
2009,5,12,5,13.71,49.83,111.0,295.69,61.0,353.1,3.11,29.0,1009.08,
2009,5,12,6,14.18,48.45,284.0,539.9,101.0,351.6,3.1,31.0,1009.25,
2009,5,12,7,15.57,43.47,303.0,133.64,236.0,351.83,3.11,30.0,1009.05,
2009,5,12,8,16.96,38.48,477.0,274.33,300.0,352.07,3.12,28.0,1008.85,
2009,5,12,9,18.35,33.5,460.0,110.42,376.0,352.3,3.13,27.0,1008.65,
2009,5,12,10,18.96,31.07,389.0,26.19,367.0,353.25,3.1,17.0,1008.26,
2009,5,12,11,19.58,28.64,381.0,15.95,367.0,354.2,3.08,8.0,1007.86,
2009,5,12,12,20.19,26.21,147.0,0.0,147.0,355.15,3.05,358.0,1007.47,
2009,5,12,13,19.49,27.96,270.0,1.22,269.0,349.93,3.04,352.0,1007.66,
2009,5,12,14,18.79,29.71,341.0,30.11,319.0,344.72,3.03,346.0,1007.86,
2009,5,12,15,18.09,31.46,181.0,0.0,181.0,339.5,3.02,339.0,1008.06,
2009,5,12,16,17.0,33.38,75.0,0.0,75.0,329.15,2.54,341.0,1007.8,
2009,5,12,17,15.9,35.3,89.0,3.45,88.0,318.8,2.06,342.0,1007.53,
2009,5,12,18,14.81,37.22,32.0,8.33,31.0,308.45,1.57,343.0,1007.27,
2009,5,12,19,13.84,40.46,0.0,0.0,0.0,304.73,1.76,358.0,1007.4,
2009,5,12,20,12.86,43.7,0.0,0.0,0.0,301.02,1.95,12.0,1007.53,
2009,5,12,21,11.89,46.94,0.0,0.0,0.0,297.3,2.14,26.0,1007.66,
2009,5,12,22,11.42,48.48,0.0,0.0,0.0,296.88,2.0,42.0,1007.4,
2009,5,12,23,10.95,50.03,0.0,0.0,0.0,296.47,1.85,57.0,1007.14,
2009,5,13,0,10.49,51.57,0.0,0.0,0.0,296.05,1.71,73.0,1006.87,
2009,5,13,1,10.08,54.63,0.0,0.0,0.0,305.48,1.52,79.0,1006.87,
2009,5,13,2,9.67,57.69,0.0,0.0,0.0,314.92,1.33,85.0,1006.87,
2009,5,13,3,9.26,60.75,0.0,0.0,0.0,324.35,1.14,91.0,1006.87,
2009,5,13,4,10.3,59.04,0.0,0.0,0.0,327.8,1.26,97.0,1006.87,
2009,5,13,5,11.34,57.32,12.0,0.0,12.0,331.25,1.38,104.0,1006.87,
2009,5,13,6,12.38,55.61,26.0,0.0,26.0,334.7,1.5,111.0,1006.87,
2009,5,13,7,13.63,51.73,68.0,0.0,68.0,336.98,1.45,113.0,1006.64,
2009,5,13,8,14.88,47.84,118.0,0.0,118.0,339.27,1.4,115.0,1006.41,
2009,5,13,9,16.14,43.96,154.0,0.0,154.0,341.55,1.35,118.0,1006.18,
2009,5,13,10,16.88,42.82,144.0,0.0,144.0,343.22,1.35,109.0,1005.72,
2009,5,13,11,17.62,41.69,317.0,3.41,314.0,344.88,1.34,99.0,1005.25,
2009,5,13,12,18.36,40.55,474.0,61.83,420.0,346.55,1.34,90.0,1004.79,
2009,5,13,13,18.93,41.06,663.0,352.27,373.0,344.6,0.93,85.0,1004.23,
2009,5,13,14,19.49,41.57,504.0,197.86,359.0,342.65,0.52,81.0,1003.67,
2009,5,13,15,20.06,42.08,391.0,161.1,293.0,340.7,0.11,76.0,1003.11,
2009,5,13,16,18.99,45.15,288.0,165.86,212.0,341.72,0.62,64.0,1002.91,
2009,5,13,17,17.92,48.23,162.0,126.41,125.0,342.73,1.13,52.0,1002.71,
2009,5,13,18,16.85,51.3,61.0,138.11,44.0,343.75,1.64,39.0,1002.52,
2009,5,13,19,16.16,52.62,0.0,0.0,0.0,343.1,1.66,47.0,1002.48,
2009,5,13,20,15.46,53.93,0.0,0.0,0.0,342.45,1.69,55.0,1002.45,
2009,5,13,21,14.77,55.25,0.0,0.0,0.0,341.8,1.71,62.0,1002.42,
2009,5,13,22,14.48,56.65,0.0,0.0,0.0,338.57,1.65,65.0,1002.22,
2009,5,13,23,14.19,58.06,0.0,0.0,0.0,335.33,1.59,67.0,1002.02,
2009,5,14,0,13.91,59.46,0.0,0.0,0.0,332.1,1.53,69.0,1001.82,
2009,5,14,1,12.87,63.15,0.0,0.0,0.0,328.2,1.77,63.0,1001.99,
2009,5,14,2,11.84,66.84,0.0,0.0,0.0,324.3,2.0,57.0,1002.15,
2009,5,14,3,10.8,70.53,0.0,0.0,0.0,320.4,2.23,51.0,1002.32,
2009,5,14,4,12.45,65.75,0.0,0.0,0.0,320.23,2.31,53.0,1002.38,
2009,5,14,5,14.09,60.97,95.0,148.51,69.0,320.07,2.38,55.0,1002.45,
2009,5,14,6,15.74,56.19,251.0,328.06,138.0,319.9,2.46,57.0,1002.52,
2009,5,14,7,18.21,50.69,416.0,442.35,192.0,326.82,2.08,59.0,1002.19,
2009,5,14,8,20.67,45.2,619.0,686.31,173.0,333.73,1.7,61.0,1001.86,
2009,5,14,9,23.14,39.7,755.0,746.35,184.0,340.65,1.32,64.0,1001.53,
2009,5,14,10,24.08,37.96,857.0,803.16,179.0,347.88,1.16,80.0,1001.1,
2009,5,14,11,25.01,36.23,902.0,815.4,183.0,355.12,1.0,96.0,1000.67,
2009,5,14,12,25.95,34.49,451.0,46.84,410.0,362.35,0.84,112.0,1000.24,
2009,5,14,13,25.97,34.56,563.0,182.97,412.0,363.13,1.08,161.0,1000.14,
2009,5,14,14,25.98,34.64,495.0,180.95,362.0,363.92,1.31,211.0,1000.04,
2009,5,14,15,26.0,34.71,500.0,412.66,248.0,364.7,1.54,260.0,999.94,
2009,5,14,16,24.67,38.79,226.0,54.26,201.0,361.88,1.62,298.0,999.98,
2009,5,14,17,23.34,42.88,75.0,0.0,75.0,359.07,1.69,336.0,1000.01,
2009,5,14,18,22.01,46.96,29.0,0.0,29.0,356.25,1.77,14.0,1000.04,
2009,5,14,19,20.46,51.91,0.0,0.0,0.0,356.32,1.78,29.0,1000.21,
2009,5,14,20,18.91,56.87,0.0,0.0,0.0,356.38,1.79,45.0,1000.37,
2009,5,14,21,17.36,61.82,0.0,0.0,0.0,356.45,1.81,61.0,1000.54,
2009,5,14,22,16.86,64.16,0.0,0.0,0.0,351.33,1.56,71.0,1000.44,
2009,5,14,23,16.36,66.49,0.0,0.0,0.0,346.22,1.32,81.0,1000.34,
2009,5,15,0,15.87,68.83,0.0,0.0,0.0,341.1,1.08,92.0,1000.24,
2009,5,15,1,15.39,73.12,0.0,0.0,0.0,340.2,1.21,119.0,1000.57,
2009,5,15,2,14.92,77.41,0.0,0.0,0.0,339.3,1.34,146.0,1000.9,
2009,5,15,3,14.44,81.7,0.0,0.0,0.0,338.4,1.48,173.0,1001.23,
2009,5,15,4,16.35,76.23,0.0,0.0,0.0,342.8,1.63,184.0,1001.59,
2009,5,15,5,18.25,70.77,15.0,0.0,15.0,347.2,1.78,196.0,1001.95,
2009,5,15,6,20.16,65.3,161.0,48.98,144.0,351.6,1.93,208.0,1002.32,
2009,5,15,7,22.2,57.38,367.0,273.21,228.0,352.82,2.22,220.0,1002.38,
2009,5,15,8,24.24,49.47,253.0,9.2,247.0,354.03,2.51,232.0,1002.45,
2009,5,15,9,26.28,41.55,549.0,228.13,374.0,355.25,2.8,244.0,1002.52,
2009,5,15,10,26.89,37.62,806.0,642.95,262.0,359.03,3.27,246.0,1002.45,
2009,5,15,11,27.5,33.69,895.0,787.63,199.0,362.82,3.75,248.0,1002.38,
2009,5,15,12,28.11,29.76,836.0,638.37,276.0,366.6,4.22,251.0,1002.32,
2009,5,15,13,27.63,30.94,529.0,139.01,414.0,366.07,4.4,255.0,1002.58,
2009,5,15,14,27.16,32.11,281.0,6.78,276.0,365.53,4.59,258.0,1002.85,
2009,5,15,15,26.68,33.29,241.0,11.42,234.0,365.0,4.77,262.0,1003.11,
2009,5,15,16,25.15,37.0,243.0,75.55,208.0,362.95,4.01,274.0,1003.47,
2009,5,15,17,23.63,40.71,234.0,452.65,99.0,360.9,3.25,285.0,1003.84,
2009,5,15,18,22.1,44.42,63.0,123.93,47.0,358.85,2.48,297.0,1004.2,
2009,5,15,19,20.98,48.63,0.0,0.0,0.0,354.28,2.46,312.0,1004.86,
2009,5,15,20,19.85,52.85,0.0,0.0,0.0,349.72,2.43,326.0,1005.52,
2009,5,15,21,18.73,57.06,0.0,0.0,0.0,345.15,2.4,340.0,1006.18,
2009,5,15,22,18.17,60.45,0.0,0.0,0.0,342.53,2.39,346.0,1006.48,
2009,5,15,23,17.62,63.84,0.0,0.0,0.0,339.92,2.37,352.0,1006.77,
2009,5,16,0,17.07,67.23,0.0,0.0,0.0,337.3,2.36,357.0,1007.07,
2009,5,16,1,16.2,70.83,0.0,0.0,0.0,333.73,2.35,2.0,1007.43,
2009,5,16,2,15.33,74.44,0.0,0.0,0.0,330.17,2.35,7.0,1007.8,
2009,5,16,3,14.46,78.04,0.0,0.0,0.0,326.6,2.34,12.0,1008.16,
2009,5,16,4,15.88,73.78,0.0,0.0,0.0,327.35,2.26,17.0,1008.59,
2009,5,16,5,17.29,69.52,122.0,326.56,63.0,328.1,2.18,23.0,1009.02,
2009,5,16,6,18.71,65.26,285.0,483.44,116.0,328.85,2.1,29.0,1009.44,
2009,5,16,7,20.36,59.28,470.0,651.57,137.0,334.17,2.09,27.0,1009.35,
2009,5,16,8,22.0,53.29,639.0,752.12,147.0,339.48,2.08,25.0,1009.25,
2009,5,16,9,23.65,47.31,779.0,816.58,151.0,344.8,2.07,24.0,1009.15,
2009,5,16,10,24.52,43.76,870.0,832.58,164.0,349.55,2.29,15.0,1008.75,
2009,5,16,11,25.38,40.21,929.0,891.03,140.0,354.3,2.5,7.0,1008.36,
2009,5,16,12,26.25,36.66,921.0,888.41,140.0,359.05,2.72,358.0,1007.96,
2009,5,16,13,26.47,34.87,851.0,839.37,155.0,359.65,2.8,6.0,1007.53,
2009,5,16,14,26.68,33.07,735.0,775.17,162.0,360.25,2.88,15.0,1007.1,
2009,5,16,15,26.9,31.28,598.0,757.44,132.0,360.85,2.97,23.0,1006.67,
2009,5,16,16,25.31,34.48,428.0,676.32,113.0,357.82,2.65,28.0,1006.71,
2009,5,16,17,23.72,37.69,244.0,508.39,91.0,354.78,2.34,33.0,1006.74,
2009,5,16,18,22.13,40.89,69.0,159.04,48.0,351.75,2.03,38.0,1006.77,
2009,5,16,19,21.02,43.29,0.0,0.0,0.0,348.65,2.08,43.0,1007.07,
2009,5,16,20,19.91,45.7,0.0,0.0,0.0,345.55,2.13,48.0,1007.37,
2009,5,16,21,18.8,48.1,0.0,0.0,0.0,342.45,2.18,52.0,1007.66,
2009,5,16,22,18.27,49.72,0.0,0.0,0.0,339.37,2.15,54.0,1007.5,
2009,5,16,23,17.74,51.35,0.0,0.0,0.0,336.28,2.12,56.0,1007.33,
2009,5,17,0,17.22,52.97,0.0,0.0,0.0,333.2,2.1,58.0,1007.17,
2009,5,17,1,16.65,55.66,0.0,0.0,0.0,330.92,2.03,65.0,1007.07,
2009,5,17,2,16.08,58.34,0.0,0.0,0.0,328.63,1.97,72.0,1006.97,
2009,5,17,3,15.51,61.03,0.0,0.0,0.0,326.35,1.9,78.0,1006.87,
2009,5,17,4,17.41,56.97,0.0,0.0,0.0,327.02,2.06,77.0,1007.04,
2009,5,17,5,19.3,52.91,117.0,261.83,69.0,327.68,2.23,75.0,1007.2,
2009,5,17,6,21.2,48.85,290.0,502.84,113.0,328.35,2.39,74.0,1007.37,
2009,5,17,7,23.5,41.99,462.0,607.85,150.0,336.33,2.13,74.0,1007.14,
2009,5,17,8,25.8,35.13,632.0,714.75,163.0,344.32,1.87,75.0,1006.9,
2009,5,17,9,28.11,28.27,765.0,761.4,178.0,352.3,1.61,76.0,1006.67,
2009,5,17,10,28.79,26.18,868.0,819.05,172.0,359.6,1.38,69.0,1006.24,
2009,5,17,11,29.47,24.08,922.0,861.07,158.0,366.9,1.14,62.0,1005.82,
2009,5,17,12,30.15,21.99,914.0,858.22,158.0,374.2,0.91,55.0,1005.39,
2009,5,17,13,30.11,21.78,857.0,854.3,147.0,377.43,1.1,48.0,1005.22,
2009,5,17,14,30.06,21.56,748.0,817.56,142.0,380.67,1.29,42.0,1005.06,
2009,5,17,15,30.02,21.35,592.0,719.08,148.0,383.9,1.48,35.0,1004.89,
2009,5,17,16,28.39,25.19,423.0,634.36,126.0,385.18,1.49,47.0,1005.06,
2009,5,17,17,26.75,29.02,241.0,467.7,99.0,386.47,1.5,59.0,1005.22,
2009,5,17,18,25.12,32.86,68.0,133.4,50.0,387.75,1.52,70.0,1005.39,
2009,5,17,19,23.88,36.99,0.0,0.0,0.0,386.02,1.43,88.0,1005.75,
2009,5,17,20,22.63,41.13,0.0,0.0,0.0,384.28,1.35,106.0,1006.11,
2009,5,17,21,21.39,45.26,0.0,0.0,0.0,382.55,1.27,124.0,1006.48,
2009,5,17,22,20.88,49.37,0.0,0.0,0.0,377.52,1.38,134.0,1006.61,
2009,5,17,23,20.38,53.47,0.0,0.0,0.0,372.48,1.5,144.0,1006.74,
2009,5,18,0,19.88,57.58,0.0,0.0,0.0,367.45,1.61,153.0,1006.87,
2009,5,18,1,18.96,61.82,0.0,0.0,0.0,360.47,1.47,150.0,1007.07,
2009,5,18,2,18.05,66.07,0.0,0.0,0.0,353.48,1.33,147.0,1007.27,
2009,5,18,3,17.13,70.31,0.0,0.0,0.0,346.5,1.19,144.0,1007.47,
2009,5,18,4,18.97,67.3,0.0,0.0,0.0,348.12,1.32,146.0,1007.63,
2009,5,18,5,20.81,64.29,90.0,91.45,73.0,349.73,1.45,147.0,1007.8,
2009,5,18,6,22.65,61.28,240.0,245.53,153.0,351.35,1.59,149.0,1007.96,
2009,5,18,7,23.94,56.97,260.0,58.21,230.0,357.83,1.46,155.0,1007.93,
2009,5,18,8,25.23,52.67,238.0,4.56,235.0,364.32,1.34,162.0,1007.89,
2009,5,18,9,26.53,48.36,675.0,486.57,299.0,370.8,1.21,169.0,1007.86,
2009,5,18,10,26.5,47.9,824.0,682.33,243.0,374.43,1.28,175.0,1007.73,
2009,5,18,11,26.47,47.43,881.0,733.43,229.0,378.07,1.34,182.0,1007.6,
2009,5,18,12,26.44,46.97,761.0,446.39,367.0,381.7,1.41,188.0,1007.47,
2009,5,18,13,26.53,45.52,816.0,715.55,220.0,378.9,1.25,210.0,1007.23,
2009,5,18,14,26.63,44.08,66.0,0.0,66.0,376.1,1.09,233.0,1007.0,
2009,5,18,15,26.72,42.63,53.0,0.0,53.0,373.3,0.94,255.0,1006.77,
2009,5,18,16,25.49,46.71,43.0,0.0,43.0,370.92,1.09,290.0,1006.84,
2009,5,18,17,24.25,50.79,102.0,6.53,100.0,368.53,1.25,325.0,1006.9,
2009,5,18,18,23.02,54.87,45.0,21.77,42.0,366.15,1.41,360.0,1006.97,
2009,5,18,19,21.89,59.62,0.0,0.0,0.0,362.75,1.54,4.0,1007.27,
2009,5,18,20,20.75,64.36,0.0,0.0,0.0,359.35,1.67,8.0,1007.56,
2009,5,18,21,19.62,69.11,0.0,0.0,0.0,355.95,1.81,12.0,1007.86,
2009,5,18,22,19.22,71.76,0.0,0.0,0.0,354.5,1.83,18.0,1007.8,
2009,5,18,23,18.82,74.41,0.0,0.0,0.0,353.05,1.85,23.0,1007.73,
2009,5,19,0,18.42,77.06,0.0,0.0,0.0,351.6,1.88,29.0,1007.66,
2009,5,19,1,17.74,80.07,0.0,0.0,0.0,348.28,1.99,27.0,1007.96,
2009,5,19,2,17.06,83.07,0.0,0.0,0.0,344.97,2.11,24.0,1008.26,
2009,5,19,3,16.37,86.08,0.0,0.0,0.0,341.65,2.22,22.0,1008.55,
2009,5,19,4,17.87,80.54,0.0,0.0,0.0,342.75,2.23,21.0,1008.78,
2009,5,19,5,19.36,74.99,12.0,0.0,12.0,343.85,2.23,21.0,1009.02,
2009,5,19,6,20.86,69.45,230.0,207.53,156.0,344.95,2.23,21.0,1009.25,
2009,5,19,7,22.45,61.58,454.0,554.65,167.0,351.0,2.46,17.0,1009.21,
2009,5,19,8,24.04,53.7,636.0,715.17,164.0,357.05,2.69,13.0,1009.18,
2009,5,19,9,25.64,45.83,773.0,775.99,172.0,363.1,2.91,10.0,1009.15,
2009,5,19,10,26.06,43.42,871.0,819.31,172.0,368.38,2.97,7.0,1008.78,
2009,5,19,11,26.49,41.0,921.0,846.59,167.0,373.67,3.04,4.0,1008.42,
2009,5,19,12,26.91,38.59,880.0,745.19,221.0,378.95,3.1,1.0,1008.06,
2009,5,19,13,26.93,37.46,787.0,626.55,264.0,373.7,2.97,359.0,1008.03,
2009,5,19,14,26.94,36.33,730.0,736.75,181.0,368.45,2.84,358.0,1007.99,
2009,5,19,15,26.96,35.2,578.0,648.15,175.0,363.2,2.7,357.0,1007.96,
2009,5,19,16,25.53,37.98,428.0,636.45,127.0,360.33,2.52,359.0,1007.89,
2009,5,19,17,24.09,40.75,250.0,498.69,96.0,357.47,2.34,1.0,1007.83,
2009,5,19,18,22.66,43.53,74.0,156.49,52.0,354.6,2.17,3.0,1007.76,
2009,5,19,19,21.59,46.31,0.0,0.0,0.0,351.47,2.27,11.0,1008.06,
2009,5,19,20,20.52,49.09,0.0,0.0,0.0,348.33,2.38,20.0,1008.36,
2009,5,19,21,19.45,51.87,0.0,0.0,0.0,345.2,2.48,28.0,1008.65,
2009,5,19,22,19.02,54.34,0.0,0.0,0.0,342.18,2.37,29.0,1008.65,
2009,5,19,23,18.59,56.8,0.0,0.0,0.0,339.17,2.26,31.0,1008.65,
2009,5,20,0,18.16,59.27,0.0,0.0,0.0,336.15,2.15,32.0,1008.65,
2009,5,20,1,17.27,62.85,0.0,0.0,0.0,332.73,2.2,36.0,1008.72,
2009,5,20,2,16.38,66.42,0.0,0.0,0.0,329.32,2.25,39.0,1008.78,
2009,5,20,3,15.48,70.0,0.0,0.0,0.0,325.9,2.3,42.0,1008.85,
2009,5,20,4,17.19,66.09,0.0,0.0,0.0,326.43,2.09,39.0,1008.95,
2009,5,20,5,18.9,62.17,124.0,272.66,72.0,326.97,1.87,36.0,1009.05,
2009,5,20,6,20.61,58.26,306.0,565.9,103.0,327.5,1.66,34.0,1009.15,
2009,5,20,7,22.25,50.95,481.0,668.09,134.0,334.47,1.81,25.0,1008.95,
2009,5,20,8,23.89,43.63,654.0,781.24,137.0,341.43,1.97,16.0,1008.75,
2009,5,20,9,25.53,36.32,783.0,803.96,159.0,348.4,2.12,8.0,1008.55,
2009,5,20,10,26.14,34.09,873.0,818.94,173.0,352.15,2.03,7.0,1008.03,
2009,5,20,11,26.74,31.86,884.0,733.0,230.0,355.9,1.94,6.0,1007.5,
2009,5,20,12,27.35,29.63,877.0,731.39,229.0,359.65,1.85,4.0,1006.97,
2009,5,20,13,27.5,28.72,850.0,811.74,171.0,357.1,1.77,2.0,1006.54,
2009,5,20,14,27.65,27.8,743.0,777.7,162.0,354.55,1.7,360.0,1006.11,
2009,5,20,15,27.8,26.89,459.0,275.7,287.0,352.0,1.63,358.0,1005.68,
2009,5,20,16,26.75,29.06,383.0,427.15,180.0,348.08,1.64,352.0,1005.49,
2009,5,20,17,25.69,31.24,214.0,279.43,127.0,344.17,1.66,346.0,1005.29,
2009,5,20,18,24.64,33.41,91.0,299.99,48.0,340.25,1.67,340.0,1005.09,
2009,5,20,19,23.61,36.14,0.0,0.0,0.0,337.77,1.71,349.0,1005.42,
2009,5,20,20,22.57,38.87,0.0,0.0,0.0,335.28,1.75,358.0,1005.75,
2009,5,20,21,21.54,41.6,0.0,0.0,0.0,332.8,1.79,7.0,1006.08,
2009,5,20,22,20.2,47.13,0.0,0.0,0.0,331.65,1.41,57.0,1005.78,
2009,5,20,23,18.86,52.65,0.0,0.0,0.0,330.5,1.03,107.0,1005.49,
2009,5,21,0,17.52,58.18,0.0,0.0,0.0,329.35,0.65,156.0,1005.19,
2009,5,21,1,16.84,61.18,0.0,0.0,0.0,327.22,0.91,159.0,1005.12,
2009,5,21,2,16.17,64.18,0.0,0.0,0.0,325.08,1.17,161.0,1005.06,
2009,5,21,3,15.49,67.18,0.0,0.0,0.0,322.95,1.43,163.0,1004.99,
2009,5,21,4,17.77,61.35,0.0,0.0,0.0,323.73,1.85,168.0,1005.06,
2009,5,21,5,20.05,55.52,97.0,108.82,76.0,324.52,2.26,173.0,1005.12,
2009,5,21,6,22.33,49.69,298.0,498.93,118.0,325.3,2.68,177.0,1005.19,
2009,5,21,7,24.37,43.16,481.0,658.03,138.0,331.58,2.97,186.0,1004.99,
2009,5,21,8,26.41,36.64,649.0,755.12,148.0,337.87,3.26,194.0,1004.79,
2009,5,21,9,28.46,30.11,780.0,790.74,165.0,344.15,3.54,202.0,1004.59,
2009,5,21,10,29.2,27.6,879.0,833.82,165.0,349.25,3.67,205.0,1004.0,
2009,5,21,11,29.95,25.08,928.0,861.53,158.0,354.35,3.8,207.0,1003.41,
2009,5,21,12,30.69,22.57,916.0,845.0,166.0,359.45,3.93,209.0,1002.81,
2009,5,21,13,30.51,24.31,839.0,770.72,193.0,367.0,4.16,219.0,1002.28,
2009,5,21,14,30.33,26.05,718.0,686.31,204.0,374.55,4.38,230.0,1001.76,
2009,5,21,15,30.15,27.79,592.0,685.4,163.0,382.1,4.61,240.0,1001.23,
2009,5,21,16,28.53,32.99,408.0,521.46,159.0,384.92,3.97,249.0,1001.33,
2009,5,21,17,26.9,38.18,231.0,356.88,119.0,387.73,3.34,258.0,1001.43,
2009,5,21,18,25.28,43.38,53.0,34.24,48.0,390.55,2.7,267.0,1001.53,
2009,5,21,19,24.17,47.95,0.0,0.0,0.0,385.28,2.6,279.0,1001.82,
2009,5,21,20,23.06,52.53,0.0,0.0,0.0,380.02,2.49,291.0,1002.12,
2009,5,21,21,21.95,57.1,0.0,0.0,0.0,374.75,2.39,303.0,1002.42,
2009,5,21,22,20.73,66.19,0.0,0.0,0.0,373.48,2.3,306.0,1002.75,
2009,5,21,23,19.52,75.27,0.0,0.0,0.0,372.22,2.21,309.0,1003.08,
2009,5,22,0,18.31,84.36,0.0,0.0,0.0,370.95,2.12,312.0,1003.41,
2009,5,22,1,18.03,76.8,0.0,0.0,0.0,358.78,2.44,318.0,1004.1,
2009,5,22,2,17.75,69.24,0.0,0.0,0.0,346.62,2.76,324.0,1004.79,
2009,5,22,3,17.47,61.68,0.0,0.0,0.0,334.45,3.08,330.0,1005.49,
2009,5,22,4,18.29,59.06,0.0,0.0,0.0,331.73,3.16,333.0,1005.98,
2009,5,22,5,19.1,56.45,146.0,445.81,59.0,329.02,3.24,337.0,1006.48,
2009,5,22,6,19.91,53.83,324.0,656.13,86.0,326.3,3.32,340.0,1006.97,
2009,5,22,7,21.3,47.79,492.0,705.51,123.0,331.15,3.68,333.0,1007.14,
2009,5,22,8,22.68,41.76,661.0,796.88,131.0,336.0,4.03,326.0,1007.3,
2009,5,22,9,24.07,35.72,790.0,818.71,152.0,340.85,4.39,319.0,1007.47,
2009,5,22,10,24.69,32.72,867.0,791.59,188.0,344.9,5.04,315.0,1007.14,
2009,5,22,11,25.3,29.73,570.0,131.81,452.0,348.95,5.7,311.0,1006.81,
2009,5,22,12,25.92,26.73,385.0,15.75,371.0,353.0,6.36,307.0,1006.48,
2009,5,22,13,25.63,27.29,774.0,578.69,288.0,351.82,6.4,310.0,1006.57,
2009,5,22,14,25.34,27.84,335.0,22.64,318.0,350.63,6.45,312.0,1006.67,
2009,5,22,15,25.05,28.4,412.0,173.59,303.0,349.45,6.5,315.0,1006.77,
2009,5,22,16,23.76,29.98,283.0,127.16,222.0,348.28,5.54,320.0,1007.0,
2009,5,22,17,22.48,31.55,175.0,120.15,137.0,347.12,4.57,325.0,1007.23,
2009,5,22,18,21.19,33.13,79.0,154.69,56.0,345.95,3.61,330.0,1007.47,
2009,5,22,19,20.14,34.29,0.0,0.0,0.0,342.82,3.41,339.0,1008.06,
2009,5,22,20,19.09,35.44,0.0,0.0,0.0,339.68,3.2,348.0,1008.65,
2009,5,22,21,18.04,36.6,0.0,0.0,0.0,336.55,2.99,356.0,1009.25,
2009,5,22,22,17.35,37.84,0.0,0.0,0.0,333.03,2.64,6.0,1009.38,
2009,5,22,23,16.67,39.07,0.0,0.0,0.0,329.52,2.29,15.0,1009.51,
2009,5,23,0,15.99,40.31,0.0,0.0,0.0,326.0,1.93,25.0,1009.64,
2009,5,23,1,14.86,44.2,0.0,0.0,0.0,318.13,1.95,33.0,1009.81,
2009,5,23,2,13.73,48.1,0.0,0.0,0.0,310.27,1.98,40.0,1009.97,
2009,5,23,3,12.6,51.99,0.0,0.0,0.0,302.4,2.0,48.0,1010.14,
2009,5,23,4,14.23,49.54,0.0,0.0,0.0,301.78,1.75,58.0,1010.24,
2009,5,23,5,15.85,47.08,148.0,451.27,59.0,301.17,1.5,67.0,1010.34,
2009,5,23,6,17.47,44.63,326.0,655.51,87.0,300.55,1.26,77.0,1010.43,
2009,5,23,7,18.89,39.39,218.0,19.06,208.0,309.82,1.43,52.0,1010.4,
2009,5,23,8,20.31,34.16,206.0,0.0,206.0,319.08,1.6,28.0,1010.37,
2009,5,23,9,21.74,28.92,110.0,0.0,110.0,328.35,1.77,3.0,1010.34,
2009,5,23,10,21.64,29.0,575.0,167.6,431.0,341.37,2.06,334.0,1010.01,
2009,5,23,11,21.55,29.08,836.0,593.32,304.0,354.38,2.35,306.0,1009.68,
2009,5,23,12,21.45,29.16,839.0,616.44,290.0,367.4,2.65,277.0,1009.35,
2009,5,23,13,21.92,29.37,793.0,627.5,265.0,363.23,2.51,300.0,1008.92,
2009,5,23,14,22.4,29.59,582.0,313.62,346.0,359.07,2.36,324.0,1008.49,
2009,5,23,15,22.87,29.8,499.0,363.56,270.0,354.9,2.22,347.0,1008.06,
2009,5,23,16,21.88,33.08,419.0,554.05,152.0,347.27,2.16,342.0,1007.89,
2009,5,23,17,20.88,36.37,249.0,439.33,109.0,339.63,2.1,337.0,1007.73,
2009,5,23,18,19.89,39.65,88.0,218.13,55.0,332.0,2.04,333.0,1007.56,
2009,5,23,19,18.58,43.89,0.0,0.0,0.0,328.73,1.6,278.0,1007.63,
2009,5,23,20,17.26,48.12,0.0,0.0,0.0,325.47,1.16,223.0,1007.7,
2009,5,23,21,15.95,52.36,0.0,0.0,0.0,322.2,0.72,168.0,1007.76,
2009,5,23,22,15.53,54.02,0.0,0.0,0.0,321.12,0.91,172.0,1007.47,
2009,5,23,23,15.12,55.67,0.0,0.0,0.0,320.03,1.1,175.0,1007.17,
2009,5,24,0,14.71,57.33,0.0,0.0,0.0,318.95,1.3,179.0,1006.87,
2009,5,24,1,14.5,58.45,0.0,0.0,0.0,316.92,1.13,176.0,1007.0,
2009,5,24,2,14.29,59.57,0.0,0.0,0.0,314.88,0.97,174.0,1007.14,
2009,5,24,3,14.08,60.69,0.0,0.0,0.0,312.85,0.8,171.0,1007.27,
2009,5,24,4,15.87,57.69,0.0,0.0,0.0,316.42,0.66,174.0,1007.43,
2009,5,24,5,17.65,54.69,138.0,336.35,71.0,319.98,0.51,177.0,1007.6,
2009,5,24,6,19.44,51.69,316.0,581.37,103.0,323.55,0.37,180.0,1007.76,
2009,5,24,7,21.23,46.32,488.0,670.71,135.0,329.4,1.13,230.0,1007.7,
2009,5,24,8,23.01,40.96,654.0,757.36,148.0,335.25,1.89,280.0,1007.63,
2009,5,24,9,24.8,35.59,785.0,791.46,166.0,341.1,2.65,330.0,1007.56,
2009,5,24,10,25.43,33.2,874.0,806.5,180.0,348.12,3.38,335.0,1007.07,
2009,5,24,11,26.05,30.82,785.0,469.93,363.0,355.13,4.11,340.0,1006.57,
2009,5,24,12,26.68,28.43,812.0,544.82,326.0,362.15,4.84,345.0,1006.08,
2009,5,24,13,26.63,28.54,835.0,743.77,208.0,367.85,4.53,348.0,1005.78,
2009,5,24,14,26.59,28.66,751.0,779.59,163.0,373.55,4.23,351.0,1005.49,
2009,5,24,15,26.54,28.77,592.0,663.18,173.0,379.25,3.92,354.0,1005.19,
2009,5,24,16,25.01,32.29,442.0,654.91,125.0,371.6,3.28,10.0,1005.29,
2009,5,24,17,23.47,35.82,263.0,517.12,97.0,363.95,2.65,26.0,1005.39,
2009,5,24,18,21.94,39.34,87.0,195.02,57.0,356.3,2.01,43.0,1005.49,
2009,5,24,19,20.7,42.34,0.0,0.0,0.0,349.97,2.11,54.0,1005.85,
2009,5,24,20,19.47,45.35,0.0,0.0,0.0,343.63,2.2,66.0,1006.21,
2009,5,24,21,18.23,48.35,0.0,0.0,0.0,337.3,2.29,77.0,1006.57,
2009,5,24,22,17.69,50.62,0.0,0.0,0.0,334.42,2.16,78.0,1006.54,
2009,5,24,23,17.16,52.88,0.0,0.0,0.0,331.53,2.03,78.0,1006.51,
2009,5,25,0,16.63,55.15,0.0,0.0,0.0,328.65,1.9,78.0,1006.48,
2009,5,25,1,16.01,58.81,0.0,0.0,0.0,326.62,1.8,74.0,1006.41,
2009,5,25,2,15.39,62.47,0.0,0.0,0.0,324.58,1.69,70.0,1006.34,
2009,5,25,3,14.77,66.13,0.0,0.0,0.0,322.55,1.59,67.0,1006.28,
2009,5,25,4,16.7,61.16,0.0,0.0,0.0,322.57,1.8,65.0,1006.44,
2009,5,25,5,18.62,56.2,139.0,333.21,72.0,322.58,2.02,63.0,1006.61,
2009,5,25,6,20.55,51.23,311.0,543.39,111.0,322.6,2.23,61.0,1006.77,
2009,5,25,7,22.25,45.06,488.0,661.2,139.0,328.58,2.4,60.0,1006.71,
2009,5,25,8,23.95,38.9,656.0,757.29,149.0,334.57,2.56,59.0,1006.64,
2009,5,25,9,25.66,32.73,790.0,806.74,158.0,340.55,2.72,58.0,1006.57,
2009,5,25,10,26.18,30.73,884.0,835.47,164.0,343.43,2.51,57.0,1006.01,
2009,5,25,11,26.71,28.72,939.0,877.33,150.0,346.32,2.3,56.0,1005.45,
2009,5,25,12,27.23,26.72,917.0,830.51,175.0,349.2,2.1,54.0,1004.89,
2009,5,25,13,27.31,26.21,854.0,799.28,179.0,348.95,1.89,60.0,1004.46,
2009,5,25,14,27.39,25.71,764.0,821.52,143.0,348.7,1.69,66.0,1004.03,
2009,5,25,15,27.47,25.2,612.0,738.55,144.0,348.45,1.49,71.0,1003.6,
2009,5,25,16,25.84,28.83,455.0,713.82,108.0,345.15,1.74,75.0,1003.57,
2009,5,25,17,24.22,32.46,267.0,528.92,96.0,341.85,2.0,80.0,1003.54,
2009,5,25,18,22.59,36.09,90.0,198.32,59.0,338.55,2.25,84.0,1003.51,
2009,5,25,19,21.2,39.44,0.0,0.0,0.0,335.35,2.17,93.0,1003.64,
2009,5,25,20,19.81,42.79,0.0,0.0,0.0,332.15,2.1,102.0,1003.77,
2009,5,25,21,18.42,46.14,0.0,0.0,0.0,328.95,2.03,111.0,1003.9,
2009,5,25,22,18.19,47.06,0.0,0.0,0.0,327.52,2.43,120.0,1003.64,
2009,5,25,23,17.96,47.99,0.0,0.0,0.0,326.08,2.83,130.0,1003.37,
2009,5,26,0,17.73,48.91,0.0,0.0,0.0,324.65,3.23,139.0,1003.11,
2009,5,26,1,17.38,52.0,0.0,0.0,0.0,326.48,3.12,145.0,1003.44,
2009,5,26,2,17.03,55.1,0.0,0.0,0.0,328.32,3.02,151.0,1003.77,
2009,5,26,3,16.68,58.19,0.0,0.0,0.0,330.15,2.91,157.0,1004.1,
2009,5,26,4,18.47,54.32,1.0,24.85,0.0,331.77,3.26,157.0,1004.1,
2009,5,26,5,20.25,50.46,132.0,266.2,78.0,333.38,3.6,158.0,1004.1,
2009,5,26,6,22.04,46.59,318.0,573.52,106.0,335.0,3.94,158.0,1004.1,
2009,5,26,7,24.06,41.49,387.0,285.31,236.0,339.8,3.93,166.0,1004.13,
2009,5,26,8,26.07,36.38,535.0,365.23,290.0,344.6,3.91,174.0,1004.17,
2009,5,26,9,28.09,31.28,795.0,820.76,151.0,349.4,3.89,182.0,1004.2,
2009,5,26,10,28.27,31.26,610.0,210.89,428.0,355.83,3.36,205.0,1004.17,
2009,5,26,11,28.46,31.23,859.0,642.93,280.0,362.27,2.82,229.0,1004.13,
2009,5,26,12,28.64,31.21,598.0,164.29,451.0,368.7,2.29,252.0,1004.1,
2009,5,26,13,26.86,41.3,409.0,34.28,380.0,374.42,2.36,273.0,1004.99,
2009,5,26,14,25.07,51.4,240.0,1.32,239.0,380.13,2.44,293.0,1005.88,
2009,5,26,15,23.29,61.49,241.0,7.87,236.0,385.85,2.51,314.0,1006.77,
2009,5,26,16,22.19,66.12,409.0,487.55,171.0,382.7,2.22,320.0,1007.04,
2009,5,26,17,21.09,70.75,195.0,165.88,141.0,379.55,1.92,327.0,1007.3,
2009,5,26,18,19.99,75.38,79.0,113.39,61.0,376.4,1.63,334.0,1007.56,
2009,5,26,19,19.42,76.28,0.0,0.0,0.0,376.12,1.9,343.0,1007.93,
2009,5,26,20,18.86,77.19,0.0,0.0,0.0,375.83,2.17,353.0,1008.29,
2009,5,26,21,18.29,78.09,0.0,0.0,0.0,375.55,2.44,3.0,1008.65,
2009,5,26,22,17.56,80.19,0.0,0.0,0.0,372.22,2.58,5.0,1008.75,
2009,5,26,23,16.84,82.29,0.0,0.0,0.0,368.88,2.73,8.0,1008.85,
2009,5,27,0,16.12,84.39,0.0,0.0,0.0,365.55,2.87,10.0,1008.95,
2009,5,27,1,16.11,80.76,0.0,0.0,0.0,362.18,2.87,9.0,1009.15,
2009,5,27,2,16.1,77.13,0.0,0.0,0.0,358.82,2.87,8.0,1009.35,
2009,5,27,3,16.08,73.5,0.0,0.0,0.0,355.45,2.87,7.0,1009.54,
2009,5,27,4,16.28,71.91,2.0,0.0,2.0,356.83,2.91,9.0,1009.61,
2009,5,27,5,16.47,70.31,13.0,0.0,13.0,358.22,2.96,12.0,1009.68,
2009,5,27,6,16.67,68.72,104.0,0.0,104.0,359.6,3.01,14.0,1009.74,
2009,5,27,7,17.93,64.1,336.0,162.08,250.0,363.15,2.98,7.0,1009.64,
2009,5,27,8,19.19,59.49,367.0,74.4,317.0,366.7,2.96,359.0,1009.54,
2009,5,27,9,20.46,54.87,255.0,1.27,254.0,370.25,2.94,352.0,1009.44,
2009,5,27,10,20.58,53.03,150.0,0.0,150.0,376.12,3.21,349.0,1009.25,
2009,5,27,11,20.69,51.2,137.0,0.0,137.0,381.98,3.48,346.0,1009.05,
2009,5,27,12,20.81,49.36,89.0,0.0,89.0,387.85,3.75,343.0,1008.85,
2009,5,27,13,20.96,47.52,88.0,0.0,88.0,382.15,3.82,332.0,1008.72,
2009,5,27,14,21.1,45.68,112.0,0.0,112.0,376.45,3.89,322.0,1008.59,
2009,5,27,15,21.25,43.84,198.0,1.57,197.0,370.75,3.96,312.0,1008.45,
2009,5,27,16,20.44,43.17,250.0,65.29,218.0,361.63,3.46,312.0,1008.19,
2009,5,27,17,19.62,42.49,144.0,42.72,130.0,352.52,2.97,311.0,1007.93,
2009,5,27,18,18.81,41.82,94.0,211.02,60.0,343.4,2.47,311.0,1007.66,
2009,5,27,19,18.16,42.09,0.0,0.0,0.0,338.18,2.4,306.0,1007.76,
2009,5,27,20,17.51,42.36,0.0,0.0,0.0,332.97,2.34,301.0,1007.86,
2009,5,27,21,16.86,42.63,0.0,0.0,0.0,327.75,2.28,295.0,1007.96,
2009,5,27,22,16.64,44.04,0.0,0.0,0.0,327.27,2.68,298.0,1007.6,
2009,5,27,23,16.42,45.46,0.0,0.0,0.0,326.78,3.09,301.0,1007.23,
2009,5,28,0,16.21,46.87,0.0,0.0,0.0,326.3,3.49,304.0,1006.87,
2009,5,28,1,15.1,52.14,0.0,0.0,0.0,322.8,3.6,307.0,1007.17,
2009,5,28,2,14.0,57.41,0.0,0.0,0.0,319.3,3.7,310.0,1007.47,
2009,5,28,3,12.89,62.68,0.0,0.0,0.0,315.8,3.81,312.0,1007.76,
2009,5,28,4,13.05,59.8,2.0,0.0,2.0,316.05,4.25,319.0,1007.96,
2009,5,28,5,13.2,56.91,13.0,0.0,13.0,316.3,4.7,326.0,1008.16,
2009,5,28,6,13.36,54.03,28.0,0.0,28.0,316.55,5.14,333.0,1008.36,
2009,5,28,7,14.26,48.03,154.0,0.0,154.0,313.37,4.93,334.0,1008.29,
2009,5,28,8,15.16,42.03,448.0,179.74,327.0,310.18,4.72,334.0,1008.22,
2009,5,28,9,16.06,36.03,535.0,185.54,389.0,307.0,4.51,334.0,1008.16,
2009,5,28,10,16.62,32.55,593.0,184.92,433.0,308.63,4.4,329.0,1007.76,
2009,5,28,11,17.17,29.08,476.0,53.16,428.0,310.27,4.3,324.0,1007.37,
2009,5,28,12,17.73,25.6,692.0,293.11,429.0,311.9,4.19,319.0,1006.97,
2009,5,28,13,17.16,28.76,288.0,1.18,287.0,310.05,3.97,315.0,1007.5,
2009,5,28,14,16.6,31.93,679.0,533.73,273.0,308.2,3.75,310.0,1008.03,
2009,5,28,15,16.03,35.09,325.0,54.77,290.0,306.35,3.53,305.0,1008.55,
2009,5,28,16,15.0,38.97,383.0,373.92,199.0,304.1,2.98,308.0,1008.62,
2009,5,28,17,13.97,42.84,236.0,315.28,132.0,301.85,2.43,311.0,1008.69,
2009,5,28,18,12.94,46.72,10.0,0.0,10.0,299.6,1.88,314.0,1008.75,
2009,5,28,19,12.01,52.14,0.0,0.0,0.0,293.53,1.89,321.0,1009.15,
2009,5,28,20,11.09,57.57,0.0,0.0,0.0,287.47,1.91,328.0,1009.54,
2009,5,28,21,10.16,62.99,0.0,0.0,0.0,281.4,1.93,336.0,1009.94,
2009,5,28,22,9.76,66.49,0.0,0.0,0.0,281.07,1.64,355.0,1009.81,
2009,5,28,23,9.36,70.0,0.0,0.0,0.0,280.73,1.34,15.0,1009.68,
2009,5,29,0,8.96,73.5,0.0,0.0,0.0,280.4,1.05,35.0,1009.54,
2009,5,29,1,8.17,77.87,0.0,0.0,0.0,279.6,1.26,49.0,1009.74,
2009,5,29,2,7.38,82.23,0.0,0.0,0.0,278.8,1.46,63.0,1009.94,
2009,5,29,3,6.58,86.6,0.0,0.0,0.0,278.0,1.67,77.0,1010.14,
2009,5,29,4,8.48,78.75,2.0,0.0,2.0,284.77,1.66,91.0,1010.3,
2009,5,29,5,10.37,70.91,81.0,33.72,74.0,291.53,1.65,105.0,1010.47,
2009,5,29,6,12.26,63.06,159.0,29.42,148.0,298.3,1.64,118.0,1010.63,
2009,5,29,7,13.29,58.21,288.0,80.67,245.0,303.0,1.65,131.0,1010.43,
2009,5,29,8,14.31,53.36,459.0,197.25,326.0,307.7,1.65,144.0,1010.24,
2009,5,29,9,15.34,48.51,602.0,295.71,369.0,312.4,1.66,157.0,1010.04,
2009,5,29,10,15.52,48.32,715.0,384.4,382.0,316.43,1.74,173.0,1009.87,
2009,5,29,11,15.69,48.12,751.0,390.49,398.0,320.47,1.82,189.0,1009.71,
2009,5,29,12,15.87,47.93,206.0,0.0,206.0,324.5,1.9,204.0,1009.54,
2009,5,29,13,15.32,50.43,77.0,0.0,77.0,330.08,1.73,193.0,1009.77,
2009,5,29,14,14.76,52.94,136.0,0.0,136.0,335.67,1.56,182.0,1010.01,
2009,5,29,15,14.21,55.44,246.0,9.36,240.0,341.25,1.39,171.0,1010.24,
2009,5,29,16,13.44,58.85,43.0,0.0,43.0,332.35,1.38,187.0,1010.34,
2009,5,29,17,12.68,62.25,92.0,0.0,92.0,323.45,1.37,203.0,1010.43,
2009,5,29,18,11.91,65.66,102.0,247.45,61.0,314.55,1.35,219.0,1010.53,
2009,5,29,19,11.15,70.46,0.0,0.0,0.0,304.98,1.19,208.0,1010.67,
2009,5,29,20,10.38,75.27,0.0,0.0,0.0,295.42,1.03,197.0,1010.8,
2009,5,29,21,9.62,80.07,0.0,0.0,0.0,285.85,0.87,186.0,1010.93,
2009,5,29,22,9.2,82.47,0.0,0.0,0.0,281.0,1.03,194.0,1010.83,
2009,5,29,23,8.79,84.88,0.0,0.0,0.0,276.15,1.2,202.0,1010.73,
2009,5,30,0,8.38,87.28,0.0,0.0,0.0,271.3,1.37,210.0,1010.63,
2009,5,30,1,7.91,89.24,0.0,0.0,0.0,271.07,1.45,211.0,1010.73,
2009,5,30,2,7.44,91.21,0.0,0.0,0.0,270.83,1.53,212.0,1010.83,
2009,5,30,3,6.96,93.17,0.0,0.0,0.0,270.6,1.61,213.0,1010.93,
2009,5,30,4,8.6,88.85,2.0,0.0,2.0,276.73,1.98,213.0,1011.03,
2009,5,30,5,10.24,84.53,147.0,344.49,75.0,282.87,2.34,213.0,1011.13,
2009,5,30,6,11.88,80.21,280.0,349.24,149.0,289.0,2.7,214.0,1011.23,
2009,5,30,7,12.99,72.09,409.0,338.86,228.0,298.83,3.19,219.0,1011.13,
2009,5,30,8,14.09,63.96,655.0,733.04,160.0,308.67,3.67,224.0,1011.03,
2009,5,30,9,15.2,55.84,673.0,447.46,320.0,318.5,4.15,229.0,1010.93,
2009,5,30,10,15.54,52.65,725.0,403.57,375.0,327.7,4.15,232.0,1010.67,
2009,5,30,11,15.87,49.47,561.0,118.23,454.0,336.9,4.15,235.0,1010.4,
2009,5,30,12,16.21,46.28,596.0,158.96,453.0,346.1,4.15,237.0,1010.14,
2009,5,30,13,16.22,45.59,304.0,3.52,301.0,347.83,3.99,240.0,1010.04,
2009,5,30,14,16.23,44.89,467.0,119.17,376.0,349.57,3.83,243.0,1009.94,
2009,5,30,15,16.24,44.2,438.0,205.49,306.0,351.3,3.67,245.0,1009.84,
2009,5,30,16,15.69,46.09,391.0,391.27,197.0,346.77,2.81,223.0,1009.61,
2009,5,30,17,15.13,47.98,184.0,116.77,145.0,342.23,1.95,201.0,1009.38,
2009,5,30,18,14.58,49.87,93.0,172.74,64.0,337.7,1.09,180.0,1009.15,
2009,5,30,19,13.76,53.52,0.0,0.0,0.0,331.53,1.38,166.0,1009.18,
2009,5,30,20,12.95,57.17,0.0,0.0,0.0,325.37,1.68,153.0,1009.21,
2009,5,30,21,12.13,60.82,0.0,0.0,0.0,319.2,1.97,140.0,1009.25,
2009,5,30,22,12.32,61.4,0.0,0.0,0.0,323.78,2.08,142.0,1008.88,
2009,5,30,23,12.51,61.99,0.0,0.0,0.0,328.37,2.18,144.0,1008.52,
2009,5,31,0,12.7,62.57,0.0,0.0,0.0,332.95,2.29,146.0,1008.16,
2009,5,31,1,12.23,68.12,0.0,0.0,0.0,328.92,2.27,149.0,1007.99,
2009,5,31,2,11.76,73.68,0.0,0.0,0.0,324.88,2.24,153.0,1007.83,
2009,5,31,3,11.3,79.23,0.0,0.0,0.0,320.85,2.22,156.0,1007.66,
2009,5,31,4,12.66,74.9,2.0,0.0,2.0,324.52,2.33,155.0,1007.66,
2009,5,31,5,14.02,70.57,42.0,0.0,42.0,328.18,2.44,154.0,1007.66,
2009,5,31,6,15.38,66.24,290.0,404.0,138.0,331.85,2.55,152.0,1007.66,
2009,5,31,7,16.77,59.35,443.0,465.29,194.0,338.75,2.95,162.0,1007.27,
2009,5,31,8,18.15,52.47,246.0,5.92,242.0,345.65,3.34,171.0,1006.87,
2009,5,31,9,19.54,45.58,283.0,3.8,280.0,352.55,3.74,180.0,1006.48,
2009,5,31,10,19.76,45.22,555.0,141.68,432.0,357.42,3.83,182.0,1006.01,
2009,5,31,11,19.98,44.85,593.0,155.63,452.0,362.28,3.92,183.0,1005.55,
2009,5,31,12,20.21,44.49,699.0,310.88,419.0,367.15,4.01,184.0,1005.09,
2009,5,31,13,20.12,46.6,735.0,469.15,335.0,369.12,3.22,197.0,1004.79,
2009,5,31,14,20.03,48.7,603.0,347.69,337.0,371.08,2.43,209.0,1004.5,
2009,5,31,15,19.94,50.81,429.0,192.56,305.0,373.05,1.64,221.0,1004.2,
2009,5,31,16,18.96,56.05,152.0,2.01,151.0,374.95,1.4,174.0,1004.0,
2009,5,31,17,15.5,77.89,67.0,0.0,67.0,378.06,0.69,126.0,1003.8,
2009,5,31,18,15.39,78.7,15.0,0.0,15.0,377.04,0.76,79.0,1003.6,
2009,5,31,19,15.27,79.51,0.0,0.0,0.0,376.01,0.83,83.0,1003.54,
2009,5,31,20,15.16,80.32,0.0,0.0,0.0,374.99,0.91,86.0,1003.47,
2009,5,31,21,15.04,81.13,0.0,0.0,0.0,373.96,0.98,90.0,1003.41,
2009,5,31,22,14.92,81.95,0.0,0.0,0.0,372.94,1.05,71.0,1002.91,
2009,5,31,23,14.81,82.76,0.0,0.0,0.0,371.92,1.13,52.0,1002.42,
2009,6,1,0,14.69,83.57,0.0,0.0,0.0,370.89,1.2,32.0,1001.92,
2009,6,1,1,14.58,84.38,0.0,0.0,0.0,369.87,1.27,24.0,1001.72,
2009,6,1,2,14.46,85.19,0.0,0.0,0.0,368.84,1.34,16.0,1001.53,
2009,6,1,3,14.34,86.0,0.0,0.0,0.0,367.82,1.42,8.0,1001.33,
2009,6,1,4,14.23,86.81,2.0,0.0,2.0,366.79,1.49,8.0,1001.1,
2009,6,1,5,14.11,87.62,14.0,0.0,14.0,365.77,1.56,8.0,1000.87,
2009,6,1,6,14.0,88.43,45.0,0.0,45.0,364.74,1.63,8.0,1000.64,
2009,6,1,7,13.88,89.24,94.0,0.0,94.0,363.72,1.71,8.0,1000.17,
2009,6,1,8,13.76,90.06,100.0,0.0,100.0,362.69,1.78,8.0,999.71,
2009,6,1,9,17.72,63.42,321.0,12.65,311.0,367.45,1.96,8.0,999.25,
2009,6,1,10,18.17,59.42,393.0,23.01,373.0,366.38,1.95,6.0,998.69,
2009,6,1,11,18.62,55.41,139.0,0.0,139.0,365.32,1.94,4.0,998.13,
2009,6,1,12,19.08,51.41,138.0,0.0,138.0,364.25,1.93,2.0,997.57,
2009,6,1,13,19.24,51.29,148.0,0.0,148.0,364.2,2.27,357.0,997.57,
2009,6,1,14,19.41,51.16,268.0,3.91,265.0,364.15,2.61,353.0,997.57,
2009,6,1,15,19.58,51.04,218.0,3.1,216.0,364.1,2.95,348.0,997.57,
2009,6,1,16,18.77,52.34,222.0,34.04,205.0,359.45,2.51,347.0,997.27,
2009,6,1,17,17.95,53.64,229.0,266.38,139.0,354.8,2.07,347.0,996.97,
2009,6,1,18,17.14,54.94,74.0,63.92,63.0,350.15,1.63,347.0,996.68,
2009,6,1,19,16.27,57.55,0.0,0.0,0.0,345.92,1.62,345.0,996.68,
2009,6,1,20,15.4,60.16,0.0,0.0,0.0,341.68,1.62,343.0,996.68,
2009,6,1,21,14.52,62.77,0.0,0.0,0.0,337.45,1.61,341.0,996.68,
2009,6,1,22,14.0,65.05,0.0,0.0,0.0,332.65,1.73,336.0,996.28,
2009,6,1,23,13.48,67.32,0.0,0.0,0.0,327.85,1.84,332.0,995.88,
2009,6,2,0,12.95,69.6,0.0,0.0,0.0,323.05,1.96,327.0,995.49,
2009,6,2,1,12.26,73.48,0.0,0.0,0.0,319.77,2.02,323.0,995.62,
2009,6,2,2,11.58,77.35,0.0,0.0,0.0,316.48,2.08,319.0,995.75,
2009,6,2,3,10.89,81.23,0.0,0.0,0.0,313.2,2.14,315.0,995.88,
2009,6,2,4,12.6,75.74,3.0,0.0,3.0,310.23,1.9,301.0,995.85,
2009,6,2,5,14.32,70.24,136.0,253.99,82.0,307.27,1.66,287.0,995.82,
2009,6,2,6,16.04,64.75,315.0,528.75,115.0,304.3,1.42,273.0,995.78,
2009,6,2,7,17.77,56.45,490.0,653.72,139.0,311.42,2.18,281.0,995.45,
2009,6,2,8,19.49,48.16,653.0,739.11,152.0,318.53,2.94,289.0,995.12,
2009,6,2,9,21.22,39.86,721.0,585.05,258.0,325.65,3.7,297.0,994.8,
2009,6,2,10,21.1,42.4,712.0,385.14,377.0,335.62,4.02,294.0,994.63,
2009,6,2,11,20.97,44.95,791.0,480.29,355.0,345.58,4.34,292.0,994.47,
2009,6,2,12,20.85,47.49,648.0,228.2,442.0,355.55,4.66,290.0,994.3,
2009,6,2,13,21.11,46.47,403.0,30.41,377.0,356.38,5.0,291.0,994.43,
2009,6,2,14,21.37,45.44,613.0,366.02,332.0,357.22,5.34,292.0,994.56,
2009,6,2,15,21.63,44.42,67.0,0.0,67.0,358.05,5.68,293.0,994.7,
2009,6,2,16,20.76,44.31,75.0,0.0,75.0,352.77,4.93,296.0,994.8,
2009,6,2,17,19.9,44.21,221.0,226.66,144.0,347.48,4.18,300.0,994.89,
2009,6,2,18,19.03,44.1,96.0,166.59,67.0,342.2,3.43,303.0,994.99,
2009,6,2,19,18.02,43.89,0.0,0.0,0.0,335.07,3.27,308.0,995.65,
2009,6,2,20,17.01,43.68,0.0,0.0,0.0,327.93,3.1,313.0,996.31,
2009,6,2,21,15.99,43.47,0.0,0.0,0.0,320.8,2.94,317.0,996.97,
2009,6,2,22,15.34,44.22,0.0,0.0,0.0,313.63,2.89,319.0,997.34,
2009,6,2,23,14.69,44.96,0.0,0.0,0.0,306.47,2.85,321.0,997.7,
2009,6,3,0,14.03,45.71,0.0,0.0,0.0,299.3,2.8,322.0,998.06,
2009,6,3,1,12.73,51.19,0.0,0.0,0.0,293.02,2.58,320.0,998.72,
2009,6,3,2,11.44,56.67,0.0,0.0,0.0,286.73,2.36,318.0,999.38,
2009,6,3,3,10.14,62.15,0.0,0.0,0.0,280.45,2.14,316.0,1000.04,
2009,6,3,4,11.52,59.33,4.0,0.0,4.0,281.3,2.2,315.0,1000.37,
2009,6,3,5,12.91,56.51,158.0,430.68,66.0,282.15,2.26,314.0,1000.7,
2009,6,3,6,14.3,53.69,324.0,577.66,105.0,283.0,2.32,313.0,1001.03,
2009,6,3,7,15.83,48.18,491.0,654.64,139.0,290.53,2.91,307.0,1001.0,
2009,6,3,8,17.37,42.68,650.0,726.55,157.0,298.07,3.51,302.0,1000.97,
2009,6,3,9,18.9,37.17,782.0,773.91,169.0,305.6,4.11,296.0,1000.93,
2009,6,3,10,19.28,35.56,857.0,747.81,206.0,315.85,4.44,293.0,1000.54,
2009,6,3,11,19.65,33.94,556.0,115.56,451.0,326.1,4.76,291.0,1000.14,
2009,6,3,12,20.03,32.33,600.0,165.99,450.0,336.35,5.09,288.0,999.74,
2009,6,3,13,19.61,34.0,702.0,391.34,367.0,341.37,5.12,284.0,1000.07,
2009,6,3,14,19.19,35.67,507.0,172.95,374.0,346.38,5.14,280.0,1000.4,
2009,6,3,15,18.78,37.34,206.0,1.54,205.0,351.4,5.17,276.0,1000.73,
2009,6,3,16,17.87,40.88,113.0,0.0,113.0,354.9,4.69,267.0,1000.83,
2009,6,3,17,16.97,44.41,78.0,0.0,78.0,358.4,4.21,259.0,1000.93,
2009,6,3,18,16.06,47.95,51.0,5.68,50.0,361.9,3.72,251.0,1001.03,
2009,6,3,19,15.1,53.77,0.0,0.0,0.0,352.65,3.28,247.0,1001.46,
2009,6,3,20,14.13,59.6,0.0,0.0,0.0,343.4,2.83,243.0,1001.89,
2009,6,3,21,13.16,65.42,0.0,0.0,0.0,334.15,2.39,240.0,1002.32,
2009,6,3,22,12.71,69.88,0.0,0.0,0.0,324.78,2.15,239.0,1002.12,
2009,6,3,23,12.25,74.33,0.0,0.0,0.0,315.42,1.91,238.0,1001.92,
2009,6,4,0,11.79,78.79,0.0,0.0,0.0,306.05,1.67,238.0,1001.72,
2009,6,4,1,10.75,84.09,0.0,0.0,0.0,301.47,1.69,221.0,1002.15,
2009,6,4,2,9.72,89.38,0.0,0.0,0.0,296.88,1.71,203.0,1002.58,
2009,6,4,3,8.68,94.68,0.0,0.0,0.0,292.3,1.72,186.0,1003.01,
2009,6,4,4,9.81,90.6,2.0,0.0,2.0,308.63,1.95,176.0,1003.04,
2009,6,4,5,10.95,86.51,104.0,88.56,85.0,324.97,2.18,165.0,1003.08,
2009,6,4,6,12.09,82.43,292.0,397.47,141.0,341.3,2.41,155.0,1003.11,
2009,6,4,7,14.37,71.58,436.0,429.06,205.0,347.27,2.71,157.0,1002.58,
2009,6,4,8,16.66,60.74,601.0,549.18,228.0,353.23,3.0,158.0,1002.05,
2009,6,4,9,18.94,49.89,710.0,551.27,273.0,359.2,3.3,160.0,1001.53,
2009,6,4,10,19.59,47.53,781.0,537.18,313.0,353.53,3.44,171.0,1001.03,
2009,6,4,11,20.24,45.16,701.0,303.51,425.0,347.87,3.59,183.0,1000.54,
2009,6,4,12,20.9,42.8,834.0,591.47,299.0,342.2,3.74,195.0,1000.04,
2009,6,4,13,21.27,43.28,84.0,0.0,84.0,349.4,3.97,209.0,999.91,
2009,6,4,14,21.64,43.76,136.0,0.0,136.0,356.6,4.2,223.0,999.78,
2009,6,4,15,22.01,44.24,527.0,409.32,261.0,363.8,4.43,238.0,999.65,
2009,6,4,16,20.94,49.94,347.0,241.95,225.0,363.03,3.49,231.0,999.65,
2009,6,4,17,19.87,55.63,255.0,372.9,127.0,362.27,2.54,225.0,999.65,
2009,6,4,18,18.8,61.33,74.0,50.6,65.0,361.5,1.6,218.0,999.65,
2009,6,4,19,17.72,67.24,0.0,0.0,0.0,355.47,1.59,204.0,999.94,
2009,6,4,20,16.64,73.14,0.0,0.0,0.0,349.43,1.58,190.0,1000.24,
2009,6,4,21,15.55,79.05,0.0,0.0,0.0,343.4,1.57,175.0,1000.54,
2009,6,4,22,15.47,81.51,0.0,0.0,0.0,343.85,1.76,170.0,1000.31,
2009,6,4,23,15.38,83.97,0.0,0.0,0.0,344.3,1.94,165.0,1000.07,
2009,6,5,0,15.29,86.43,0.0,0.0,0.0,344.75,2.12,161.0,999.84,
2009,6,5,1,15.39,86.8,0.0,0.0,0.0,347.32,2.19,161.0,999.81,
2009,6,5,2,15.49,87.18,0.0,0.0,0.0,349.88,2.25,162.0,999.78,
2009,6,5,3,15.59,87.55,0.0,0.0,0.0,352.45,2.32,162.0,999.74,
2009,6,5,4,16.86,83.27,8.0,0.0,8.0,357.05,2.74,170.0,999.71,
2009,6,5,5,18.13,78.99,78.0,23.22,73.0,361.65,3.17,178.0,999.68,
2009,6,5,6,19.4,74.71,98.0,0.0,98.0,366.25,3.6,185.0,999.65,
2009,6,5,7,21.03,66.37,373.0,237.48,245.0,372.67,4.27,193.0,999.48,
2009,6,5,8,22.65,58.02,638.0,676.71,178.0,379.08,4.94,200.0,999.32,
2009,6,5,9,24.28,49.68,779.0,760.13,176.0,385.5,5.61,208.0,999.15,
2009,6,5,10,25.27,45.96,808.0,606.77,279.0,383.33,5.73,205.0,998.52,
2009,6,5,11,26.26,42.23,902.0,759.28,211.0,381.17,5.84,203.0,997.9,
2009,6,5,12,27.25,38.51,431.0,32.03,402.0,379.0,5.96,200.0,997.27,
2009,6,5,13,27.61,39.21,632.0,258.72,410.0,383.38,5.96,202.0,996.51,
2009,6,5,14,27.97,39.91,608.0,348.73,339.0,387.77,5.96,204.0,995.75,
2009,6,5,15,28.34,40.61,324.0,50.67,291.0,392.15,5.96,206.0,994.99,
2009,6,5,16,27.5,42.55,428.0,518.04,166.0,389.55,5.71,200.0,994.53,
2009,6,5,17,26.66,44.49,234.0,263.82,143.0,386.95,5.46,193.0,994.07,
2009,6,5,18,25.82,46.43,71.0,44.52,63.0,384.35,5.21,186.0,993.61,
2009,6,5,19,25.22,47.17,0.0,0.0,0.0,378.95,5.45,192.0,993.77,
2009,6,5,20,24.61,47.92,0.0,0.0,0.0,373.55,5.69,199.0,993.94,
2009,6,5,21,24.0,48.66,0.0,0.0,0.0,368.15,5.93,205.0,994.1,
2009,6,5,22,23.58,47.52,0.0,0.0,0.0,361.95,5.84,208.0,994.23,
2009,6,5,23,23.16,46.37,0.0,0.0,0.0,355.75,5.76,210.0,994.37,
2009,6,6,0,22.74,45.23,0.0,0.0,0.0,349.55,5.67,213.0,994.5,
2009,6,6,1,22.03,47.34,0.0,0.0,0.0,346.5,5.17,214.0,994.83,
2009,6,6,2,21.32,49.46,0.0,0.0,0.0,343.45,4.67,214.0,995.16,
2009,6,6,3,20.61,51.57,0.0,0.0,0.0,340.4,4.17,215.0,995.49,
2009,6,6,4,21.56,49.55,3.0,0.0,3.0,339.85,4.38,214.0,995.85,
2009,6,6,5,22.51,47.52,69.0,9.26,67.0,339.3,4.59,213.0,996.21,
2009,6,6,6,23.46,45.5,313.0,501.04,122.0,338.75,4.8,213.0,996.58,
2009,6,6,7,24.85,42.62,490.0,643.15,143.0,343.05,5.2,216.0,996.58,
2009,6,6,8,26.24,39.75,652.0,726.2,158.0,347.35,5.61,220.0,996.58,
2009,6,6,9,27.63,36.87,780.0,760.91,176.0,351.65,6.01,224.0,996.58,
2009,6,6,10,28.11,35.19,885.0,831.04,160.0,355.83,6.28,225.0,996.44,
2009,6,6,11,28.58,33.52,922.0,815.83,179.0,360.02,6.55,226.0,996.31,
2009,6,6,12,29.06,31.84,916.0,813.32,179.0,364.2,6.81,227.0,996.18,
2009,6,6,13,28.58,32.85,868.0,825.36,159.0,366.52,6.63,234.0,996.44,
2009,6,6,14,28.1,33.85,746.0,724.92,186.0,368.83,6.45,242.0,996.71,
2009,6,6,15,27.63,34.86,571.0,537.92,220.0,371.15,6.26,250.0,996.97,
2009,6,6,16,26.05,41.36,214.0,25.63,201.0,373.95,4.97,264.0,997.37,
2009,6,6,17,24.46,47.86,229.0,242.4,145.0,376.75,3.67,277.0,997.76,
2009,6,6,18,22.88,54.36,11.0,0.0,11.0,379.55,2.37,291.0,998.16,
2009,6,6,19,21.83,61.27,0.0,0.0,0.0,381.02,1.75,244.0,998.66,
2009,6,6,20,20.78,68.17,0.0,0.0,0.0,382.48,1.13,197.0,999.15,
2009,6,6,21,19.73,75.08,0.0,0.0,0.0,383.95,0.51,150.0,999.65,
2009,6,6,22,19.26,78.11,0.0,0.0,0.0,378.53,1.02,161.0,999.81,
2009,6,6,23,18.79,81.14,0.0,0.0,0.0,373.12,1.53,172.0,999.98,
2009,6,7,0,18.31,84.17,0.0,0.0,0.0,367.7,2.04,183.0,1000.14,
2009,6,7,1,17.4,86.53,0.0,0.0,0.0,360.12,1.97,196.0,1000.9,
2009,6,7,2,16.49,88.89,0.0,0.0,0.0,352.53,1.89,209.0,1001.66,
2009,6,7,3,15.58,91.25,0.0,0.0,0.0,344.95,1.82,222.0,1002.42,
2009,6,7,4,17.13,84.81,3.0,0.0,3.0,344.03,1.45,211.0,1002.78,
2009,6,7,5,18.68,78.36,146.0,304.55,80.0,343.12,1.08,200.0,1003.14,
2009,6,7,6,20.24,71.92,331.0,607.76,99.0,342.2,0.7,189.0,1003.51,
2009,6,7,7,21.71,63.58,498.0,679.65,131.0,348.18,1.29,203.0,1003.47,
2009,6,7,8,23.18,55.24,659.0,752.19,147.0,354.17,1.87,217.0,1003.44,
2009,6,7,9,24.65,46.9,772.0,734.04,189.0,360.15,2.46,231.0,1003.41,
2009,6,7,10,25.36,42.93,777.0,526.98,317.0,365.15,2.66,235.0,1003.04,
2009,6,7,11,26.07,38.96,722.0,336.87,415.0,370.15,2.86,239.0,1002.68,
2009,6,7,12,26.79,34.99,837.0,591.02,301.0,375.15,3.06,243.0,1002.32,
2009,6,7,13,26.69,35.38,830.0,702.39,226.0,372.6,2.65,248.0,1002.38,
2009,6,7,14,26.6,35.78,677.0,511.91,281.0,370.05,2.23,253.0,1002.45,
2009,6,7,15,26.51,36.17,569.0,527.72,224.0,367.5,1.82,258.0,1002.52,
2009,6,7,16,26.0,37.15,457.0,635.04,134.0,364.33,1.37,279.0,1002.65,
2009,6,7,17,25.5,38.14,253.0,339.0,135.0,361.17,0.92,301.0,1002.78,
2009,6,7,18,24.99,39.12,107.0,202.11,70.0,358.0,0.47,322.0,1002.91,
2009,6,7,19,23.05,45.93,0.0,0.0,0.0,355.35,0.82,4.0,1003.18,
2009,6,7,20,21.11,52.74,0.0,0.0,0.0,352.7,1.17,46.0,1003.44,
2009,6,7,21,19.16,59.55,0.0,0.0,0.0,350.05,1.52,87.0,1003.7,
2009,6,7,22,18.73,61.41,0.0,0.0,0.0,348.38,1.63,90.0,1003.6,
2009,6,7,23,18.3,63.26,0.0,0.0,0.0,346.72,1.75,92.0,1003.51,
2009,6,8,0,17.86,65.12,0.0,0.0,0.0,345.05,1.86,95.0,1003.41,
2009,6,8,1,17.5,68.78,0.0,0.0,0.0,345.13,1.94,95.0,1003.41,
2009,6,8,2,17.14,72.45,0.0,0.0,0.0,345.22,2.02,95.0,1003.41,
2009,6,8,3,16.78,76.11,0.0,0.0,0.0,345.3,2.1,95.0,1003.41,
2009,6,8,4,18.93,70.89,3.0,0.0,3.0,346.43,2.33,103.0,1003.47,
2009,6,8,5,21.08,65.66,124.0,165.7,88.0,347.57,2.57,111.0,1003.54,
2009,6,8,6,23.23,60.44,312.0,494.54,123.0,348.7,2.8,119.0,1003.6,
2009,6,8,7,25.3,53.12,494.0,655.12,140.0,356.5,3.07,141.0,1003.44,
2009,6,8,8,27.38,45.8,656.0,740.05,152.0,364.3,3.33,164.0,1003.27,
2009,6,8,9,29.45,38.48,792.0,801.65,155.0,372.1,3.6,186.0,1003.11,
2009,6,8,10,29.89,36.23,895.0,859.9,144.0,379.0,3.92,193.0,1002.98,
2009,6,8,11,30.33,33.98,932.0,844.4,162.0,385.9,4.24,201.0,1002.85,
2009,6,8,12,30.77,31.73,917.0,814.23,178.0,392.8,4.57,208.0,1002.71,
2009,6,8,13,30.62,32.6,866.0,812.06,167.0,390.15,4.44,210.0,1002.75,
2009,6,8,14,30.48,33.47,662.0,471.21,297.0,387.5,4.31,212.0,1002.78,
2009,6,8,15,30.34,34.34,612.0,676.39,169.0,384.85,4.18,215.0,1002.81,
2009,6,8,16,28.89,38.34,421.0,470.61,181.0,381.52,3.49,214.0,1002.98,
2009,6,8,17,27.43,42.34,236.0,260.32,145.0,378.18,2.79,214.0,1003.14,
2009,6,8,18,25.98,46.34,109.0,205.79,71.0,374.85,2.1,214.0,1003.31,
2009,6,8,19,24.67,50.47,0.0,0.0,0.0,370.68,2.02,210.0,1003.64,
2009,6,8,20,23.36,54.59,0.0,0.0,0.0,366.52,1.94,206.0,1003.97,
2009,6,8,21,22.05,58.72,0.0,0.0,0.0,362.35,1.86,201.0,1004.3,
2009,6,8,22,21.35,62.63,0.0,0.0,0.0,361.35,1.69,196.0,1004.3,
2009,6,8,23,20.65,66.54,0.0,0.0,0.0,360.35,1.51,190.0,1004.3,
2009,6,9,0,19.95,70.45,0.0,0.0,0.0,359.35,1.34,185.0,1004.3,
2009,6,9,1,19.46,73.12,0.0,0.0,0.0,359.43,1.18,190.0,1004.69,
2009,6,9,2,18.98,75.8,0.0,0.0,0.0,359.52,1.02,195.0,1005.09,
2009,6,9,3,18.49,78.47,0.0,0.0,0.0,359.6,0.86,200.0,1005.49,
2009,6,9,4,20.31,71.38,2.0,0.0,2.0,359.57,0.92,217.0,1005.75,
2009,6,9,5,22.14,64.29,53.0,0.0,53.0,359.53,0.99,234.0,1006.01,
2009,6,9,6,23.97,57.2,120.0,2.61,119.0,359.5,1.06,251.0,1006.28,
2009,6,9,7,25.59,50.69,474.0,567.83,167.0,366.03,1.71,248.0,1006.28,
2009,6,9,8,27.2,44.19,653.0,726.53,158.0,372.57,2.36,245.0,1006.28,
2009,6,9,9,28.82,37.68,789.0,787.48,163.0,379.1,3.01,242.0,1006.28,
2009,6,9,10,29.44,34.85,746.0,452.07,351.0,385.83,3.33,239.0,1005.98,
2009,6,9,11,30.06,32.03,904.0,759.53,211.0,392.57,3.66,236.0,1005.68,
2009,6,9,12,30.69,29.2,757.0,409.58,385.0,399.3,3.99,234.0,1005.39,
2009,6,9,13,30.41,29.27,875.0,840.32,151.0,396.75,3.99,237.0,1005.32,
2009,6,9,14,30.14,29.33,765.0,778.78,161.0,394.2,3.99,241.0,1005.25,
2009,6,9,15,29.87,29.4,629.0,739.23,144.0,391.65,3.99,244.0,1005.19,
2009,6,9,16,28.4,34.02,179.0,5.87,176.0,391.42,3.36,258.0,1005.25,
2009,6,9,17,26.94,38.64,172.0,71.23,147.0,391.18,2.73,271.0,1005.32,
2009,6,9,18,25.47,43.26,96.0,123.55,73.0,390.95,2.1,285.0,1005.39,
2009,6,9,19,23.9,52.11,0.0,0.0,0.0,388.73,2.03,305.0,1005.42,
2009,6,9,20,22.33,60.97,0.0,0.0,0.0,386.52,1.97,324.0,1005.45,
2009,6,9,21,20.76,69.82,0.0,0.0,0.0,384.3,1.9,344.0,1005.49,
2009,6,9,22,20.2,73.41,0.0,0.0,0.0,381.5,1.9,359.0,1005.25,
2009,6,9,23,19.64,77.0,0.0,0.0,0.0,378.7,1.9,13.0,1005.02,
2009,6,10,0,19.07,80.59,0.0,0.0,0.0,375.9,1.9,28.0,1004.79,
2009,6,10,1,18.49,79.55,0.0,0.0,0.0,367.35,1.47,8.0,1004.59,
2009,6,10,2,17.91,78.52,0.0,0.0,0.0,358.8,1.03,349.0,1004.4,
2009,6,10,3,17.33,77.48,0.0,0.0,0.0,350.25,0.59,330.0,1004.2,
2009,6,10,4,18.93,71.62,24.0,103.63,18.0,349.73,0.82,316.0,1004.17,
2009,6,10,5,20.54,65.75,142.0,270.57,83.0,349.22,1.04,303.0,1004.13,
2009,6,10,6,22.15,59.89,319.0,530.31,116.0,348.7,1.27,290.0,1004.1,
2009,6,10,7,23.64,54.43,441.0,440.02,203.0,354.22,1.9,278.0,1003.7,
2009,6,10,8,25.14,48.98,643.0,689.61,173.0,359.73,2.53,267.0,1003.31,
2009,6,10,9,26.63,43.52,793.0,801.06,156.0,365.25,3.16,256.0,1002.91,
2009,6,10,10,27.12,40.44,837.0,681.85,241.0,369.05,3.31,254.0,1002.28,
2009,6,10,11,27.6,37.35,805.0,501.72,347.0,372.85,3.45,253.0,1001.66,
2009,6,10,12,28.09,34.27,690.0,287.18,429.0,376.65,3.6,252.0,1001.03,
2009,6,10,13,27.65,36.59,585.0,185.54,425.0,378.6,3.11,258.0,1000.97,
2009,6,10,14,27.21,38.91,679.0,512.56,281.0,380.55,2.62,264.0,1000.9,
2009,6,10,15,26.78,41.23,439.0,194.77,311.0,382.5,2.12,270.0,1000.83,
2009,6,10,16,25.74,44.5,247.0,50.73,221.0,380.1,1.87,278.0,1000.7,
2009,6,10,17,24.69,47.78,186.0,96.5,152.0,377.7,1.61,286.0,1000.57,
2009,6,10,18,23.65,51.05,60.0,10.66,58.0,375.3,1.35,294.0,1000.44,
2009,6,10,19,22.25,58.33,0.0,0.0,0.0,372.88,1.53,302.0,1000.8,
2009,6,10,20,20.84,65.62,0.0,0.0,0.0,370.47,1.7,309.0,1001.16,
2009,6,10,21,19.43,72.9,0.0,0.0,0.0,368.05,1.88,316.0,1001.53,
2009,6,10,22,18.77,77.82,0.0,0.0,0.0,369.62,2.09,317.0,1001.62,
2009,6,10,23,18.11,82.73,0.0,0.0,0.0,371.18,2.3,318.0,1001.72,
2009,6,11,0,17.45,87.65,0.0,0.0,0.0,372.75,2.51,318.0,1001.82,
2009,6,11,1,16.97,80.37,0.0,0.0,0.0,356.77,3.26,316.0,1002.71,
2009,6,11,2,16.49,73.08,0.0,0.0,0.0,340.78,4.01,313.0,1003.6,
2009,6,11,3,16.01,65.8,0.0,0.0,0.0,324.8,4.76,310.0,1004.5,
2009,6,11,4,16.6,62.33,14.0,17.16,13.0,320.98,5.03,312.0,1004.79,
2009,6,11,5,17.19,58.86,150.0,329.78,78.0,317.17,5.31,314.0,1005.09,
2009,6,11,6,17.78,55.39,333.0,610.99,99.0,313.35,5.59,316.0,1005.39,
2009,6,11,7,19.02,49.47,499.0,678.33,132.0,315.75,5.6,315.0,1005.32,
2009,6,11,8,20.26,43.56,660.0,752.53,147.0,318.15,5.61,314.0,1005.25,
2009,6,11,9,21.5,37.64,797.0,815.94,148.0,320.55,5.63,314.0,1005.19,
2009,6,11,10,21.96,35.03,815.0,618.72,274.0,321.37,6.02,310.0,1004.83,
2009,6,11,11,22.42,32.42,910.0,773.05,204.0,322.18,6.41,307.0,1004.46,
2009,6,11,12,22.89,29.81,858.0,639.98,276.0,323.0,6.8,304.0,1004.1,
2009,6,11,13,22.52,30.19,726.0,429.87,355.0,326.95,6.86,305.0,1004.3,
2009,6,11,14,22.15,30.58,708.0,590.45,249.0,330.9,6.91,307.0,1004.5,
2009,6,11,15,21.79,30.96,596.0,606.19,197.0,334.85,6.97,308.0,1004.69,
2009,6,11,16,20.85,32.54,400.0,383.51,203.0,329.93,6.15,309.0,1004.89,
2009,6,11,17,19.92,34.12,182.0,84.84,152.0,325.02,5.33,311.0,1005.09,
2009,6,11,18,18.98,35.7,124.0,296.35,68.0,320.1,4.51,312.0,1005.29,
2009,6,11,19,17.98,38.48,0.0,0.0,0.0,315.37,4.01,312.0,1005.65,
2009,6,11,20,16.98,41.27,0.0,0.0,0.0,310.63,3.51,311.0,1006.01,
2009,6,11,21,15.97,44.05,0.0,0.0,0.0,305.9,3.01,311.0,1006.38,
2009,6,11,22,15.57,46.32,0.0,0.0,0.0,304.97,3.04,308.0,1006.48,
2009,6,11,23,15.17,48.59,0.0,0.0,0.0,304.03,3.07,305.0,1006.57,
2009,6,12,0,14.77,50.86,0.0,0.0,0.0,303.1,3.1,302.0,1006.67,
2009,6,12,1,14.08,53.85,0.0,0.0,0.0,305.93,3.02,300.0,1007.17,
2009,6,12,2,13.39,56.84,0.0,0.0,0.0,308.77,2.94,297.0,1007.66,
2009,6,12,3,12.7,59.83,0.0,0.0,0.0,311.6,2.86,294.0,1008.16,
2009,6,12,4,13.68,57.86,2.0,0.0,2.0,316.7,3.52,296.0,1008.45,
2009,6,12,5,14.66,55.89,165.0,453.09,66.0,321.8,4.18,298.0,1008.75,
2009,6,12,6,15.64,53.92,323.0,550.78,112.0,326.9,4.84,299.0,1009.05,
2009,6,12,7,16.79,48.23,494.0,656.06,139.0,327.83,5.26,299.0,1008.95,
2009,6,12,8,17.94,42.55,656.0,739.23,152.0,328.77,5.69,299.0,1008.85,
2009,6,12,9,19.09,36.86,797.0,815.8,148.0,329.7,6.11,298.0,1008.75,
2009,6,12,10,19.73,33.74,896.0,859.81,144.0,331.18,6.29,298.0,1008.49,
2009,6,12,11,20.37,30.62,938.0,859.22,153.0,332.67,6.48,297.0,1008.22,
2009,6,12,12,21.02,27.5,924.0,828.66,170.0,334.15,6.66,297.0,1007.96,
2009,6,12,13,21.35,27.13,882.0,855.61,143.0,333.43,6.61,298.0,1007.89,
2009,6,12,14,21.69,26.76,768.0,780.01,161.0,332.72,6.56,299.0,1007.83,
2009,6,12,15,22.03,26.39,632.0,740.31,144.0,332.0,6.51,300.0,1007.76,
2009,6,12,16,21.07,28.33,471.0,672.12,125.0,328.0,5.4,295.0,1007.73,
2009,6,12,17,20.12,30.26,248.0,295.91,143.0,324.0,4.29,291.0,1007.7,
2009,6,12,18,19.16,32.2,113.0,210.25,73.0,320.0,3.17,286.0,1007.66,
2009,6,12,19,17.99,34.93,0.0,0.0,0.0,313.7,2.92,280.0,1008.03,
2009,6,12,20,16.82,37.65,0.0,0.0,0.0,307.4,2.68,274.0,1008.39,
2009,6,12,21,15.64,40.38,0.0,0.0,0.0,301.1,2.43,268.0,1008.75,
2009,6,12,22,15.18,42.43,0.0,0.0,0.0,298.8,2.38,265.0,1008.78,
2009,6,12,23,14.71,44.47,0.0,0.0,0.0,296.5,2.34,262.0,1008.82,
2009,6,13,0,14.24,46.52,0.0,0.0,0.0,294.2,2.29,259.0,1008.85,
2009,6,13,1,13.71,51.18,0.0,0.0,0.0,293.05,2.29,256.0,1009.02,
2009,6,13,2,13.18,55.85,0.0,0.0,0.0,291.9,2.29,254.0,1009.18,
2009,6,13,3,12.65,60.51,0.0,0.0,0.0,290.75,2.29,251.0,1009.35,
2009,6,13,4,14.47,57.88,6.0,0.0,6.0,293.5,2.46,255.0,1009.68,
2009,6,13,5,16.3,55.24,155.0,365.99,75.0,296.25,2.64,258.0,1010.01,
2009,6,13,6,18.13,52.61,330.0,589.9,104.0,299.0,2.81,262.0,1010.34,
2009,6,13,7,20.03,45.48,494.0,656.06,139.0,307.63,3.72,271.0,1010.43,
2009,6,13,8,21.93,38.35,653.0,727.47,157.0,316.27,4.63,281.0,1010.53,
2009,6,13,9,23.83,31.22,793.0,801.89,155.0,324.9,5.54,290.0,1010.63,
2009,6,13,10,24.4,29.33,891.0,845.91,151.0,335.95,5.79,292.0,1010.4,
2009,6,13,11,24.97,27.43,934.0,844.7,162.0,347.0,6.03,294.0,1010.17,
2009,6,13,12,25.54,25.54,925.0,828.25,171.0,358.05,6.28,295.0,1009.94,
2009,6,13,13,25.52,24.37,878.0,841.12,151.0,350.72,5.81,297.0,1009.71,
2009,6,13,14,25.5,23.21,761.0,752.28,175.0,343.38,5.34,300.0,1009.48,
2009,6,13,15,25.49,22.04,630.0,727.16,150.0,336.05,4.87,302.0,1009.25,
2009,6,13,16,24.04,26.37,467.0,649.43,132.0,333.43,3.9,305.0,1009.35,
2009,6,13,17,22.59,30.7,240.0,258.44,148.0,330.82,2.93,307.0,1009.44,
2009,6,13,18,21.14,35.03,111.0,193.25,74.0,328.2,1.96,309.0,1009.54,
2009,6,13,19,20.08,37.84,0.0,0.0,0.0,325.15,1.59,258.0,1009.84,
2009,6,13,20,19.02,40.64,0.0,0.0,0.0,322.1,1.21,206.0,1010.14,
2009,6,13,21,17.95,43.45,0.0,0.0,0.0,319.05,0.84,155.0,1010.43,
2009,6,13,22,17.29,45.14,0.0,0.0,0.0,318.95,1.16,156.0,1010.34,
2009,6,13,23,16.63,46.84,0.0,0.0,0.0,318.85,1.49,158.0,1010.24,
2009,6,14,0,15.97,48.53,0.0,0.0,0.0,318.75,1.81,160.0,1010.14,
2009,6,14,1,15.75,50.44,0.0,0.0,0.0,319.77,1.95,160.0,1010.14,
2009,6,14,2,15.52,52.35,0.0,0.0,0.0,320.78,2.1,160.0,1010.14,
2009,6,14,3,15.3,54.26,0.0,0.0,0.0,321.8,2.25,160.0,1010.14,
2009,6,14,4,17.37,51.46,4.0,0.0,4.0,324.3,2.64,163.0,1010.3,
2009,6,14,5,19.44,48.65,31.0,0.0,31.0,326.8,3.04,167.0,1010.47,
2009,6,14,6,21.52,45.85,29.0,0.0,29.0,329.3,3.43,170.0,1010.63,
2009,6,14,7,23.64,41.89,149.0,0.0,149.0,338.15,3.66,178.0,1010.47,
2009,6,14,8,25.76,37.93,549.0,391.63,282.0,347.0,3.89,186.0,1010.3,
2009,6,14,9,27.88,33.97,757.0,682.46,214.0,355.85,4.12,193.0,1010.14,
2009,6,14,10,28.65,32.43,842.0,693.77,235.0,361.53,4.14,200.0,1009.64,
2009,6,14,11,29.42,30.89,877.0,679.29,256.0,367.22,4.15,206.0,1009.15,
2009,6,14,12,30.19,29.35,483.0,58.19,430.0,372.9,4.17,213.0,1008.65,
2009,6,14,13,30.01,30.52,445.0,50.87,401.0,374.63,4.03,214.0,1008.22,
2009,6,14,14,29.83,31.68,547.0,221.88,374.0,376.37,3.89,216.0,1007.8,
2009,6,14,15,29.66,32.85,625.0,703.51,160.0,378.1,3.75,217.0,1007.37,
2009,6,14,16,28.36,35.91,403.0,385.05,204.0,374.38,3.11,207.0,1007.07,
2009,6,14,17,27.06,38.98,126.0,11.2,122.0,370.67,2.47,198.0,1006.77,
2009,6,14,18,25.76,42.04,72.0,31.15,66.0,366.95,1.83,188.0,1006.48,
2009,6,14,19,24.84,43.58,0.0,0.0,0.0,365.17,2.06,180.0,1006.31,
2009,6,14,20,23.92,45.11,0.0,0.0,0.0,363.38,2.28,171.0,1006.15,
2009,6,14,21,22.99,46.65,0.0,0.0,0.0,361.6,2.5,163.0,1005.98,
2009,6,14,22,22.93,46.04,0.0,0.0,0.0,361.72,2.94,167.0,1005.55,
2009,6,14,23,22.86,45.43,0.0,0.0,0.0,361.83,3.38,171.0,1005.12,
2009,6,15,0,22.79,44.82,0.0,0.0,0.0,361.95,3.82,175.0,1004.69,
2009,6,15,1,22.39,47.05,0.0,0.0,0.0,362.13,3.71,184.0,1004.53,
2009,6,15,2,22.0,49.29,0.0,0.0,0.0,362.32,3.6,193.0,1004.36,
2009,6,15,3,21.6,51.52,0.0,0.0,0.0,362.5,3.49,202.0,1004.2,
2009,6,15,4,22.95,49.63,22.0,68.0,18.0,361.55,3.83,208.0,1004.2,
2009,6,15,5,24.3,47.75,135.0,224.26,86.0,360.6,4.17,214.0,1004.2,
2009,6,15,6,25.65,45.86,253.0,227.2,166.0,359.65,4.51,220.0,1004.2,
2009,6,15,7,27.12,42.82,479.0,587.91,161.0,365.37,5.2,232.0,1004.1,
2009,6,15,8,28.58,39.77,538.0,365.28,289.0,371.08,5.89,244.0,1004.0,
2009,6,15,9,30.05,36.73,692.0,496.47,297.0,376.8,6.58,256.0,1003.9,
2009,6,15,10,30.14,36.74,878.0,802.29,176.0,382.07,6.69,264.0,1003.97,
2009,6,15,11,30.23,36.74,939.0,859.58,153.0,387.33,6.81,272.0,1004.03,
2009,6,15,12,30.32,36.75,925.0,828.65,170.0,392.6,6.92,280.0,1004.1,
2009,6,15,13,30.19,36.64,879.0,841.22,151.0,393.55,6.6,289.0,1004.46,
2009,6,15,14,30.06,36.52,766.0,766.31,168.0,394.5,6.28,297.0,1004.83,
2009,6,15,15,29.94,36.41,622.0,690.56,165.0,395.45,5.96,306.0,1005.19,
2009,6,15,16,28.66,38.36,314.0,144.86,239.0,395.4,5.15,314.0,1005.42,
2009,6,15,17,27.37,40.3,205.0,134.05,157.0,395.35,4.34,323.0,1005.65,
2009,6,15,18,26.09,42.25,140.0,413.13,60.0,395.3,3.53,332.0,1005.88,
2009,6,15,19,24.68,46.57,0.0,0.0,0.0,390.45,3.85,338.0,1006.44,
2009,6,15,20,23.27,50.89,0.0,0.0,0.0,385.6,4.17,344.0,1007.0,
2009,6,15,21,21.86,55.21,0.0,0.0,0.0,380.75,4.5,350.0,1007.56,
2009,6,15,22,20.4,66.17,0.0,0.0,0.0,378.7,4.38,348.0,1008.22,
2009,6,15,23,18.94,77.14,0.0,0.0,0.0,376.65,4.27,346.0,1008.88,
2009,6,16,0,17.47,88.1,0.0,0.0,0.0,374.6,4.15,344.0,1009.54,
2009,6,16,1,17.47,83.59,0.0,0.0,0.0,368.7,3.77,337.0,1010.2,
2009,6,16,2,17.46,79.08,0.0,0.0,0.0,362.8,3.39,330.0,1010.86,
2009,6,16,3,17.46,74.57,0.0,0.0,0.0,356.9,3.01,324.0,1011.52,
2009,6,16,4,17.83,72.99,2.0,0.0,2.0,361.48,2.96,320.0,1011.85,
2009,6,16,5,18.2,71.4,14.0,0.0,14.0,366.07,2.91,316.0,1012.18,
2009,6,16,6,18.57,69.82,77.0,0.0,77.0,370.65,2.86,312.0,1012.51,
2009,6,16,7,19.87,62.53,445.0,456.82,198.0,369.23,3.15,317.0,1012.45,
2009,6,16,8,21.17,55.25,646.0,701.4,168.0,367.82,3.45,322.0,1012.38,
2009,6,16,9,22.47,47.96,785.0,773.07,170.0,366.4,3.75,328.0,1012.32,
2009,6,16,10,23.28,43.66,851.0,719.98,221.0,361.07,3.78,328.0,1012.02,
2009,6,16,11,24.08,39.35,882.0,692.14,249.0,355.73,3.82,328.0,1011.72,
2009,6,16,12,24.89,35.05,845.0,603.44,295.0,350.4,3.85,328.0,1011.42,
2009,6,16,13,24.85,33.76,786.0,568.21,294.0,348.72,3.72,333.0,1011.36,
2009,6,16,14,24.81,32.46,664.0,462.24,303.0,347.03,3.59,338.0,1011.29,
2009,6,16,15,24.77,31.17,565.0,489.04,241.0,345.35,3.46,343.0,1011.23,
2009,6,16,16,23.64,34.3,412.0,410.72,199.0,345.9,2.82,349.0,1011.23,
2009,6,16,17,22.5,37.43,157.0,39.0,143.0,346.45,2.17,355.0,1011.23,
2009,6,16,18,21.37,40.56,85.0,61.66,73.0,347.0,1.53,2.0,1011.23,
2009,6,16,19,20.09,44.8,0.0,0.0,0.0,345.18,1.62,21.0,1011.49,
2009,6,16,20,18.81,49.04,0.0,0.0,0.0,343.37,1.71,41.0,1011.75,
2009,6,16,21,17.52,53.28,0.0,0.0,0.0,341.55,1.81,60.0,1012.02,
2009,6,16,22,16.97,55.93,0.0,0.0,0.0,336.92,1.7,73.0,1011.92,
2009,6,16,23,16.41,58.58,0.0,0.0,0.0,332.28,1.59,86.0,1011.82,
2009,6,17,0,15.85,61.23,0.0,0.0,0.0,327.65,1.48,99.0,1011.72,
2009,6,17,1,15.03,66.91,0.0,0.0,0.0,322.95,1.35,92.0,1011.72,
2009,6,17,2,14.2,72.59,0.0,0.0,0.0,318.25,1.22,85.0,1011.72,
2009,6,17,3,13.38,78.27,0.0,0.0,0.0,313.55,1.09,79.0,1011.72,
2009,6,17,4,15.74,70.85,4.0,0.0,4.0,314.77,1.11,86.0,1011.79,
2009,6,17,5,18.11,63.43,144.0,288.92,81.0,315.98,1.14,93.0,1011.85,
2009,6,17,6,20.48,56.01,309.0,475.92,127.0,317.2,1.16,100.0,1011.92,
2009,6,17,7,21.98,48.75,493.0,655.06,139.0,324.77,1.04,132.0,1011.69,
2009,6,17,8,23.48,41.48,652.0,726.59,157.0,332.33,0.92,163.0,1011.46,
2009,6,17,9,24.98,34.22,768.0,720.4,195.0,339.9,0.8,194.0,1011.23,
2009,6,17,10,25.64,32.26,891.0,844.57,152.0,343.62,1.09,209.0,1010.73,
2009,6,17,11,26.3,30.31,925.0,815.6,179.0,347.33,1.39,223.0,1010.24,
2009,6,17,12,26.96,28.35,902.0,757.92,211.0,351.05,1.68,237.0,1009.74,
2009,6,17,13,27.0,27.62,840.0,716.85,219.0,350.2,1.88,238.0,1009.41,
2009,6,17,14,27.05,26.88,724.0,626.97,234.0,349.35,2.07,238.0,1009.08,
2009,6,17,15,27.1,26.15,624.0,692.08,165.0,348.5,2.26,238.0,1008.75,
2009,6,17,16,25.81,30.47,471.0,652.69,132.0,345.4,2.23,242.0,1008.52,
2009,6,17,17,24.53,34.78,195.0,108.37,156.0,342.3,2.2,246.0,1008.29,
2009,6,17,18,23.24,39.1,122.0,245.52,74.0,339.2,2.17,250.0,1008.06,
2009,6,17,19,22.36,40.74,0.0,0.0,0.0,336.52,2.06,248.0,1008.29,
2009,6,17,20,21.47,42.38,0.0,0.0,0.0,333.83,1.95,245.0,1008.52,
2009,6,17,21,20.58,44.02,0.0,0.0,0.0,331.15,1.85,242.0,1008.75,
2009,6,17,22,19.38,48.85,0.0,0.0,0.0,330.18,1.53,214.0,1008.59,
2009,6,17,23,18.17,53.69,0.0,0.0,0.0,329.22,1.2,185.0,1008.42,
2009,6,18,0,16.96,58.52,0.0,0.0,0.0,328.25,0.88,156.0,1008.26,
2009,6,18,1,16.35,62.71,0.0,0.0,0.0,327.1,1.02,155.0,1008.19,
2009,6,18,2,15.75,66.89,0.0,0.0,0.0,325.95,1.15,153.0,1008.12,
2009,6,18,3,15.14,71.08,0.0,0.0,0.0,324.8,1.28,152.0,1008.06,
2009,6,18,4,17.64,64.85,9.0,0.0,9.0,326.58,1.57,152.0,1007.93,
2009,6,18,5,20.14,58.63,150.0,326.13,79.0,328.37,1.85,152.0,1007.8,
2009,6,18,6,22.64,52.4,325.0,567.99,108.0,330.15,2.14,152.0,1007.66,
2009,6,18,7,24.5,46.62,493.0,655.48,139.0,338.32,2.39,162.0,1007.4,
2009,6,18,8,26.37,40.85,648.0,713.68,162.0,346.48,2.64,172.0,1007.14,
2009,6,18,9,28.23,35.07,780.0,759.57,176.0,354.65,2.9,183.0,1006.87,
2009,6,18,10,28.99,32.98,882.0,816.07,168.0,360.72,3.03,182.0,1006.21,
2009,6,18,11,29.75,30.89,925.0,815.54,179.0,366.78,3.15,180.0,1005.55,
2009,6,18,12,30.52,28.8,916.0,799.42,187.0,372.85,3.28,179.0,1004.89,
2009,6,18,13,30.58,29.05,876.0,827.31,159.0,375.05,3.39,184.0,1004.36,
2009,6,18,14,30.64,29.3,760.0,740.36,181.0,377.25,3.49,188.0,1003.84,
2009,6,18,15,30.7,29.55,631.0,717.03,155.0,379.45,3.6,193.0,1003.31,
2009,6,18,16,29.34,33.37,469.0,642.16,135.0,378.42,3.03,189.0,1002.88,
2009,6,18,17,27.98,37.2,254.0,299.46,146.0,377.38,2.45,186.0,1002.45,
2009,6,18,18,26.62,41.02,116.0,198.67,77.0,376.35,1.88,183.0,1002.02,
2009,6,18,19,25.31,45.18,0.0,0.0,0.0,374.2,1.97,178.0,1002.09,
2009,6,18,20,23.99,49.33,0.0,0.0,0.0,372.05,2.07,172.0,1002.15,
2009,6,18,21,22.67,53.49,0.0,0.0,0.0,369.9,2.17,167.0,1002.22,
2009,6,18,22,22.45,55.4,0.0,0.0,0.0,369.43,2.46,165.0,1001.82,
2009,6,18,23,22.23,57.32,0.0,0.0,0.0,368.97,2.75,163.0,1001.43,
2009,6,19,0,22.0,59.23,0.0,0.0,0.0,368.5,3.05,161.0,1001.03,
2009,6,19,1,21.23,63.42,0.0,0.0,0.0,368.27,2.81,163.0,1001.06,
2009,6,19,2,20.45,67.6,0.0,0.0,0.0,368.03,2.58,165.0,1001.1,
2009,6,19,3,19.68,71.79,0.0,0.0,0.0,367.8,2.34,167.0,1001.13,
2009,6,19,4,21.18,67.35,4.0,0.0,4.0,371.52,2.27,198.0,1001.16,
2009,6,19,5,22.68,62.91,113.0,115.06,88.0,375.23,2.2,229.0,1001.2,
2009,6,19,6,24.19,58.47,236.0,178.2,168.0,378.95,2.12,260.0,1001.23,
2009,6,19,7,25.37,55.63,403.0,320.58,230.0,384.3,2.33,232.0,1001.1,
2009,6,19,8,26.54,52.78,397.0,107.25,324.0,389.65,2.53,205.0,1000.97,
2009,6,19,9,27.72,49.94,630.0,353.49,349.0,395.0,2.73,177.0,1000.83,
2009,6,19,10,26.78,57.11,289.0,1.14,288.0,392.43,2.92,184.0,1000.64,
2009,6,19,11,25.83,64.28,421.0,25.14,398.0,389.87,3.11,192.0,1000.44,
2009,6,19,12,24.89,71.45,860.0,640.29,276.0,387.3,3.3,200.0,1000.24,
2009,6,19,13,24.97,68.69,751.0,480.98,334.0,390.67,2.66,240.0,1000.27,
2009,6,19,14,25.05,65.94,705.0,568.69,260.0,394.03,2.03,280.0,1000.31,
2009,6,19,15,25.14,63.18,537.0,404.86,268.0,397.4,1.39,320.0,1000.34,
2009,6,19,16,23.52,67.94,209.0,17.28,200.0,393.88,1.74,330.0,1000.7,
2009,6,19,17,21.91,72.71,246.0,265.67,150.0,390.37,2.08,339.0,1001.06,
2009,6,19,18,20.29,77.47,121.0,233.47,75.0,386.85,2.43,349.0,1001.43,
2009,6,19,19,19.19,79.98,0.0,0.0,0.0,382.32,2.76,352.0,1001.79,
2009,6,19,20,18.09,82.48,0.0,0.0,0.0,377.78,3.1,356.0,1002.15,
2009,6,19,21,16.99,84.99,0.0,0.0,0.0,373.25,3.43,359.0,1002.52,
2009,6,19,22,16.53,86.88,0.0,0.0,0.0,369.45,3.43,358.0,1002.35,
2009,6,19,23,16.06,88.78,0.0,0.0,0.0,365.65,3.43,357.0,1002.19,
2009,6,20,0,15.59,90.67,0.0,0.0,0.0,361.85,3.42,356.0,1002.02,
2009,6,20,1,14.99,91.46,0.0,0.0,0.0,359.57,3.38,351.0,1002.32,
2009,6,20,2,14.38,92.26,0.0,0.0,0.0,357.28,3.34,345.0,1002.61,
2009,6,20,3,13.78,93.05,0.0,0.0,0.0,355.0,3.3,340.0,1002.91,
2009,6,20,4,14.19,91.36,2.0,0.0,2.0,355.57,3.2,347.0,1002.81,
2009,6,20,5,14.61,89.68,14.0,0.0,14.0,356.13,3.11,354.0,1002.71,
2009,6,20,6,15.03,87.99,49.0,0.0,49.0,356.7,3.02,0.0,1002.61,
2009,6,20,7,16.46,81.78,216.0,16.69,207.0,359.15,2.86,2.0,1002.48,
2009,6,20,8,17.9,75.57,107.0,0.0,107.0,361.6,2.69,4.0,1002.35,
2009,6,20,9,19.33,69.36,116.0,0.0,116.0,364.05,2.52,5.0,1002.22,
2009,6,20,10,20.02,65.34,201.0,0.0,201.0,367.85,2.51,4.0,1001.86,
2009,6,20,11,20.71,61.33,124.0,0.0,124.0,371.65,2.51,3.0,1001.49,
2009,6,20,12,21.4,57.31,130.0,0.0,130.0,375.45,2.5,2.0,1001.13,
2009,6,20,13,21.56,54.56,107.0,0.0,107.0,374.78,2.47,359.0,1001.36,
2009,6,20,14,21.73,51.81,181.0,0.0,181.0,374.12,2.45,357.0,1001.59,
2009,6,20,15,21.9,49.06,187.0,0.0,187.0,373.45,2.43,354.0,1001.82,
2009,6,20,16,21.17,50.97,75.0,0.0,75.0,375.62,2.74,358.0,1001.62,
2009,6,20,17,20.45,52.87,89.0,0.0,89.0,377.78,3.06,2.0,1001.43,
2009,6,20,18,19.72,54.78,64.0,15.18,61.0,379.95,3.38,5.0,1001.23,
2009,6,20,19,19.07,57.09,0.0,0.0,0.0,378.08,3.41,8.0,1001.29,
2009,6,20,20,18.41,59.39,0.0,0.0,0.0,376.22,3.43,11.0,1001.36,
2009,6,20,21,17.75,61.7,0.0,0.0,0.0,374.35,3.46,14.0,1001.43,
2009,6,20,22,16.86,69.26,0.0,0.0,0.0,370.22,3.26,14.0,1001.2,
2009,6,20,23,15.97,76.83,0.0,0.0,0.0,366.08,3.07,14.0,1000.97,
2009,6,21,0,15.08,84.39,0.0,0.0,0.0,361.95,2.87,14.0,1000.73,
2009,6,21,1,14.51,88.76,0.0,0.0,0.0,364.28,2.72,11.0,1000.11,
2009,6,21,2,13.94,93.14,0.0,0.0,0.0,366.62,2.57,8.0,999.48,
2009,6,21,3,13.37,97.51,0.0,0.0,0.0,368.95,2.43,5.0,998.85,
2009,6,21,4,13.74,97.64,2.0,0.0,2.0,372.87,2.28,8.0,998.49,
2009,6,21,5,14.11,97.76,67.0,9.25,65.0,376.78,2.12,10.0,998.13,
2009,6,21,6,14.48,97.89,29.0,0.0,29.0,380.7,1.97,13.0,997.76,
2009,6,21,7,15.44,96.27,51.0,0.0,51.0,381.13,1.5,12.0,997.6,
2009,6,21,8,16.41,94.65,211.0,1.47,210.0,381.57,1.03,12.0,997.43,
2009,6,21,9,17.37,93.03,267.0,2.52,265.0,382.0,0.55,11.0,997.27,
2009,6,21,10,18.21,87.56,479.0,69.76,418.0,385.48,0.74,312.0,997.01,
2009,6,21,11,19.04,82.1,233.0,0.0,233.0,388.97,0.92,253.0,996.74,
2009,6,21,12,19.88,76.63,339.0,5.48,334.0,392.45,1.1,194.0,996.48,
2009,6,21,13,19.35,81.22,101.0,0.0,101.0,388.75,1.36,208.0,996.58,
2009,6,21,14,18.82,85.82,69.0,0.0,69.0,385.05,1.61,221.0,996.68,
2009,6,21,15,18.29,90.41,82.0,0.0,82.0,381.35,1.86,234.0,996.77,
2009,6,21,16,17.69,91.82,105.0,0.0,105.0,372.08,1.75,239.0,996.64,
2009,6,21,17,17.09,93.23,145.0,24.82,136.0,362.82,1.64,243.0,996.51,
2009,6,21,18,16.49,94.64,42.0,0.0,42.0,353.55,1.53,247.0,996.38,
2009,6,21,19,15.92,95.54,1.0,24.94,0.0,349.73,1.6,247.0,996.41,
2009,6,21,20,15.35,96.45,0.0,0.0,0.0,345.92,1.66,247.0,996.44,
2009,6,21,21,14.77,97.35,0.0,0.0,0.0,342.1,1.72,246.0,996.48,
2009,6,21,22,14.64,97.62,0.0,0.0,0.0,341.95,1.85,250.0,996.41,
2009,6,21,23,14.51,97.88,0.0,0.0,0.0,341.8,1.97,253.0,996.35,
2009,6,22,0,14.37,98.15,0.0,0.0,0.0,341.65,2.1,257.0,996.28,
2009,6,22,1,14.02,98.23,0.0,0.0,0.0,342.72,2.18,249.0,996.81,
2009,6,22,2,13.66,98.32,0.0,0.0,0.0,343.78,2.27,241.0,997.34,
2009,6,22,3,13.31,98.4,0.0,0.0,0.0,344.85,2.36,234.0,997.86,
2009,6,22,4,13.67,96.86,2.0,0.0,2.0,344.47,2.29,232.0,997.96,
2009,6,22,5,14.03,95.33,14.0,0.0,14.0,344.08,2.23,230.0,998.06,
2009,6,22,6,14.4,93.79,29.0,0.0,29.0,343.7,2.17,229.0,998.16,
2009,6,22,7,15.5,87.3,75.0,0.0,75.0,345.97,2.06,230.0,998.03,
2009,6,22,8,16.6,80.81,281.0,16.2,270.0,348.23,1.96,232.0,997.9,
2009,6,22,9,17.7,74.32,506.0,147.38,389.0,350.5,1.86,233.0,997.76,
2009,6,22,10,18.73,68.33,450.0,51.48,405.0,354.0,1.7,229.0,997.43,
2009,6,22,11,19.76,62.33,335.0,4.37,331.0,357.5,1.53,225.0,997.1,
2009,6,22,12,20.8,56.34,384.0,14.25,371.0,361.0,1.37,221.0,996.77,
2009,6,22,13,21.26,53.49,451.0,54.17,404.0,361.52,1.29,239.0,996.94,
2009,6,22,14,21.72,50.64,283.0,5.11,279.0,362.03,1.22,258.0,997.1,
2009,6,22,15,22.18,47.79,409.0,136.68,318.0,362.55,1.14,276.0,997.27,
2009,6,22,16,21.28,53.12,416.0,413.52,200.0,355.33,1.28,293.0,997.2,
2009,6,22,17,20.38,58.46,232.0,209.35,156.0,348.12,1.42,310.0,997.14,
2009,6,22,18,19.48,63.79,88.0,65.43,75.0,340.9,1.56,327.0,997.07,
2009,6,22,19,18.37,67.3,10.0,24.68,9.0,336.63,1.48,324.0,997.24,
2009,6,22,20,17.25,70.8,0.0,0.0,0.0,332.37,1.39,321.0,997.4,
2009,6,22,21,16.13,74.31,0.0,0.0,0.0,328.1,1.31,319.0,997.57,
2009,6,22,22,15.89,75.84,0.0,0.0,0.0,326.88,0.95,320.0,997.37,
2009,6,22,23,15.65,77.38,0.0,0.0,0.0,325.67,0.59,321.0,997.17,
2009,6,23,0,15.41,78.91,0.0,0.0,0.0,324.45,0.23,322.0,996.97,
2009,6,23,1,14.83,82.72,0.0,0.0,0.0,323.82,0.45,274.0,997.2,
2009,6,23,2,14.25,86.52,0.0,0.0,0.0,323.18,0.66,227.0,997.43,
2009,6,23,3,13.67,90.33,0.0,0.0,0.0,322.55,0.87,179.0,997.67,
2009,6,23,4,15.18,85.15,4.0,0.0,4.0,327.02,0.8,238.0,997.8,
2009,6,23,5,16.7,79.98,124.0,176.98,86.0,331.48,0.72,297.0,997.93,
2009,6,23,6,18.22,74.8,297.0,430.0,134.0,335.95,0.65,356.0,998.06,
2009,6,23,7,19.61,67.34,504.0,723.99,115.0,344.12,0.57,352.0,997.83,
2009,6,23,8,21.0,59.87,361.0,69.26,314.0,352.28,0.48,347.0,997.6,
2009,6,23,9,22.39,52.41,709.0,549.55,273.0,360.45,0.4,342.0,997.37,
2009,6,23,10,22.89,49.5,455.0,53.79,408.0,366.4,0.54,347.0,997.04,
2009,6,23,11,23.39,46.58,805.0,502.01,346.0,372.35,0.69,352.0,996.71,
2009,6,23,12,23.9,43.67,864.0,653.31,268.0,378.3,0.83,358.0,996.38,
2009,6,23,13,23.94,43.29,725.0,420.63,360.0,377.72,1.27,6.0,996.54,
2009,6,23,14,23.98,42.9,642.0,404.45,325.0,377.13,1.71,14.0,996.71,
2009,6,23,15,24.03,42.52,598.0,587.0,207.0,376.55,2.15,22.0,996.87,
2009,6,23,16,23.08,46.28,472.0,642.78,136.0,373.12,1.95,19.0,996.77,
2009,6,23,17,22.12,50.04,264.0,335.69,142.0,369.68,1.75,16.0,996.68,
2009,6,23,18,21.17,53.8,122.0,231.08,76.0,366.25,1.54,13.0,996.58,
2009,6,23,19,20.19,56.9,10.0,24.49,9.0,359.43,1.71,10.0,996.58,
2009,6,23,20,19.21,60.01,0.0,0.0,0.0,352.62,1.87,7.0,996.58,
2009,6,23,21,18.22,63.11,0.0,0.0,0.0,345.8,2.03,4.0,996.58,
2009,6,23,22,18.06,64.15,0.0,0.0,0.0,345.38,1.97,6.0,996.38,
2009,6,23,23,17.89,65.18,0.0,0.0,0.0,344.97,1.92,7.0,996.18,
2009,6,24,0,17.72,66.22,0.0,0.0,0.0,344.55,1.86,8.0,995.98,
2009,6,24,1,17.06,74.01,0.0,0.0,0.0,349.35,1.73,8.0,995.88,
2009,6,24,2,16.41,81.8,0.0,0.0,0.0,354.15,1.6,8.0,995.78,
2009,6,24,3,15.75,89.59,0.0,0.0,0.0,358.95,1.46,8.0,995.69,
2009,6,24,4,16.52,89.44,3.0,0.0,3.0,358.32,1.38,9.0,995.75,
2009,6,24,5,17.3,89.28,139.0,266.52,82.0,357.68,1.31,9.0,995.82,
2009,6,24,6,18.08,89.13,315.0,528.74,115.0,357.05,1.23,9.0,995.88,
2009,6,24,7,18.88,83.89,486.0,641.12,142.0,362.95,1.56,43.0,995.85,
2009,6,24,8,19.69,78.64,651.0,737.49,151.0,368.85,1.89,77.0,995.82,
2009,6,24,9,20.49,73.4,789.0,799.63,155.0,374.75,2.22,111.0,995.78,
2009,6,24,10,20.84,72.3,875.0,801.46,175.0,373.83,2.15,126.0,995.69,
2009,6,24,11,21.19,71.2,928.0,829.22,170.0,372.92,2.07,141.0,995.59,
2009,6,24,12,21.55,70.1,774.0,438.5,374.0,372.0,2.0,157.0,995.49,
2009,6,24,13,22.14,65.52,828.0,678.72,239.0,369.65,1.62,207.0,995.75,
2009,6,24,14,22.74,60.95,774.0,781.93,161.0,367.3,1.25,257.0,996.02,
2009,6,24,15,23.34,56.37,332.0,51.02,298.0,364.95,0.87,307.0,996.28,
2009,6,24,16,22.69,60.0,85.0,0.0,85.0,360.68,0.74,345.0,996.21,
2009,6,24,17,22.05,63.62,67.0,0.0,67.0,356.42,0.6,23.0,996.15,
2009,6,24,18,21.4,67.25,103.0,120.39,79.0,352.15,0.47,61.0,996.08,
2009,6,24,19,20.19,71.97,9.0,24.36,8.0,349.97,0.67,102.0,996.35,
2009,6,24,20,18.97,76.69,0.0,0.0,0.0,347.78,0.86,143.0,996.61,
2009,6,24,21,17.75,81.41,0.0,0.0,0.0,345.6,1.06,184.0,996.87,
2009,6,24,22,17.37,83.74,0.0,0.0,0.0,345.0,1.14,203.0,996.81,
2009,6,24,23,16.99,86.07,0.0,0.0,0.0,344.4,1.21,221.0,996.74,
2009,6,25,0,16.61,88.4,0.0,0.0,0.0,343.8,1.28,240.0,996.68,
2009,6,25,1,16.27,91.34,0.0,0.0,0.0,346.63,1.14,244.0,996.58,
2009,6,25,2,15.92,94.27,0.0,0.0,0.0,349.47,0.99,249.0,996.48,
2009,6,25,3,15.58,97.21,0.0,0.0,0.0,352.3,0.84,253.0,996.38,
2009,6,25,4,16.58,93.65,10.0,0.0,10.0,356.88,0.95,244.0,996.51,
2009,6,25,5,17.59,90.08,31.0,0.0,31.0,361.47,1.05,236.0,996.64,
2009,6,25,6,18.6,86.52,141.0,15.9,135.0,366.05,1.16,227.0,996.77,
2009,6,25,7,19.26,84.97,238.0,31.73,221.0,369.62,1.04,248.0,996.68,
2009,6,25,8,19.93,83.43,326.0,41.34,298.0,373.18,0.92,269.0,996.58,
2009,6,25,9,20.59,81.88,562.0,229.71,380.0,376.75,0.8,289.0,996.48,
2009,6,25,10,20.48,82.63,552.0,137.46,432.0,377.77,1.3,236.0,996.31,
2009,6,25,11,20.37,83.38,881.0,691.59,249.0,378.78,1.8,182.0,996.15,
2009,6,25,12,20.26,84.13,596.0,154.59,455.0,379.8,2.3,129.0,995.98,
2009,6,25,13,20.49,79.9,639.0,259.27,414.0,379.33,2.44,146.0,996.25,
2009,6,25,14,20.72,75.68,469.0,112.23,381.0,378.87,2.57,163.0,996.51,
2009,6,25,15,20.95,71.45,546.0,423.07,264.0,378.4,2.7,180.0,996.77,
2009,6,25,16,20.38,73.57,456.0,567.58,159.0,372.98,2.19,184.0,997.01,
2009,6,25,17,19.81,75.7,195.0,101.65,158.0,367.57,1.67,187.0,997.24,
2009,6,25,18,19.24,77.82,111.0,155.34,80.0,362.15,1.16,190.0,997.47,
2009,6,25,19,18.27,81.91,9.0,24.28,8.0,355.92,1.32,193.0,997.76,
2009,6,25,20,17.3,85.99,0.0,0.0,0.0,349.68,1.49,195.0,998.06,
2009,6,25,21,16.32,90.08,0.0,0.0,0.0,343.45,1.66,197.0,998.36,
2009,6,25,22,16.08,91.59,0.0,0.0,0.0,342.22,1.58,200.0,998.39,
2009,6,25,23,15.83,93.1,0.0,0.0,0.0,340.98,1.5,203.0,998.42,
2009,6,26,0,15.58,94.61,0.0,0.0,0.0,339.75,1.42,205.0,998.46,
2009,6,26,1,15.35,95.32,0.0,0.0,0.0,337.53,1.18,234.0,998.52,
2009,6,26,2,15.11,96.02,0.0,0.0,0.0,335.32,0.94,264.0,998.59,
2009,6,26,3,14.88,96.73,0.0,0.0,0.0,333.1,0.7,293.0,998.66,
2009,6,26,4,16.42,91.86,15.0,18.99,14.0,338.42,0.64,289.0,998.82,
2009,6,26,5,17.97,87.0,72.0,14.15,69.0,343.73,0.58,285.0,998.99,
2009,6,26,6,19.52,82.13,28.0,0.0,28.0,349.05,0.52,281.0,999.15,
2009,6,26,7,20.56,78.54,68.0,0.0,68.0,358.65,0.63,307.0,998.92,
2009,6,26,8,21.59,74.95,128.0,0.0,128.0,368.25,0.74,334.0,998.69,
2009,6,26,9,22.63,71.36,179.0,0.0,179.0,377.85,0.84,360.0,998.46,
2009,6,26,10,22.51,72.85,130.0,0.0,130.0,380.95,0.98,18.0,998.29,
2009,6,26,11,22.38,74.34,420.0,25.18,397.0,384.05,1.12,36.0,998.13,
2009,6,26,12,22.26,75.83,263.0,0.0,263.0,387.15,1.26,55.0,997.96,
2009,6,26,13,22.15,74.34,734.0,440.21,352.0,381.7,1.16,36.0,998.33,
2009,6,26,14,22.04,72.86,375.0,36.98,346.0,376.25,1.06,17.0,998.69,
2009,6,26,15,21.94,71.37,447.0,196.49,316.0,370.8,0.97,359.0,999.05,
2009,6,26,16,21.19,75.46,321.0,150.92,242.0,369.3,0.73,35.0,998.92,
2009,6,26,17,20.44,79.55,123.0,8.24,120.0,367.8,0.49,72.0,998.79,
2009,6,26,18,19.69,83.64,83.0,45.07,74.0,366.3,0.25,109.0,998.66,
2009,6,26,19,18.63,87.48,4.0,0.0,4.0,361.58,0.6,133.0,998.95,
2009,6,26,20,17.57,91.31,0.0,0.0,0.0,356.87,0.95,157.0,999.25,
2009,6,26,21,16.51,95.15,0.0,0.0,0.0,352.15,1.3,181.0,999.55,
2009,6,26,22,16.36,96.1,0.0,0.0,0.0,351.37,1.2,187.0,999.58,
2009,6,26,23,16.21,97.05,0.0,0.0,0.0,350.58,1.11,192.0,999.61,
2009,6,27,0,16.05,98.0,0.0,0.0,0.0,349.8,1.02,198.0,999.65,
2009,6,27,1,15.78,98.18,0.0,0.0,0.0,351.65,1.0,186.0,999.61,
2009,6,27,2,15.52,98.36,0.0,0.0,0.0,353.5,0.97,175.0,999.58,
2009,6,27,3,15.25,98.54,0.0,0.0,0.0,355.35,0.95,163.0,999.55,
2009,6,27,4,16.32,97.38,2.0,0.0,2.0,359.47,1.22,159.0,999.88,
2009,6,27,5,17.39,96.21,25.0,0.0,25.0,363.58,1.49,156.0,1000.21,
2009,6,27,6,18.46,95.05,182.0,61.27,159.0,367.7,1.75,152.0,1000.54,
2009,6,27,7,19.28,90.15,304.0,106.75,247.0,371.5,1.91,151.0,1000.4,
2009,6,27,8,20.11,85.25,338.0,51.8,303.0,375.3,2.07,151.0,1000.27,
2009,6,27,9,20.93,80.35,569.0,243.99,376.0,379.1,2.23,150.0,1000.14,
2009,6,27,10,21.07,81.6,766.0,503.44,327.0,375.75,2.13,155.0,999.91,
2009,6,27,11,21.21,82.86,439.0,33.95,408.0,372.4,2.03,159.0,999.68,
2009,6,27,12,21.35,84.11,242.0,0.0,242.0,369.05,1.93,164.0,999.45,
2009,6,27,13,21.73,78.8,543.0,131.38,429.0,369.13,1.49,126.0,999.88,
2009,6,27,14,22.11,73.48,607.0,325.2,352.0,369.22,1.05,88.0,1000.31,
2009,6,27,15,22.49,68.17,579.0,521.93,231.0,369.3,0.61,50.0,1000.73,
2009,6,27,16,21.97,70.45,380.0,294.15,226.0,365.48,0.53,60.0,1000.67,
2009,6,27,17,21.44,72.73,302.0,532.63,108.0,361.67,0.45,71.0,1000.6,
2009,6,27,18,20.92,75.01,142.0,380.57,66.0,357.85,0.37,81.0,1000.54,
2009,6,27,19,20.2,77.92,15.0,97.2,11.0,352.83,0.6,51.0,1000.87,
2009,6,27,20,19.48,80.83,0.0,0.0,0.0,347.82,0.83,21.0,1001.2,
2009,6,27,21,18.76,83.74,0.0,0.0,0.0,342.8,1.06,351.0,1001.53,
2009,6,27,22,18.18,86.23,0.0,0.0,0.0,341.8,1.16,6.0,1001.62,
2009,6,27,23,17.6,88.72,0.0,0.0,0.0,340.8,1.26,21.0,1001.72,
2009,6,28,0,17.02,91.21,0.0,0.0,0.0,339.8,1.37,36.0,1001.82,
2009,6,28,1,16.39,92.64,0.0,0.0,0.0,341.25,1.3,49.0,1001.89,
2009,6,28,2,15.76,94.08,0.0,0.0,0.0,342.7,1.23,62.0,1001.95,
2009,6,28,3,15.13,95.51,0.0,0.0,0.0,344.15,1.16,75.0,1002.02,
2009,6,28,4,17.04,92.08,2.0,0.0,2.0,345.42,1.0,59.0,1002.25,
2009,6,28,5,18.95,88.66,23.0,0.0,23.0,346.68,0.84,44.0,1002.48,
2009,6,28,6,20.87,85.23,241.0,208.38,163.0,347.95,0.68,28.0,1002.71,
2009,6,28,7,21.59,80.16,272.0,65.67,237.0,353.98,0.74,35.0,1002.65,
2009,6,28,8,22.31,75.09,538.0,380.84,281.0,360.02,0.8,42.0,1002.58,
2009,6,28,9,23.03,70.02,738.0,642.81,230.0,366.05,0.86,49.0,1002.52,
2009,6,28,10,23.13,69.86,828.0,666.72,247.0,370.4,0.99,41.0,1002.38,
2009,6,28,11,23.23,69.69,865.0,652.98,269.0,374.75,1.12,33.0,1002.25,
2009,6,28,12,23.33,69.53,863.0,652.83,268.0,379.1,1.26,26.0,1002.12,
2009,6,28,13,24.24,62.1,837.0,704.3,226.0,380.4,1.56,21.0,1002.19,
2009,6,28,14,25.15,54.67,778.0,794.55,155.0,381.7,1.86,17.0,1002.25,
2009,6,28,15,26.06,47.24,638.0,730.4,151.0,383.0,2.17,13.0,1002.32,
2009,6,28,16,24.94,52.46,476.0,655.14,133.0,380.3,2.01,5.0,1002.32,
2009,6,28,17,23.82,57.68,131.0,10.98,127.0,377.6,1.86,358.0,1002.32,
2009,6,28,18,22.7,62.9,137.0,335.62,70.0,374.9,1.71,351.0,1002.32,
2009,6,28,19,21.61,67.26,11.0,24.4,10.0,369.93,1.76,347.0,1002.48,
2009,6,28,20,20.52,71.62,0.0,0.0,0.0,364.97,1.8,344.0,1002.65,
2009,6,28,21,19.42,75.98,0.0,0.0,0.0,360.0,1.85,341.0,1002.81,
2009,6,28,22,19.16,78.34,0.0,0.0,0.0,357.75,1.71,342.0,1002.85,
2009,6,28,23,18.9,80.7,0.0,0.0,0.0,355.5,1.57,343.0,1002.88,
2009,6,29,0,18.63,83.06,0.0,0.0,0.0,353.25,1.43,344.0,1002.91,
2009,6,29,1,18.44,84.87,0.0,0.0,0.0,355.87,1.27,351.0,1002.91,
2009,6,29,2,18.25,86.69,0.0,0.0,0.0,358.48,1.1,359.0,1002.91,
2009,6,29,3,18.06,88.5,0.0,0.0,0.0,361.1,0.94,6.0,1002.91,
2009,6,29,4,19.29,85.13,2.0,0.0,2.0,362.05,0.9,8.0,1003.11,
2009,6,29,5,20.52,81.76,72.0,14.39,69.0,363.0,0.86,10.0,1003.31,
2009,6,29,6,21.76,78.39,177.0,56.28,156.0,363.95,0.83,11.0,1003.51,
2009,6,29,7,22.41,77.29,454.0,520.77,177.0,369.38,1.15,23.0,1003.37,
2009,6,29,8,23.07,76.19,494.0,276.0,308.0,374.82,1.47,34.0,1003.24,
2009,6,29,9,23.72,75.09,576.0,257.12,373.0,380.25,1.79,45.0,1003.11,
2009,6,29,10,23.47,77.1,453.0,53.97,406.0,384.33,1.73,49.0,1003.04,
2009,6,29,11,23.22,79.11,697.0,294.86,428.0,388.42,1.66,52.0,1002.98,
2009,6,29,12,22.98,81.12,835.0,579.52,307.0,392.5,1.6,56.0,1002.91,
2009,6,29,13,23.66,74.17,738.0,449.65,348.0,390.63,1.57,59.0,1003.31,
2009,6,29,14,24.34,67.22,461.0,104.6,379.0,388.77,1.54,62.0,1003.7,
2009,6,29,15,25.02,60.27,306.0,31.5,285.0,386.9,1.5,64.0,1004.1,
2009,6,29,16,24.25,63.83,148.0,0.0,148.0,382.6,1.51,70.0,1004.1,
2009,6,29,17,23.49,67.39,194.0,98.86,158.0,378.3,1.51,75.0,1004.1,
2009,6,29,18,22.72,70.95,134.0,310.82,72.0,374.0,1.52,80.0,1004.1,
2009,6,29,19,21.7,75.66,13.0,73.66,10.0,372.38,1.49,93.0,1004.46,
2009,6,29,20,20.68,80.36,0.0,0.0,0.0,370.77,1.46,106.0,1004.83,
2009,6,29,21,19.66,85.07,0.0,0.0,0.0,369.15,1.43,119.0,1005.19,
2009,6,29,22,19.25,87.1,0.0,0.0,0.0,367.48,1.45,118.0,1005.29,
2009,6,29,23,18.84,89.14,0.0,0.0,0.0,365.82,1.46,118.0,1005.39,
2009,6,30,0,18.43,91.17,0.0,0.0,0.0,364.15,1.48,117.0,1005.49,
2009,6,30,1,17.96,93.08,0.0,0.0,0.0,361.33,1.44,113.0,1005.65,
2009,6,30,2,17.48,95.0,0.0,0.0,0.0,358.52,1.4,108.0,1005.82,
2009,6,30,3,17.01,96.91,0.0,0.0,0.0,355.7,1.37,104.0,1005.98,
2009,6,30,4,18.57,93.24,2.0,0.0,2.0,359.5,1.32,106.0,1006.11,
2009,6,30,5,20.13,89.56,140.0,313.72,75.0,363.3,1.28,109.0,1006.24,
2009,6,30,6,21.69,85.89,306.0,513.53,115.0,367.1,1.24,111.0,1006.38,
2009,6,30,7,22.5,82.5,491.0,695.19,122.0,373.6,1.64,107.0,1006.21,
2009,6,30,8,23.31,79.11,653.0,772.73,133.0,380.1,2.03,104.0,1006.05,
2009,6,30,9,24.12,75.72,781.0,796.26,153.0,386.6,2.43,101.0,1005.88,
2009,6,30,10,24.51,72.12,873.0,812.5,166.0,384.8,2.68,102.0,1005.72,
2009,6,30,11,24.91,68.51,875.0,689.86,246.0,383.0,2.93,104.0,1005.55,
2009,6,30,12,25.3,64.91,874.0,689.56,246.0,381.2,3.19,106.0,1005.39,
2009,6,30,13,25.82,60.66,874.0,825.76,158.0,382.78,3.14,105.0,1005.45,
2009,6,30,14,26.34,56.4,783.0,821.64,139.0,384.37,3.09,104.0,1005.52,
2009,6,30,15,26.86,52.15,79.0,0.0,79.0,385.95,3.03,103.0,1005.58,
2009,6,30,16,25.72,58.39,114.0,0.0,114.0,384.4,2.67,114.0,1005.55,
2009,6,30,17,22.49,80.53,298.0,513.78,111.0,380.5,1.3,124.0,1005.52,
2009,6,30,18,21.99,79.97,139.0,361.4,67.0,377.23,1.55,135.0,1005.49,
2009,6,30,19,21.5,79.41,11.0,24.77,10.0,373.95,1.8,141.0,1005.68,
2009,6,30,20,21.0,78.86,0.0,0.0,0.0,370.68,2.05,147.0,1005.88,
2009,6,30,21,20.51,78.3,0.0,0.0,0.0,367.4,2.3,154.0,1006.08,
2009,6,30,22,20.01,77.74,0.0,0.0,0.0,364.13,2.55,157.0,1006.05,
2009,6,30,23,19.52,77.19,0.0,0.0,0.0,360.86,2.8,160.0,1006.01,
2014,7,1,0,19.02,76.63,0.0,0.0,0.0,357.58,3.05,163.0,1005.98,
2014,7,1,1,18.52,76.07,0.0,0.0,0.0,354.31,3.3,284.0,1001.59,
2014,7,1,2,18.03,75.52,0.0,0.0,0.0,351.03,3.55,282.0,1002.35,
2014,7,1,3,17.53,74.96,0.0,0.0,0.0,347.76,3.8,279.0,1003.11,
2014,7,1,4,17.04,74.4,2.0,0.0,2.0,344.48,4.04,286.0,1003.74,
2014,7,1,5,16.54,73.85,13.0,0.0,13.0,341.21,4.29,293.0,1004.36,
2014,7,1,6,16.05,73.29,47.0,0.0,47.0,337.93,4.54,300.0,1004.99,
2014,7,1,7,15.55,72.73,184.0,5.65,181.0,334.66,4.79,305.0,1005.49,
2014,7,1,8,15.06,72.18,344.0,59.44,304.0,331.38,5.04,310.0,1005.98,
2014,7,1,9,20.33,52.0,465.0,107.77,380.0,338.25,3.19,314.0,1006.48,
2014,7,1,10,20.91,48.54,617.0,228.7,418.0,343.52,2.74,316.0,1006.57,
2014,7,1,11,21.5,45.08,822.0,561.54,310.0,348.78,2.29,318.0,1006.67,
2014,7,1,12,22.08,41.62,579.0,142.74,449.0,354.05,1.85,320.0,1006.77,
2014,7,1,13,22.49,40.26,587.0,190.29,422.0,355.9,1.97,315.0,1006.94,
2014,7,1,14,22.9,38.91,730.0,655.78,216.0,357.75,2.1,310.0,1007.1,
2014,7,1,15,23.3,37.55,390.0,112.52,315.0,359.6,2.22,306.0,1007.27,
2014,7,1,16,22.31,40.48,468.0,634.35,136.0,350.88,2.06,307.0,1007.56,
2014,7,1,17,21.31,43.4,312.0,612.69,89.0,342.17,1.91,309.0,1007.86,
2014,7,1,18,20.31,46.33,87.0,60.23,75.0,333.45,1.75,311.0,1008.16,
2014,7,1,19,19.79,47.26,2.0,0.0,2.0,329.67,1.86,302.0,1008.75,
2014,7,1,20,19.28,48.18,0.0,0.0,0.0,325.88,1.96,294.0,1009.35,
2014,7,1,21,18.76,49.11,0.0,0.0,0.0,322.1,2.07,286.0,1009.94,
2014,7,1,22,17.6,54.86,0.0,0.0,0.0,320.65,1.85,244.0,1009.97,
2014,7,1,23,16.44,60.6,0.0,0.0,0.0,319.2,1.63,202.0,1010.01,
2014,7,2,0,15.29,66.35,0.0,0.0,0.0,317.75,1.41,159.0,1010.04,
2014,7,2,1,14.58,71.98,0.0,0.0,0.0,316.0,1.33,166.0,1010.14,
2014,7,2,2,13.88,77.62,0.0,0.0,0.0,314.25,1.25,172.0,1010.24,
2014,7,2,3,13.18,83.25,0.0,0.0,0.0,312.5,1.17,178.0,1010.34,
2014,7,2,4,15.53,76.31,2.0,0.0,2.0,313.78,1.32,168.0,1010.63,
2014,7,2,5,17.88,69.36,128.0,233.22,80.0,315.07,1.47,157.0,1010.93,
2014,7,2,6,20.23,62.42,318.0,607.05,93.0,316.35,1.61,147.0,1011.23,
2014,7,2,7,21.88,53.86,480.0,660.85,130.0,324.25,1.82,152.0,1011.19,
2014,7,2,8,23.54,45.29,637.0,724.8,150.0,332.15,2.03,157.0,1011.16,
2014,7,2,9,25.2,36.73,770.0,774.29,160.0,340.05,2.23,162.0,1011.13,
2014,7,2,10,25.8,33.91,857.0,776.36,182.0,342.77,2.3,164.0,1010.67,
2014,7,2,11,26.4,31.08,901.0,775.88,194.0,345.48,2.37,166.0,1010.2,
2014,7,2,12,26.99,28.26,914.0,818.4,169.0,348.2,2.44,168.0,1009.74,
2014,7,2,13,27.26,27.63,836.0,721.07,211.0,349.37,2.5,168.0,1009.38,
2014,7,2,14,27.53,27.01,513.0,171.01,379.0,350.53,2.55,167.0,1009.02,
2014,7,2,15,27.8,26.38,252.0,9.0,246.0,351.7,2.61,167.0,1008.65,
2014,7,2,16,26.39,30.81,444.0,527.56,168.0,350.88,2.61,166.0,1008.49,
2014,7,2,17,24.97,35.25,304.0,560.89,100.0,350.07,2.61,164.0,1008.32,
2014,7,2,18,23.55,39.68,90.0,70.39,76.0,349.25,2.61,162.0,1008.16,
2014,7,2,19,22.27,43.34,2.0,0.0,2.0,348.45,2.63,160.0,1008.16,
2014,7,2,20,20.99,46.99,0.0,0.0,0.0,347.65,2.64,158.0,1008.16,
2014,7,2,21,19.71,50.65,0.0,0.0,0.0,346.85,2.66,156.0,1008.16,
2014,7,2,22,19.51,52.8,0.0,0.0,0.0,348.58,2.56,172.0,1007.93,
2014,7,2,23,19.32,54.95,0.0,0.0,0.0,350.32,2.45,188.0,1007.7,
2014,7,3,0,19.13,57.1,0.0,0.0,0.0,352.05,2.34,203.0,1007.47,
2014,7,3,1,18.43,61.02,0.0,0.0,0.0,346.57,2.23,222.0,1007.7,
2014,7,3,2,17.73,64.94,0.0,0.0,0.0,341.08,2.11,240.0,1007.93,
2014,7,3,3,17.03,68.86,0.0,0.0,0.0,335.6,1.99,259.0,1008.16,
2014,7,3,4,17.84,67.29,2.0,0.0,2.0,336.8,2.63,279.0,1008.52,
2014,7,3,5,18.65,65.71,44.0,0.0,44.0,338.0,3.27,300.0,1008.88,
2014,7,3,6,19.46,64.14,97.0,0.0,97.0,339.2,3.92,320.0,1009.25,
2014,7,3,7,19.43,67.26,125.0,0.0,125.0,346.75,4.64,323.0,1009.81,
2014,7,3,8,19.4,70.38,73.0,0.0,73.0,354.3,5.36,327.0,1010.37,
2014,7,3,9,19.38,73.5,80.0,0.0,80.0,361.85,6.08,330.0,1010.93,
2014,7,3,10,19.8,68.09,120.0,0.0,120.0,360.13,5.92,335.0,1011.06,
2014,7,3,11,20.22,62.69,385.0,15.37,371.0,358.42,5.76,340.0,1011.19,
2014,7,3,12,20.63,57.28,698.0,307.75,418.0,356.7,5.6,346.0,1011.33,
2014,7,3,13,21.23,52.75,845.0,747.92,197.0,354.12,5.3,348.0,1011.66,
2014,7,3,14,21.83,48.22,772.0,799.22,146.0,351.53,5.0,350.0,1011.99,
2014,7,3,15,22.43,43.69,591.0,579.5,205.0,348.95,4.7,353.0,1012.32,
2014,7,3,16,21.64,45.08,268.0,68.85,232.0,345.28,3.78,1.0,1012.41,
2014,7,3,17,20.84,46.47,224.0,184.39,157.0,341.62,2.86,9.0,1012.51,
2014,7,3,18,20.04,47.86,121.0,226.76,76.0,337.95,1.94,17.0,1012.61,
2014,7,3,19,18.83,52.08,0.0,0.0,0.0,331.92,2.23,29.0,1012.94,
2014,7,3,20,17.63,56.3,0.0,0.0,0.0,325.88,2.51,40.0,1013.27,
2014,7,3,21,16.42,60.52,0.0,0.0,0.0,319.85,2.8,51.0,1013.6,
2014,7,3,22,15.78,64.34,0.0,0.0,0.0,317.2,2.17,53.0,1013.57,
2014,7,3,23,15.14,68.15,0.0,0.0,0.0,314.55,1.53,55.0,1013.54,
2014,7,4,0,14.51,71.97,0.0,0.0,0.0,311.9,0.9,57.0,1013.5,
2014,7,4,1,13.88,77.6,0.0,0.0,0.0,310.72,1.39,59.0,1013.54,
2014,7,4,2,13.25,83.24,0.0,0.0,0.0,309.53,1.88,61.0,1013.57,
2014,7,4,3,12.62,88.87,0.0,0.0,0.0,308.35,2.37,63.0,1013.6,
2014,7,4,4,14.8,80.75,2.0,0.0,2.0,309.07,2.23,63.0,1013.6,
2014,7,4,5,16.98,72.64,120.0,202.11,79.0,309.78,2.1,62.0,1013.6,
2014,7,4,6,19.16,64.52,312.0,584.42,97.0,310.5,1.96,62.0,1013.6,
2014,7,4,7,20.7,54.15,477.0,660.19,129.0,314.53,2.2,58.0,1013.31,
2014,7,4,8,22.24,43.78,638.0,736.14,145.0,318.57,2.45,55.0,1013.01,
2014,7,4,9,23.78,33.41,768.0,773.6,160.0,322.6,2.69,51.0,1012.71,
2014,7,4,10,24.36,31.61,868.0,818.08,158.0,324.92,2.74,50.0,1012.08,
2014,7,4,11,24.94,29.81,909.0,804.42,177.0,327.23,2.8,50.0,1011.46,
2014,7,4,12,25.52,28.01,917.0,832.49,160.0,329.55,2.86,49.0,1010.83,
2014,7,4,13,25.69,28.83,870.0,831.43,150.0,331.97,2.47,59.0,1010.2,
2014,7,4,14,25.85,29.66,780.0,826.41,133.0,334.38,2.08,68.0,1009.58,
2014,7,4,15,26.01,30.48,636.0,746.52,139.0,336.8,1.7,78.0,1008.95,
2014,7,4,16,24.72,34.15,467.0,633.48,136.0,335.17,1.94,85.0,1008.62,
2014,7,4,17,23.43,37.83,294.0,504.22,111.0,333.53,2.17,93.0,1008.29,
2014,7,4,18,22.14,41.5,119.0,217.27,76.0,331.9,2.41,100.0,1007.96,
2014,7,4,19,20.75,45.42,0.0,0.0,0.0,328.87,2.48,105.0,1007.96,
2014,7,4,20,19.37,49.34,0.0,0.0,0.0,325.83,2.54,111.0,1007.96,
2014,7,4,21,17.98,53.26,0.0,0.0,0.0,322.8,2.61,116.0,1007.96,
2014,7,4,22,17.63,55.19,0.0,0.0,0.0,320.35,2.46,118.0,1007.5,
2014,7,4,23,17.29,57.13,0.0,0.0,0.0,317.9,2.32,121.0,1007.04,
2014,7,5,0,16.95,59.06,0.0,0.0,0.0,315.45,2.18,123.0,1006.57,
2014,7,5,1,16.56,62.56,0.0,0.0,0.0,315.67,2.18,129.0,1006.18,
2014,7,5,2,16.17,66.07,0.0,0.0,0.0,315.88,2.19,135.0,1005.78,
2014,7,5,3,15.78,69.57,0.0,0.0,0.0,316.1,2.19,141.0,1005.39,
2014,7,5,4,17.55,65.05,2.0,0.0,2.0,318.33,2.44,143.0,1005.25,
2014,7,5,5,19.31,60.52,89.0,64.59,76.0,320.57,2.69,145.0,1005.12,
2014,7,5,6,21.08,56.0,272.0,368.44,137.0,322.8,2.94,148.0,1004.99,
2014,7,5,7,22.79,50.42,447.0,530.64,168.0,331.33,3.4,149.0,1004.46,
2014,7,5,8,24.51,44.85,611.0,637.22,185.0,339.87,3.87,151.0,1003.93,
2014,7,5,9,26.23,39.27,744.0,694.33,199.0,348.4,4.33,153.0,1003.41,
2014,7,5,10,27.09,36.34,846.0,748.52,197.0,354.37,3.98,154.0,1002.65,
2014,7,5,11,27.95,33.41,894.0,762.15,201.0,360.33,3.62,154.0,1001.89,
2014,7,5,12,28.81,30.48,763.0,432.46,370.0,366.3,3.27,155.0,1001.13,
2014,7,5,13,28.91,30.64,316.0,4.62,312.0,367.87,2.9,157.0,1000.9,
2014,7,5,14,29.01,30.79,528.0,194.25,376.0,369.43,2.52,160.0,1000.67,
2014,7,5,15,29.11,30.95,369.0,88.68,310.0,371.0,2.15,162.0,1000.44,
2014,7,5,16,27.81,34.92,356.0,235.6,233.0,369.32,2.12,158.0,1000.4,
2014,7,5,17,26.5,38.89,87.0,0.0,87.0,367.63,2.09,154.0,1000.37,
2014,7,5,18,25.19,42.86,110.0,162.2,78.0,365.95,2.06,151.0,1000.34,
2014,7,5,19,23.98,47.04,0.0,0.0,0.0,366.82,2.1,148.0,1000.6,
2014,7,5,20,22.76,51.22,0.0,0.0,0.0,367.68,2.14,145.0,1000.87,
2014,7,5,21,21.55,55.4,0.0,0.0,0.0,368.55,2.18,143.0,1001.13,
2014,7,5,22,21.12,58.43,0.0,0.0,0.0,367.75,1.95,143.0,1001.06,
2014,7,5,23,20.7,61.47,0.0,0.0,0.0,366.95,1.73,144.0,1001.0,
2014,7,6,0,20.28,64.5,0.0,0.0,0.0,366.15,1.5,145.0,1000.93,
2014,7,6,1,19.55,69.17,0.0,0.0,0.0,363.3,1.54,136.0,1001.33,
2014,7,6,2,18.82,73.84,0.0,0.0,0.0,360.45,1.58,127.0,1001.72,
2014,7,6,3,18.1,78.51,0.0,0.0,0.0,357.6,1.61,118.0,1002.12,
2014,7,6,4,19.7,73.96,2.0,0.0,2.0,358.62,1.37,121.0,1002.35,
2014,7,6,5,21.3,69.42,25.0,0.0,25.0,359.63,1.13,123.0,1002.58,
2014,7,6,6,22.91,64.87,233.0,211.03,156.0,360.65,0.88,126.0,1002.81,
2014,7,6,7,24.7,57.19,341.0,194.51,239.0,366.0,1.04,125.0,1002.81,
2014,7,6,8,26.49,49.52,622.0,684.84,165.0,371.35,1.2,124.0,1002.81,
2014,7,6,9,28.29,41.84,758.0,746.3,173.0,376.7,1.37,123.0,1002.81,
2014,7,6,10,28.71,39.6,862.0,803.56,166.0,382.6,1.41,147.0,1002.65,
2014,7,6,11,29.14,37.36,894.0,761.67,202.0,388.5,1.45,170.0,1002.48,
2014,7,6,12,29.56,35.12,907.0,803.85,177.0,394.4,1.49,194.0,1002.32,
2014,7,6,13,29.35,35.11,856.0,788.47,174.0,397.73,1.64,208.0,1002.28,
2014,7,6,14,29.14,35.11,771.0,797.96,147.0,401.07,1.79,222.0,1002.25,
2014,7,6,15,28.92,35.1,626.0,708.42,155.0,404.4,1.94,235.0,1002.22,
2014,7,6,16,28.11,39.78,461.0,611.64,142.0,405.4,1.57,214.0,1002.38,
2014,7,6,17,27.29,44.47,290.0,486.43,114.0,406.4,1.2,192.0,1002.55,
2014,7,6,18,26.47,49.15,120.0,228.93,75.0,407.4,0.83,171.0,1002.71,
2014,7,6,19,25.48,50.68,0.0,0.0,0.0,404.25,1.22,163.0,1003.08,
2014,7,6,20,24.5,52.2,0.0,0.0,0.0,401.1,1.62,155.0,1003.44,
2014,7,6,21,23.51,53.73,0.0,0.0,0.0,397.95,2.01,148.0,1003.8,
2014,7,6,22,23.14,56.33,0.0,0.0,0.0,395.22,1.98,152.0,1003.7,
2014,7,6,23,22.77,58.93,0.0,0.0,0.0,392.48,1.94,157.0,1003.6,
2014,7,7,0,22.41,61.53,0.0,0.0,0.0,389.75,1.9,162.0,1003.51,
2014,7,7,1,21.44,68.3,0.0,0.0,0.0,383.63,1.91,163.0,1003.77,
2014,7,7,2,20.48,75.06,0.0,0.0,0.0,377.52,1.92,163.0,1004.03,
2014,7,7,3,19.52,81.83,0.0,0.0,0.0,371.4,1.93,164.0,1004.3,
2014,7,7,4,21.33,76.1,0.0,0.0,0.0,372.43,1.83,154.0,1004.53,
2014,7,7,5,23.13,70.38,75.0,30.32,69.0,373.47,1.74,144.0,1004.76,
2014,7,7,6,24.94,64.65,255.0,302.79,145.0,374.5,1.64,134.0,1004.99,
2014,7,7,7,26.0,59.54,447.0,539.25,165.0,379.02,1.39,128.0,1005.02,
2014,7,7,8,27.06,54.44,614.0,660.63,174.0,383.53,1.14,122.0,1005.06,
2014,7,7,9,28.13,49.33,753.0,732.02,180.0,388.05,0.88,116.0,1005.09,
2014,7,7,10,28.34,48.52,800.0,620.66,263.0,393.18,0.78,130.0,1004.86,
2014,7,7,11,28.55,47.72,860.0,669.8,252.0,398.32,0.67,144.0,1004.63,
2014,7,7,12,28.75,46.91,827.0,584.05,297.0,403.45,0.57,158.0,1004.4,
2014,7,7,13,29.12,44.38,812.0,657.12,244.0,405.7,0.69,182.0,1004.2,
2014,7,7,14,29.49,41.84,728.0,655.2,216.0,407.95,0.81,206.0,1004.0,
2014,7,7,15,29.85,39.31,609.0,647.29,179.0,410.2,0.94,230.0,1003.8,
2014,7,7,16,28.74,43.34,451.0,568.2,155.0,405.15,0.99,197.0,1003.84,
2014,7,7,17,27.63,47.37,278.0,418.13,127.0,400.1,1.05,164.0,1003.87,
2014,7,7,18,26.51,51.4,134.0,337.16,68.0,395.05,1.1,131.0,1003.9,
2014,7,7,19,25.29,55.86,0.0,0.0,0.0,389.53,1.49,139.0,1004.0,
2014,7,7,20,24.06,60.32,0.0,0.0,0.0,384.02,1.87,147.0,1004.1,
2014,7,7,21,22.84,64.78,0.0,0.0,0.0,378.5,2.25,156.0,1004.2,
2014,7,7,22,22.39,68.44,0.0,0.0,0.0,375.72,2.2,156.0,1003.87,
2014,7,7,23,21.94,72.11,0.0,0.0,0.0,372.93,2.16,155.0,1003.54,
2014,7,8,0,21.49,75.77,0.0,0.0,0.0,370.15,2.11,155.0,1003.21,
2014,7,8,1,21.48,78.8,0.0,0.0,0.0,372.7,2.06,145.0,1002.78,
2014,7,8,2,21.47,81.84,0.0,0.0,0.0,375.25,2.0,135.0,1002.35,
2014,7,8,3,21.46,84.87,0.0,0.0,0.0,377.8,1.94,125.0,1001.92,
2014,7,8,4,23.09,79.44,0.0,0.0,0.0,379.83,2.21,128.0,1001.62,
2014,7,8,5,24.72,74.01,63.0,10.2,61.0,381.87,2.47,130.0,1001.33,
2014,7,8,6,26.36,68.58,240.0,243.34,152.0,383.9,2.73,133.0,1001.03,
2014,7,8,7,26.56,69.49,443.0,529.29,167.0,390.2,3.15,143.0,1000.5,
2014,7,8,8,26.77,70.41,607.0,636.37,184.0,396.5,3.57,152.0,999.98,
2014,7,8,9,26.98,71.32,678.0,507.92,281.0,402.8,3.99,162.0,999.45,
2014,7,8,10,26.72,73.38,706.0,396.89,363.0,404.83,4.0,167.0,998.82,
2014,7,8,11,26.47,75.43,775.0,463.12,355.0,406.87,4.0,171.0,998.19,
2014,7,8,12,26.21,77.49,82.0,0.0,82.0,408.9,4.01,176.0,997.57,
2014,7,8,13,25.95,73.99,77.0,0.0,77.0,408.92,4.06,181.0,997.37,
2014,7,8,14,25.69,70.49,69.0,0.0,69.0,408.93,4.11,186.0,997.17,
2014,7,8,15,25.42,66.99,56.0,0.0,56.0,408.95,4.17,190.0,996.97,
2014,7,8,16,25.07,67.48,42.0,0.0,42.0,404.78,3.77,175.0,996.54,
2014,7,8,17,24.71,67.96,27.0,0.0,27.0,400.62,3.37,160.0,996.11,
2014,7,8,18,24.35,68.45,24.0,0.0,24.0,396.45,2.98,145.0,995.69,
2014,7,8,19,23.74,70.42,0.0,0.0,0.0,395.28,3.1,146.0,995.52,
2014,7,8,20,23.12,72.4,0.0,0.0,0.0,394.12,3.23,147.0,995.36,
2014,7,8,21,22.51,74.37,0.0,0.0,0.0,392.95,3.35,147.0,995.19,
2014,7,8,22,22.14,77.0,0.0,0.0,0.0,391.3,2.93,152.0,994.73,
2014,7,8,23,21.77,79.63,0.0,0.0,0.0,389.65,2.51,156.0,994.27,
2014,7,9,0,21.4,82.26,0.0,0.0,0.0,388.0,2.08,161.0,993.81,
2014,7,9,1,20.6,85.41,0.0,0.0,0.0,382.92,2.04,161.0,993.97,
2014,7,9,2,19.8,88.56,0.0,0.0,0.0,377.83,1.99,162.0,994.14,
2014,7,9,3,19.0,91.71,0.0,0.0,0.0,372.75,1.94,162.0,994.3,
2014,7,9,4,19.82,90.6,0.0,0.0,0.0,371.53,2.16,163.0,994.3,
2014,7,9,5,20.64,89.48,118.0,226.47,74.0,370.32,2.37,164.0,994.3,
2014,7,9,6,21.47,88.37,284.0,458.43,119.0,369.1,2.58,164.0,994.3,
2014,7,9,7,22.18,83.26,453.0,578.94,152.0,372.08,2.49,179.0,994.14,
2014,7,9,8,22.89,78.15,486.0,284.92,297.0,375.07,2.4,194.0,993.97,
2014,7,9,9,23.6,73.04,665.0,476.67,293.0,378.05,2.3,209.0,993.81,
2014,7,9,10,24.15,68.18,77.0,0.0,77.0,380.42,2.51,216.0,993.54,
2014,7,9,11,24.7,63.32,90.0,0.0,90.0,382.78,2.72,223.0,993.28,
2014,7,9,12,25.25,58.46,126.0,0.0,126.0,385.15,2.92,230.0,993.01,
2014,7,9,13,23.95,65.73,598.0,208.57,418.0,384.15,2.97,237.0,993.64,
2014,7,9,14,22.65,73.01,174.0,0.0,174.0,383.15,3.02,245.0,994.27,
2014,7,9,15,21.35,80.28,505.0,331.84,285.0,382.15,3.06,253.0,994.89,
2014,7,9,16,20.68,82.31,354.0,234.84,232.0,374.83,2.69,250.0,995.09,
2014,7,9,17,20.01,84.35,27.0,0.0,27.0,367.52,2.33,247.0,995.29,
2014,7,9,18,19.34,86.38,118.0,226.99,74.0,360.2,1.96,244.0,995.49,
2014,7,9,19,18.66,87.44,0.0,0.0,0.0,356.05,1.92,235.0,995.62,
2014,7,9,20,17.97,88.5,0.0,0.0,0.0,351.9,1.88,226.0,995.75,
2014,7,9,21,17.29,89.56,0.0,0.0,0.0,347.75,1.83,217.0,995.88,
2014,7,9,22,16.98,90.59,0.0,0.0,0.0,342.97,1.79,219.0,995.69,
2014,7,9,23,16.68,91.62,0.0,0.0,0.0,338.18,1.75,221.0,995.49,
2014,7,10,0,16.38,92.65,0.0,0.0,0.0,333.4,1.71,224.0,995.29,
2014,7,10,1,15.57,93.85,0.0,0.0,0.0,329.98,1.75,233.0,995.78,
2014,7,10,2,14.76,95.04,0.0,0.0,0.0,326.57,1.79,242.0,996.28,
2014,7,10,3,13.96,96.24,0.0,0.0,0.0,323.15,1.83,252.0,996.77,
2014,7,10,4,15.5,92.74,0.0,0.0,0.0,328.9,1.35,282.0,996.71,
2014,7,10,5,17.04,89.23,112.0,192.33,75.0,334.65,0.86,313.0,996.64,
2014,7,10,6,18.58,85.73,304.0,586.32,94.0,340.4,0.37,344.0,996.58,
2014,7,10,7,20.32,74.26,473.0,677.19,122.0,347.6,0.6,15.0,996.25,
2014,7,10,8,22.07,62.78,635.0,758.4,133.0,354.8,0.82,46.0,995.92,
2014,7,10,9,23.82,51.31,753.0,744.37,173.0,362.0,1.05,77.0,995.59,
2014,7,10,10,24.43,46.89,818.0,682.04,230.0,367.72,1.32,105.0,994.99,
2014,7,10,11,25.04,42.46,913.0,830.87,161.0,373.43,1.6,134.0,994.4,
2014,7,10,12,25.64,38.04,904.0,803.21,177.0,379.15,1.88,163.0,993.81,
2014,7,10,13,25.54,40.25,840.0,746.88,196.0,382.35,2.05,144.0,993.71,
2014,7,10,14,25.44,42.46,722.0,642.8,221.0,385.55,2.22,126.0,993.61,
2014,7,10,15,25.34,44.67,623.0,708.24,154.0,388.75,2.39,108.0,993.51,
2014,7,10,16,23.89,55.15,285.0,96.4,235.0,388.62,2.19,104.0,993.51,
2014,7,10,17,22.44,65.62,199.0,119.94,156.0,388.48,2.0,101.0,993.51,
2014,7,10,18,20.99,76.1,59.0,10.38,57.0,388.35,1.81,97.0,993.51,
2014,7,10,19,20.23,77.06,0.0,0.0,0.0,384.57,1.74,157.0,993.48,
2014,7,10,20,19.46,78.03,0.0,0.0,0.0,380.78,1.68,217.0,993.44,
2014,7,10,21,18.7,78.99,0.0,0.0,0.0,377.0,1.61,277.0,993.41,
2014,7,10,22,18.29,84.29,0.0,0.0,0.0,377.18,1.29,285.0,993.05,
2014,7,10,23,17.88,89.58,0.0,0.0,0.0,377.37,0.97,294.0,992.68,
2014,7,11,0,17.48,94.88,0.0,0.0,0.0,377.55,0.65,302.0,992.32,
2014,7,11,1,16.96,96.17,0.0,0.0,0.0,378.05,1.09,283.0,992.39,
2014,7,11,2,16.45,97.45,0.0,0.0,0.0,378.55,1.52,265.0,992.45,
2014,7,11,3,15.94,98.74,0.0,0.0,0.0,379.05,1.96,247.0,992.52,
2014,7,11,4,16.06,98.59,0.0,0.0,0.0,381.98,2.54,248.0,992.42,
2014,7,11,5,16.18,98.43,54.0,5.25,53.0,384.92,3.12,250.0,992.32,
2014,7,11,6,16.31,98.28,85.0,0.0,85.0,387.85,3.7,252.0,992.22,
2014,7,11,7,16.94,97.47,42.0,0.0,42.0,384.67,3.64,248.0,992.19,
2014,7,11,8,17.58,96.65,96.0,0.0,96.0,381.48,3.59,245.0,992.16,
2014,7,11,9,18.22,95.84,98.0,0.0,98.0,378.3,3.53,242.0,992.12,
2014,7,11,10,18.23,92.53,89.0,0.0,89.0,375.0,4.02,242.0,991.76,
2014,7,11,11,18.24,89.23,107.0,0.0,107.0,371.7,4.51,241.0,991.4,
2014,7,11,12,18.25,85.92,149.0,0.0,149.0,368.4,4.99,241.0,991.03,
2014,7,11,13,17.61,88.7,249.0,0.0,249.0,368.93,4.69,238.0,991.43,
2014,7,11,14,16.97,91.49,361.0,32.11,336.0,369.47,4.39,235.0,991.83,
2014,7,11,15,16.33,94.27,280.0,21.17,266.0,370.0,4.08,232.0,992.22,
2014,7,11,16,16.02,95.82,226.0,28.97,211.0,371.1,3.62,222.0,992.22,
2014,7,11,17,15.7,97.37,80.0,0.0,80.0,372.2,3.15,213.0,992.22,
2014,7,11,18,15.38,98.92,17.0,0.0,17.0,373.3,2.69,203.0,992.22,
2014,7,11,19,15.29,99.08,0.0,0.0,0.0,374.1,3.29,196.0,992.32,
2014,7,11,20,15.21,99.24,0.0,0.0,0.0,374.9,3.89,190.0,992.42,
2014,7,11,21,15.12,99.4,0.0,0.0,0.0,375.7,4.48,184.0,992.52,
2014,7,11,22,15.32,99.36,0.0,0.0,0.0,379.4,3.82,186.0,992.29,
2014,7,11,23,15.53,99.31,0.0,0.0,0.0,383.1,3.16,189.0,992.06,
2014,7,12,0,15.74,99.27,0.0,0.0,0.0,386.8,2.5,191.0,991.83,
2014,7,12,1,15.65,99.14,0.0,0.0,0.0,386.28,2.74,217.0,992.22,
2014,7,12,2,15.56,99.01,0.0,0.0,0.0,385.77,2.99,242.0,992.62,
2014,7,12,3,15.48,98.88,0.0,0.0,0.0,385.25,3.24,267.0,993.01,
2014,7,12,4,15.75,97.75,0.0,0.0,0.0,387.37,2.96,278.0,993.38,
2014,7,12,5,16.01,96.61,12.0,0.0,12.0,389.48,2.67,288.0,993.74,
2014,7,12,6,16.28,95.48,28.0,0.0,28.0,391.6,2.39,299.0,994.1,
2014,7,12,7,16.95,93.22,187.0,9.71,182.0,388.12,2.21,303.0,994.6,
2014,7,12,8,17.62,90.95,167.0,0.0,167.0,384.63,2.03,307.0,995.09,
2014,7,12,9,18.3,88.69,344.0,23.18,326.0,381.15,1.85,310.0,995.59,
2014,7,12,10,18.81,85.03,488.0,86.06,414.0,375.4,2.29,312.0,995.82,
2014,7,12,11,19.32,81.36,645.0,232.54,435.0,369.65,2.74,313.0,996.05,
2014,7,12,12,19.82,77.7,678.0,283.41,422.0,363.9,3.19,315.0,996.28,
2014,7,12,13,20.58,72.07,698.0,386.96,365.0,365.12,2.82,312.0,996.64,
2014,7,12,14,21.34,66.43,728.0,667.34,209.0,366.33,2.46,310.0,997.01,
2014,7,12,15,22.09,60.8,86.0,0.0,86.0,367.55,2.1,308.0,997.37,
2014,7,12,16,21.09,65.62,137.0,0.0,137.0,364.1,1.78,313.0,997.73,
2014,7,12,17,20.09,70.43,273.0,415.34,125.0,360.65,1.46,317.0,998.09,
2014,7,12,18,19.08,75.25,100.0,131.42,75.0,357.2,1.14,322.0,998.46,
2014,7,12,19,18.53,75.62,0.0,0.0,0.0,349.95,1.48,289.0,998.99,
2014,7,12,20,17.97,76.0,0.0,0.0,0.0,342.7,1.81,255.0,999.51,
2014,7,12,21,17.42,76.37,0.0,0.0,0.0,335.45,2.14,222.0,1000.04,
2014,7,12,22,16.59,80.53,0.0,0.0,0.0,332.85,2.15,213.0,1000.04,
2014,7,12,23,15.76,84.68,0.0,0.0,0.0,330.25,2.17,205.0,1000.04,
2014,7,13,0,14.93,88.84,0.0,0.0,0.0,327.65,2.18,196.0,1000.04,
2014,7,13,1,14.83,88.06,0.0,0.0,0.0,328.35,2.1,196.0,1000.34,
2014,7,13,2,14.73,87.27,0.0,0.0,0.0,329.05,2.01,196.0,1000.64,
2014,7,13,3,14.63,86.49,0.0,0.0,0.0,329.75,1.93,195.0,1000.93,
2014,7,13,4,16.32,82.2,0.0,0.0,0.0,333.4,1.75,197.0,1001.16,
2014,7,13,5,18.01,77.9,86.0,75.15,72.0,337.05,1.56,199.0,1001.39,
2014,7,13,6,19.71,73.61,183.0,90.77,151.0,340.7,1.38,201.0,1001.62,
2014,7,13,7,20.84,71.67,460.0,641.04,131.0,345.38,1.43,206.0,1001.69,
2014,7,13,8,21.97,69.74,630.0,756.02,133.0,350.07,1.47,211.0,1001.76,
2014,7,13,9,23.11,67.8,764.0,795.93,147.0,354.75,1.52,216.0,1001.82,
2014,7,13,10,23.26,65.34,867.0,843.22,143.0,361.43,1.81,218.0,1001.86,
2014,7,13,11,23.41,62.88,877.0,732.84,216.0,368.12,2.1,221.0,1001.89,
2014,7,13,12,23.56,60.42,827.0,595.14,290.0,374.8,2.39,223.0,1001.92,
2014,7,13,13,24.11,57.15,451.0,59.33,400.0,376.57,2.05,222.0,1001.76,
2014,7,13,14,24.66,53.89,295.0,7.72,289.0,378.33,1.71,222.0,1001.59,
2014,7,13,15,25.2,50.62,349.0,71.27,302.0,380.1,1.38,222.0,1001.43,
2014,7,13,16,24.58,53.29,382.0,323.89,215.0,376.35,1.49,175.0,1001.39,
2014,7,13,17,23.95,55.96,224.0,202.76,152.0,372.6,1.61,129.0,1001.36,
2014,7,13,18,23.32,58.63,129.0,344.21,64.0,368.85,1.72,83.0,1001.33,
2014,7,13,19,21.7,65.19,0.0,0.0,0.0,364.23,1.93,80.0,1001.53,
2014,7,13,20,20.07,71.74,0.0,0.0,0.0,359.62,2.13,78.0,1001.72,
2014,7,13,21,18.45,78.3,0.0,0.0,0.0,355.0,2.33,75.0,1001.92,
2014,7,13,22,18.1,79.78,0.0,0.0,0.0,355.1,2.06,77.0,1001.72,
2014,7,13,23,17.75,81.25,0.0,0.0,0.0,355.2,1.8,79.0,1001.53,
2014,7,14,0,17.4,82.73,0.0,0.0,0.0,355.3,1.53,81.0,1001.33,
2014,7,14,1,17.13,86.18,0.0,0.0,0.0,356.03,1.53,81.0,1001.56,
2014,7,14,2,16.87,89.64,0.0,0.0,0.0,356.77,1.52,80.0,1001.79,
2014,7,14,3,16.61,93.09,0.0,0.0,0.0,357.5,1.52,80.0,1002.02,
2014,7,14,4,18.19,88.38,0.0,0.0,0.0,357.07,1.39,66.0,1002.12,
2014,7,14,5,19.76,83.66,68.0,27.15,63.0,356.63,1.26,53.0,1002.22,
2014,7,14,6,21.34,78.95,241.0,282.4,142.0,356.2,1.13,40.0,1002.32,
2014,7,14,7,22.17,74.61,414.0,447.75,185.0,360.2,1.02,78.0,1002.35,
2014,7,14,8,23.0,70.26,441.0,204.33,307.0,364.2,0.9,116.0,1002.38,
2014,7,14,9,23.84,65.92,490.0,148.62,375.0,368.2,0.79,154.0,1002.42,
2014,7,14,10,23.37,69.45,805.0,655.5,243.0,370.6,0.73,156.0,1002.38,
2014,7,14,11,22.9,72.98,908.0,830.34,160.0,373.0,0.68,158.0,1002.35,
2014,7,14,12,22.43,76.51,913.0,844.37,152.0,375.4,0.62,159.0,1002.32,
2014,7,14,13,23.03,71.13,854.0,801.31,166.0,376.48,0.49,125.0,1002.28,
2014,7,14,14,23.62,65.75,695.0,572.35,251.0,377.57,0.36,90.0,1002.25,
2014,7,14,15,24.21,60.37,427.0,176.2,311.0,378.65,0.23,56.0,1002.22,
2014,7,14,16,23.05,68.2,227.0,31.1,211.0,375.75,0.4,53.0,1002.35,
2014,7,14,17,21.89,76.02,26.0,0.0,26.0,372.85,0.57,51.0,1002.48,
2014,7,14,18,20.72,83.85,41.0,0.0,41.0,369.95,0.73,48.0,1002.61,
2014,7,14,19,19.67,86.99,0.0,0.0,0.0,365.45,0.86,46.0,1002.85,
2014,7,14,20,18.63,90.14,0.0,0.0,0.0,360.95,0.98,44.0,1003.08,
2014,7,14,21,17.58,93.28,0.0,0.0,0.0,356.45,1.1,42.0,1003.31,
2014,7,14,22,17.4,94.21,0.0,0.0,0.0,354.0,1.31,38.0,1003.27,
2014,7,14,23,17.22,95.13,0.0,0.0,0.0,351.55,1.51,34.0,1003.24,
2014,7,15,0,17.05,96.06,0.0,0.0,0.0,349.1,1.71,30.0,1003.21,
2014,7,15,1,16.98,95.61,0.0,0.0,0.0,351.57,1.66,28.0,1003.47,
2014,7,15,2,16.91,95.16,0.0,0.0,0.0,354.03,1.6,26.0,1003.74,
2014,7,15,3,16.85,94.71,0.0,0.0,0.0,356.5,1.54,25.0,1004.0,
2014,7,15,4,18.18,92.25,0.0,0.0,0.0,357.65,1.6,27.0,1004.17,
2014,7,15,5,19.51,89.79,86.0,87.94,70.0,358.8,1.65,29.0,1004.33,
2014,7,15,6,20.85,87.33,276.0,467.66,113.0,359.95,1.7,31.0,1004.5,
2014,7,15,7,22.0,81.2,440.0,563.18,153.0,364.93,1.86,36.0,1004.3,
2014,7,15,8,23.16,75.07,614.0,704.74,153.0,369.92,2.02,42.0,1004.1,
2014,7,15,9,24.32,68.94,665.0,495.91,282.0,374.9,2.18,47.0,1003.9,
2014,7,15,10,24.12,70.99,838.0,759.3,188.0,377.97,2.55,44.0,1003.84,
2014,7,15,11,23.92,73.05,879.0,745.84,208.0,381.03,2.92,40.0,1003.77,
2014,7,15,12,23.71,75.1,880.0,746.53,208.0,384.1,3.3,37.0,1003.7,
2014,7,15,13,24.68,67.31,848.0,787.15,173.0,383.17,2.91,32.0,1003.57,
2014,7,15,14,25.65,59.52,771.0,824.88,132.0,382.23,2.52,27.0,1003.44,
2014,7,15,15,26.62,51.73,605.0,657.33,173.0,381.3,2.14,22.0,1003.31,
2014,7,15,16,25.65,54.3,470.0,685.93,118.0,379.7,2.03,14.0,1003.47,
2014,7,15,17,24.68,56.86,301.0,604.48,88.0,378.1,1.93,5.0,1003.64,
2014,7,15,18,23.7,59.43,114.0,231.49,71.0,376.5,1.82,357.0,1003.8,
2014,7,15,19,22.92,60.31,0.0,0.0,0.0,373.52,1.96,360.0,1004.07,
2014,7,15,20,22.14,61.19,0.0,0.0,0.0,370.53,2.11,2.0,1004.33,
2014,7,15,21,21.36,62.07,0.0,0.0,0.0,367.55,2.25,4.0,1004.59,
2014,7,15,22,20.99,62.85,0.0,0.0,0.0,364.07,2.24,8.0,1004.43,
2014,7,15,23,20.62,63.63,0.0,0.0,0.0,360.58,2.24,12.0,1004.26,
2014,7,16,0,20.26,64.41,0.0,0.0,0.0,357.1,2.23,16.0,1004.1,
2014,7,16,1,19.67,67.46,0.0,0.0,0.0,354.17,2.21,21.0,1004.13,
2014,7,16,2,19.09,70.52,0.0,0.0,0.0,351.23,2.18,26.0,1004.17,
2014,7,16,3,18.51,73.57,0.0,0.0,0.0,348.3,2.15,30.0,1004.2,
2014,7,16,4,19.78,71.8,0.0,0.0,0.0,348.72,2.07,32.0,1004.36,
2014,7,16,5,21.05,70.02,86.0,89.05,70.0,349.13,2.0,33.0,1004.53,
2014,7,16,6,22.33,68.25,274.0,464.69,113.0,349.55,1.92,34.0,1004.69,
2014,7,16,7,23.56,66.43,450.0,614.51,138.0,357.02,2.09,31.0,1004.46,
2014,7,16,8,24.79,64.61,622.0,741.81,138.0,364.48,2.26,29.0,1004.23,
2014,7,16,9,26.02,62.79,755.0,781.0,153.0,371.95,2.43,26.0,1004.0,
2014,7,16,10,26.4,58.21,862.0,842.4,142.0,375.93,2.75,28.0,1003.9,
2014,7,16,11,26.78,53.63,906.0,829.22,161.0,379.92,3.08,29.0,1003.8,
2014,7,16,12,27.16,49.05,915.0,858.72,143.0,383.9,3.41,31.0,1003.7,
2014,7,16,13,27.18,49.55,843.0,773.0,181.0,386.73,2.59,40.0,1003.74,
2014,7,16,14,27.2,50.05,747.0,743.37,172.0,389.57,1.78,50.0,1003.77,
2014,7,16,15,27.21,50.55,626.0,743.93,138.0,392.4,0.97,60.0,1003.8,
2014,7,16,16,26.01,56.53,466.0,674.07,121.0,388.97,0.94,57.0,1004.03,
2014,7,16,17,24.81,62.5,286.0,513.03,106.0,385.53,0.92,54.0,1004.26,
2014,7,16,18,23.61,68.48,110.0,211.88,71.0,382.1,0.9,50.0,1004.5,
2014,7,16,19,22.61,72.05,0.0,0.0,0.0,377.65,1.38,46.0,1004.76,
2014,7,16,20,21.6,75.63,0.0,0.0,0.0,373.2,1.87,41.0,1005.02,
2014,7,16,21,20.6,79.2,0.0,0.0,0.0,368.75,2.36,37.0,1005.29,
2014,7,16,22,20.28,80.71,0.0,0.0,0.0,365.2,2.13,33.0,1005.16,
2014,7,16,23,19.96,82.22,0.0,0.0,0.0,361.65,1.9,29.0,1005.02,
2014,7,17,0,19.65,83.73,0.0,0.0,0.0,358.1,1.67,25.0,1004.89,
2014,7,17,1,19.19,83.83,0.0,0.0,0.0,354.73,1.77,22.0,1004.89,
2014,7,17,2,18.74,83.94,0.0,0.0,0.0,351.37,1.87,19.0,1004.89,
2014,7,17,3,18.29,84.04,0.0,0.0,0.0,348.0,1.97,16.0,1004.89,
2014,7,17,4,19.71,80.31,0.0,0.0,0.0,349.35,2.34,17.0,1005.12,
2014,7,17,5,21.13,76.59,86.0,95.85,69.0,350.7,2.71,19.0,1005.35,
2014,7,17,6,22.56,72.86,275.0,482.08,109.0,352.05,3.08,20.0,1005.58,
2014,7,17,7,23.54,68.99,445.0,603.01,140.0,358.42,3.34,23.0,1005.35,
2014,7,17,8,24.53,65.12,607.0,689.99,158.0,364.78,3.61,26.0,1005.12,
2014,7,17,9,25.52,61.25,746.0,753.97,166.0,371.15,3.88,29.0,1004.89,
2014,7,17,10,25.53,61.19,856.0,827.37,150.0,375.82,3.87,28.0,1004.59,
2014,7,17,11,25.54,61.12,904.0,829.29,160.0,380.48,3.86,26.0,1004.3,
2014,7,17,12,25.54,61.06,864.0,706.17,230.0,385.15,3.85,25.0,1004.0,
2014,7,17,13,25.64,57.46,833.0,746.02,195.0,389.32,3.47,23.0,1004.1,
2014,7,17,14,25.73,53.86,757.0,782.1,153.0,393.48,3.09,21.0,1004.2,
2014,7,17,15,25.82,50.26,609.0,681.26,163.0,397.65,2.72,19.0,1004.3,
2014,7,17,16,24.8,54.48,425.0,493.75,173.0,396.58,2.74,18.0,1004.4,
2014,7,17,17,23.78,58.69,242.0,289.18,141.0,395.52,2.76,17.0,1004.5,
2014,7,17,18,22.75,62.91,95.0,126.18,72.0,394.45,2.79,15.0,1004.59,
2014,7,17,19,22.1,66.0,0.0,0.0,0.0,390.02,2.71,14.0,1004.63,
2014,7,17,20,21.45,69.08,0.0,0.0,0.0,385.58,2.64,13.0,1004.66,
2014,7,17,21,20.8,72.17,0.0,0.0,0.0,381.15,2.57,12.0,1004.69,
2014,7,17,22,20.46,75.11,0.0,0.0,0.0,375.43,2.49,13.0,1004.63,
2014,7,17,23,20.12,78.06,0.0,0.0,0.0,369.72,2.42,13.0,1004.56,
2014,7,18,0,19.78,81.0,0.0,0.0,0.0,364.0,2.34,13.0,1004.5,
2014,7,18,1,19.28,83.28,0.0,0.0,0.0,362.37,2.31,12.0,1004.5,
2014,7,18,2,18.78,85.57,0.0,0.0,0.0,360.73,2.28,10.0,1004.5,
2014,7,18,3,18.29,87.85,0.0,0.0,0.0,359.1,2.25,9.0,1004.5,
2014,7,18,4,19.51,84.14,0.0,0.0,0.0,359.77,2.54,10.0,1004.56,
2014,7,18,5,20.72,80.43,118.0,331.44,60.0,360.43,2.84,11.0,1004.63,
2014,7,18,6,21.94,76.72,67.0,0.0,67.0,361.1,3.13,12.0,1004.69,
2014,7,18,7,23.01,73.14,337.0,220.31,226.0,367.12,3.22,18.0,1004.43,
2014,7,18,8,24.08,69.57,102.0,0.0,102.0,373.13,3.31,23.0,1004.17,
2014,7,18,9,25.16,65.99,501.0,170.65,370.0,379.15,3.41,28.0,1003.9,
2014,7,18,10,25.07,66.92,616.0,247.69,405.0,384.23,3.58,25.0,1003.7,
2014,7,18,11,24.98,67.85,889.0,786.98,184.0,389.32,3.75,23.0,1003.51,
2014,7,18,12,24.88,68.78,904.0,828.75,161.0,394.4,3.92,20.0,1003.31,
2014,7,18,13,25.48,64.01,845.0,785.76,174.0,392.12,4.22,21.0,1003.44,
2014,7,18,14,26.07,59.25,756.0,782.12,153.0,389.83,4.52,22.0,1003.57,
2014,7,18,15,26.66,54.48,611.0,691.9,159.0,387.55,4.83,24.0,1003.7,
2014,7,18,16,25.67,58.17,355.0,259.4,223.0,385.87,4.17,20.0,1004.0,
2014,7,18,17,24.68,61.87,158.0,48.91,141.0,384.18,3.52,16.0,1004.3,
2014,7,18,18,23.68,65.56,70.0,33.26,64.0,382.5,2.87,13.0,1004.59,
2014,7,18,19,22.89,68.35,0.0,0.0,0.0,378.48,2.97,16.0,1004.76,
2014,7,18,20,22.1,71.13,0.0,0.0,0.0,374.47,3.06,20.0,1004.92,
2014,7,18,21,21.31,73.92,0.0,0.0,0.0,370.45,3.16,24.0,1005.09,
2014,7,18,22,20.9,75.95,0.0,0.0,0.0,366.7,2.89,23.0,1005.06,
2014,7,18,23,20.5,77.97,0.0,0.0,0.0,362.95,2.62,23.0,1005.02,
2014,7,19,0,20.1,80.0,0.0,0.0,0.0,359.2,2.34,22.0,1004.99,
2014,7,19,1,19.52,81.97,0.0,0.0,0.0,356.02,2.29,21.0,1004.99,
2014,7,19,2,18.95,83.93,0.0,0.0,0.0,352.83,2.23,20.0,1004.99,
2014,7,19,3,18.38,85.9,0.0,0.0,0.0,349.65,2.18,19.0,1004.99,
2014,7,19,4,19.6,82.09,0.0,0.0,0.0,350.0,2.46,21.0,1005.19,
2014,7,19,5,20.81,78.27,75.0,63.74,64.0,350.35,2.75,23.0,1005.39,
2014,7,19,6,22.03,74.46,251.0,367.7,126.0,350.7,3.03,25.0,1005.58,
2014,7,19,7,23.67,67.61,239.0,49.82,214.0,356.93,3.09,28.0,1005.35,
2014,7,19,8,25.31,60.76,600.0,676.82,162.0,363.17,3.15,30.0,1005.12,
2014,7,19,9,26.96,53.91,739.0,740.17,172.0,369.4,3.21,33.0,1004.89,
2014,7,19,10,27.46,50.31,857.0,840.79,142.0,375.88,3.21,31.0,1004.59,
2014,7,19,11,27.96,46.72,906.0,842.98,152.0,382.37,3.2,29.0,1004.3,
2014,7,19,12,28.46,43.12,916.0,872.42,135.0,388.85,3.2,27.0,1004.0,
2014,7,19,13,28.5,42.81,865.0,856.17,135.0,393.42,3.1,29.0,1004.03,
2014,7,19,14,28.54,42.5,773.0,851.07,118.0,397.98,3.0,30.0,1004.07,
2014,7,19,15,28.58,42.19,628.0,767.09,128.0,402.55,2.9,31.0,1004.1,
2014,7,19,16,27.35,46.03,457.0,648.6,128.0,398.1,2.56,33.0,1004.23,
2014,7,19,17,26.11,49.88,283.0,520.56,103.0,393.65,2.22,36.0,1004.36,
2014,7,19,18,24.87,53.72,104.0,196.18,69.0,389.2,1.88,38.0,1004.5,
2014,7,19,19,23.72,57.39,0.0,0.0,0.0,381.73,1.85,40.0,1004.76,
2014,7,19,20,22.56,61.05,0.0,0.0,0.0,374.27,1.82,42.0,1005.02,
2014,7,19,21,21.41,64.72,0.0,0.0,0.0,366.8,1.79,44.0,1005.29,
2014,7,19,22,20.89,67.53,0.0,0.0,0.0,363.53,1.98,44.0,1005.25,
2014,7,19,23,20.37,70.34,0.0,0.0,0.0,360.27,2.17,43.0,1005.22,
2014,7,20,0,19.85,73.15,0.0,0.0,0.0,357.0,2.36,43.0,1005.19,
2014,7,20,1,19.43,75.21,0.0,0.0,0.0,356.82,2.42,45.0,1004.99,
2014,7,20,2,19.01,77.28,0.0,0.0,0.0,356.63,2.49,46.0,1004.79,
2014,7,20,3,18.59,79.34,0.0,0.0,0.0,356.45,2.55,47.0,1004.59,
2014,7,20,4,20.13,75.92,0.0,0.0,0.0,356.77,2.0,52.0,1004.76,
2014,7,20,5,21.66,72.49,77.0,76.42,64.0,357.08,1.44,56.0,1004.92,
2014,7,20,6,23.2,69.07,270.0,485.66,106.0,357.4,0.88,61.0,1005.09,
2014,7,20,7,25.04,60.44,443.0,622.3,132.0,363.78,1.05,57.0,1005.02,
2014,7,20,8,26.89,51.8,611.0,725.25,143.0,370.17,1.22,53.0,1004.96,
2014,7,20,9,28.74,43.17,748.0,779.74,152.0,376.55,1.39,49.0,1004.89,
2014,7,20,10,29.2,40.37,856.0,841.13,142.0,380.95,1.36,38.0,1004.5,
2014,7,20,11,29.67,37.56,900.0,828.65,160.0,385.35,1.32,28.0,1004.1,
2014,7,20,12,30.13,34.76,901.0,829.01,160.0,389.75,1.28,17.0,1003.7,
2014,7,20,13,30.3,34.84,855.0,828.19,150.0,391.8,1.01,32.0,1003.27,
2014,7,20,14,30.46,34.93,764.0,822.73,132.0,393.85,0.73,47.0,1002.85,
2014,7,20,15,30.62,35.01,626.0,767.38,127.0,395.9,0.46,61.0,1002.42,
2014,7,20,16,29.22,40.65,457.0,660.67,123.0,392.55,0.5,83.0,1002.35,
2014,7,20,17,27.81,46.28,279.0,508.87,104.0,389.2,0.55,104.0,1002.28,
2014,7,20,18,26.4,51.92,102.0,187.15,69.0,385.85,0.59,126.0,1002.22,
2014,7,20,19,24.92,56.93,0.0,0.0,0.0,380.08,1.26,133.0,1002.25,
2014,7,20,20,23.43,61.93,0.0,0.0,0.0,374.32,1.92,140.0,1002.28,
2014,7,20,21,21.95,66.94,0.0,0.0,0.0,368.55,2.58,147.0,1002.32,
2014,7,20,22,21.54,68.56,0.0,0.0,0.0,366.12,2.45,151.0,1001.95,
2014,7,20,23,21.14,70.17,0.0,0.0,0.0,363.68,2.32,155.0,1001.59,
2014,7,21,0,20.74,71.79,0.0,0.0,0.0,361.25,2.19,159.0,1001.23,
2014,7,21,1,20.2,72.68,0.0,0.0,0.0,357.73,2.17,156.0,1000.87,
2014,7,21,2,19.67,73.57,0.0,0.0,0.0,354.22,2.15,153.0,1000.5,
2014,7,21,3,19.14,74.46,0.0,0.0,0.0,350.7,2.12,150.0,1000.14,
2014,7,21,4,20.78,70.88,0.0,0.0,0.0,352.95,2.31,152.0,1000.14,
2014,7,21,5,22.41,67.31,33.0,0.0,33.0,355.2,2.49,153.0,1000.14,
2014,7,21,6,24.05,63.73,28.0,0.0,28.0,357.45,2.68,155.0,1000.14,
2014,7,21,7,26.14,57.19,432.0,578.71,144.0,365.4,2.86,164.0,999.98,
2014,7,21,8,28.24,50.65,596.0,676.1,161.0,373.35,3.03,174.0,999.81,
2014,7,21,9,30.34,44.11,735.0,738.22,172.0,381.3,3.21,183.0,999.65,
2014,7,21,10,30.92,40.39,841.0,797.85,165.0,389.0,3.53,199.0,999.18,
2014,7,21,11,31.51,36.68,889.0,799.74,176.0,396.7,3.84,215.0,998.72,
2014,7,21,12,32.09,32.96,886.0,785.52,185.0,404.4,4.15,231.0,998.26,
2014,7,21,13,32.0,34.7,827.0,744.87,194.0,407.07,3.49,240.0,997.9,
2014,7,21,14,31.91,36.44,740.0,740.87,172.0,409.73,2.84,250.0,997.53,
2014,7,21,15,31.81,38.18,600.0,666.01,168.0,412.4,2.18,260.0,997.17,
2014,7,21,16,30.46,41.98,349.0,252.1,222.0,412.32,2.2,264.0,997.2,
2014,7,21,17,29.1,45.78,175.0,87.74,145.0,412.23,2.22,269.0,997.24,
2014,7,21,18,27.74,49.58,10.0,0.0,10.0,412.15,2.23,274.0,997.27,
2014,7,21,19,26.85,52.61,0.0,0.0,0.0,414.07,2.14,282.0,997.37,
2014,7,21,20,25.96,55.64,0.0,0.0,0.0,415.98,2.04,290.0,997.47,
2014,7,21,21,25.07,58.67,0.0,0.0,0.0,417.9,1.94,299.0,997.57,
2014,7,21,22,24.6,62.81,0.0,0.0,0.0,416.18,2.11,298.0,997.43,
2014,7,21,23,24.13,66.95,0.0,0.0,0.0,414.47,2.29,297.0,997.3,
2014,7,22,0,23.67,71.09,0.0,0.0,0.0,412.75,2.46,296.0,997.17,
2014,7,22,1,22.95,72.87,0.0,0.0,0.0,407.17,2.09,278.0,997.53,
2014,7,22,2,22.23,74.66,0.0,0.0,0.0,401.58,1.73,260.0,997.9,
2014,7,22,3,21.51,76.44,0.0,0.0,0.0,396.0,1.37,242.0,998.26,
2014,7,22,4,21.92,76.29,0.0,0.0,0.0,393.95,1.6,280.0,998.29,
2014,7,22,5,22.33,76.15,10.0,0.0,10.0,391.9,1.83,317.0,998.33,
2014,7,22,6,22.75,76.0,24.0,0.0,24.0,389.85,2.06,355.0,998.36,
2014,7,22,7,23.08,76.55,40.0,0.0,40.0,392.4,1.73,14.0,998.46,
2014,7,22,8,23.42,77.11,54.0,0.0,54.0,394.95,1.41,33.0,998.56,
2014,7,22,9,23.76,77.66,71.0,0.0,71.0,397.5,1.09,52.0,998.66,
2014,7,22,10,23.43,79.26,110.0,0.0,110.0,398.33,1.64,57.0,998.59,
2014,7,22,11,23.11,80.86,390.0,20.22,372.0,399.17,2.18,62.0,998.52,
2014,7,22,12,22.78,82.46,323.0,4.49,319.0,400.0,2.73,67.0,998.46,
2014,7,22,13,22.95,77.83,570.0,182.72,415.0,393.05,2.91,68.0,998.33,
2014,7,22,14,23.12,73.19,516.0,193.44,368.0,386.1,3.08,69.0,998.19,
2014,7,22,15,23.29,68.56,542.0,469.91,238.0,379.15,3.26,71.0,998.06,
2014,7,22,16,22.54,71.32,352.0,265.0,219.0,373.55,2.61,56.0,998.03,
2014,7,22,17,21.78,74.08,186.0,114.75,147.0,367.95,1.97,41.0,998.0,
2014,7,22,18,21.02,76.84,90.0,133.83,67.0,362.35,1.32,25.0,997.96,
2014,7,22,19,20.38,80.09,0.0,0.0,0.0,360.92,1.6,25.0,998.06,
2014,7,22,20,19.75,83.35,0.0,0.0,0.0,359.48,1.88,25.0,998.16,
2014,7,22,21,19.11,86.6,0.0,0.0,0.0,358.05,2.15,25.0,998.26,
2014,7,22,22,18.94,88.51,0.0,0.0,0.0,357.53,2.28,23.0,997.93,
2014,7,22,23,18.77,90.41,0.0,0.0,0.0,357.02,2.4,22.0,997.6,
2014,7,23,0,18.6,92.32,0.0,0.0,0.0,356.5,2.52,20.0,997.27,
2014,7,23,1,18.5,92.79,0.0,0.0,0.0,356.43,2.42,15.0,997.07,
2014,7,23,2,18.4,93.27,0.0,0.0,0.0,356.37,2.32,11.0,996.87,
2014,7,23,3,18.3,93.74,0.0,0.0,0.0,356.3,2.22,6.0,996.68,
2014,7,23,4,18.83,91.46,0.0,0.0,0.0,357.95,2.05,4.0,996.68,
2014,7,23,5,19.36,89.19,9.0,0.0,9.0,359.6,1.87,3.0,996.68,
2014,7,23,6,19.89,86.91,24.0,0.0,24.0,361.25,1.7,2.0,996.68,
2014,7,23,7,20.34,85.85,49.0,0.0,49.0,368.02,1.54,1.0,996.48,
2014,7,23,8,20.79,84.79,112.0,0.0,112.0,374.78,1.38,1.0,996.28,
2014,7,23,9,21.25,83.73,130.0,0.0,130.0,381.55,1.23,1.0,996.08,
2014,7,23,10,21.55,81.13,169.0,0.0,169.0,386.5,1.2,358.0,995.78,
2014,7,23,11,21.85,78.54,293.0,1.13,292.0,391.45,1.17,355.0,995.49,
2014,7,23,12,22.15,75.94,180.0,0.0,180.0,396.4,1.14,353.0,995.19,
2014,7,23,13,22.12,72.33,125.0,0.0,125.0,396.13,1.27,346.0,995.72,
2014,7,23,14,22.09,68.72,143.0,0.0,143.0,395.87,1.39,340.0,996.25,
2014,7,23,15,22.05,65.11,170.0,0.0,170.0,395.6,1.52,334.0,996.77,
2014,7,23,16,21.41,67.27,40.0,0.0,40.0,390.75,1.39,334.0,996.97,
2014,7,23,17,20.77,69.42,25.0,0.0,25.0,385.9,1.26,335.0,997.17,
2014,7,23,18,20.12,71.58,10.0,0.0,10.0,381.05,1.13,336.0,997.37,
2014,7,23,19,19.36,75.05,0.0,0.0,0.0,375.78,1.09,327.0,997.57,
2014,7,23,20,18.59,78.51,0.0,0.0,0.0,370.52,1.06,318.0,997.76,
2014,7,23,21,17.83,81.98,0.0,0.0,0.0,365.25,1.02,309.0,997.96,
2014,7,23,22,17.52,84.67,0.0,0.0,0.0,362.85,1.22,301.0,997.86,
2014,7,23,23,17.21,87.35,0.0,0.0,0.0,360.45,1.42,293.0,997.76,
2014,7,24,0,16.9,90.04,0.0,0.0,0.0,358.05,1.61,284.0,997.67,
2014,7,24,1,16.7,91.81,0.0,0.0,0.0,357.7,1.61,266.0,997.86,
2014,7,24,2,16.5,93.58,0.0,0.0,0.0,357.35,1.61,248.0,998.06,
2014,7,24,3,16.31,95.35,0.0,0.0,0.0,357.0,1.61,230.0,998.26,
2014,7,24,4,17.29,91.71,0.0,0.0,0.0,357.48,1.65,229.0,998.46,
2014,7,24,5,18.27,88.06,30.0,0.0,30.0,357.97,1.68,227.0,998.66,
2014,7,24,6,19.25,84.42,264.0,502.75,99.0,358.45,1.71,226.0,998.85,
2014,7,24,7,20.29,80.69,432.0,606.76,134.0,360.02,1.75,240.0,998.92,
2014,7,24,8,21.33,76.95,602.0,721.6,142.0,361.58,1.79,254.0,998.99,
2014,7,24,9,22.37,73.22,661.0,524.27,264.0,363.15,1.83,268.0,999.05,
2014,7,24,10,23.04,68.89,810.0,715.91,207.0,366.87,2.0,272.0,998.89,
2014,7,24,11,23.71,64.57,688.0,321.38,403.0,370.58,2.16,277.0,998.72,
2014,7,24,12,24.37,60.24,694.0,330.05,401.0,374.3,2.32,281.0,998.56,
2014,7,24,13,24.6,56.41,720.0,461.49,330.0,378.5,2.22,279.0,998.72,
2014,7,24,14,24.83,52.57,540.0,237.63,359.0,382.7,2.11,277.0,998.89,
2014,7,24,15,25.06,48.74,489.0,328.01,278.0,386.9,2.01,274.0,999.05,
2014,7,24,16,24.16,53.14,338.0,232.99,222.0,380.3,1.68,292.0,999.15,
2014,7,24,17,23.25,57.54,264.0,459.1,110.0,373.7,1.35,310.0,999.25,
2014,7,24,18,22.34,61.94,93.0,167.65,65.0,367.1,1.02,327.0,999.35,
2014,7,24,19,21.53,64.72,0.0,0.0,0.0,363.8,1.2,15.0,999.71,
2014,7,24,20,20.73,67.49,0.0,0.0,0.0,360.5,1.37,62.0,1000.07,
2014,7,24,21,19.92,70.27,0.0,0.0,0.0,357.2,1.54,110.0,1000.44,
2014,7,24,22,19.17,74.51,0.0,0.0,0.0,354.45,1.7,130.0,1000.34,
2014,7,24,23,18.43,78.75,0.0,0.0,0.0,351.7,1.85,151.0,1000.24,
2014,7,25,0,17.69,82.99,0.0,0.0,0.0,348.95,2.0,172.0,1000.14,
2014,7,25,1,17.72,82.08,0.0,0.0,0.0,345.53,1.61,200.0,1000.67,
2014,7,25,2,17.75,81.16,0.0,0.0,0.0,342.12,1.23,229.0,1001.2,
2014,7,25,3,17.78,80.25,0.0,0.0,0.0,338.7,0.84,257.0,1001.72,
2014,7,25,4,18.9,78.19,0.0,0.0,0.0,340.6,0.66,306.0,1001.92,
2014,7,25,5,20.01,76.13,70.0,76.4,58.0,342.5,0.48,355.0,1002.12,
2014,7,25,6,21.13,74.07,255.0,457.45,106.0,344.4,0.3,45.0,1002.32,
2014,7,25,7,22.64,66.3,434.0,625.93,128.0,351.73,0.47,26.0,1002.28,
2014,7,25,8,24.15,58.54,603.0,733.38,137.0,359.07,0.64,8.0,1002.25,
2014,7,25,9,25.66,50.77,735.0,762.55,159.0,366.4,0.81,349.0,1002.22,
2014,7,25,10,26.1,48.29,804.0,701.94,214.0,371.37,0.94,347.0,1001.95,
2014,7,25,11,26.54,45.8,833.0,651.89,256.0,376.33,1.07,344.0,1001.69,
2014,7,25,12,26.97,43.32,852.0,704.22,228.0,381.3,1.2,342.0,1001.43,
2014,7,25,13,26.96,42.08,795.0,665.19,234.0,383.38,1.4,339.0,1001.56,
2014,7,25,14,26.95,40.84,688.0,592.19,238.0,385.47,1.6,336.0,1001.69,
2014,7,25,15,26.94,39.6,599.0,687.65,158.0,387.55,1.79,332.0,1001.82,
2014,7,25,16,25.59,45.97,427.0,558.75,150.0,381.18,1.94,345.0,1001.89,
2014,7,25,17,24.24,52.33,246.0,363.26,125.0,374.82,2.08,358.0,1001.95,
2014,7,25,18,22.89,58.7,89.0,152.03,64.0,368.45,2.22,11.0,1002.02,
2014,7,25,19,21.88,61.93,0.0,0.0,0.0,363.43,2.31,27.0,1002.35,
2014,7,25,20,20.88,65.17,0.0,0.0,0.0,358.42,2.4,42.0,1002.68,
2014,7,25,21,19.87,68.4,0.0,0.0,0.0,353.4,2.5,58.0,1003.01,
2014,7,25,22,19.46,71.2,0.0,0.0,0.0,351.92,2.08,68.0,1002.85,
2014,7,25,23,19.05,74.01,0.0,0.0,0.0,350.43,1.66,78.0,1002.68,
2014,7,26,0,18.65,76.81,0.0,0.0,0.0,348.95,1.24,88.0,1002.52,
2014,7,26,1,18.18,79.52,0.0,0.0,0.0,348.87,1.39,78.0,1002.71,
2014,7,26,2,17.72,82.22,0.0,0.0,0.0,348.78,1.54,68.0,1002.91,
2014,7,26,3,17.26,84.93,0.0,0.0,0.0,348.7,1.7,59.0,1003.11,
2014,7,26,4,18.9,80.61,0.0,0.0,0.0,350.08,1.3,66.0,1003.21,
2014,7,26,5,20.54,76.3,78.0,123.12,59.0,351.47,0.9,74.0,1003.31,
2014,7,26,6,22.19,71.98,258.0,488.86,100.0,352.85,0.5,81.0,1003.41,
2014,7,26,7,23.77,64.47,427.0,604.21,133.0,360.28,0.62,60.0,1003.31,
2014,7,26,8,25.36,56.97,595.0,707.38,147.0,367.72,0.74,38.0,1003.21,
2014,7,26,9,26.95,49.46,733.0,761.84,159.0,375.15,0.86,17.0,1003.11,
2014,7,26,10,27.24,47.27,836.0,809.56,157.0,382.52,1.12,7.0,1002.65,
2014,7,26,11,27.53,45.08,885.0,811.66,168.0,389.88,1.38,357.0,1002.19,
2014,7,26,12,27.82,42.89,850.0,703.33,228.0,397.25,1.64,347.0,1001.72,
2014,7,26,13,28.11,41.65,755.0,558.46,285.0,398.65,1.83,23.0,1001.53,
2014,7,26,14,28.39,40.42,727.0,725.59,177.0,400.05,2.03,59.0,1001.33,
2014,7,26,15,28.67,39.18,578.0,616.32,184.0,401.45,2.22,96.0,1001.13,
2014,7,26,16,27.32,45.05,423.0,547.09,153.0,398.03,2.19,88.0,1001.26,
2014,7,26,17,25.97,50.92,259.0,447.61,111.0,394.62,2.17,80.0,1001.39,
2014,7,26,18,24.62,56.79,87.0,148.36,63.0,391.2,2.14,73.0,1001.53,
2014,7,26,19,23.63,61.54,0.0,0.0,0.0,385.93,2.31,80.0,1001.69,
2014,7,26,20,22.63,66.29,0.0,0.0,0.0,380.67,2.48,87.0,1001.86,
2014,7,26,21,21.64,71.04,0.0,0.0,0.0,375.4,2.65,95.0,1002.02,
2014,7,26,22,21.35,73.68,0.0,0.0,0.0,372.08,2.4,99.0,1001.99,
2014,7,26,23,21.07,76.31,0.0,0.0,0.0,368.77,2.16,103.0,1001.95,
2014,7,27,0,20.79,78.95,0.0,0.0,0.0,365.45,1.92,108.0,1001.92,
2014,7,27,1,20.48,80.63,0.0,0.0,0.0,366.25,2.02,110.0,1001.89,
2014,7,27,2,20.17,82.31,0.0,0.0,0.0,367.05,2.13,112.0,1001.86,
2014,7,27,3,19.87,83.99,0.0,0.0,0.0,367.85,2.23,114.0,1001.82,
2014,7,27,4,21.02,80.72,0.0,0.0,0.0,369.27,2.13,114.0,1002.02,
2014,7,27,5,22.16,77.46,14.0,0.0,14.0,370.68,2.02,113.0,1002.22,
2014,7,27,6,23.31,74.19,87.0,0.0,87.0,372.1,1.92,112.0,1002.42,
2014,7,27,7,24.15,72.58,39.0,0.0,39.0,380.73,2.19,116.0,1002.32,
2014,7,27,8,24.99,70.96,178.0,0.0,178.0,389.37,2.46,120.0,1002.22,
2014,7,27,9,25.83,69.35,105.0,0.0,105.0,398.0,2.73,124.0,1002.12,
2014,7,27,10,26.13,66.93,149.0,0.0,149.0,400.27,2.09,125.0,1001.72,
2014,7,27,11,26.44,64.52,105.0,0.0,105.0,402.53,1.45,127.0,1001.33,
2014,7,27,12,26.74,62.1,546.0,126.9,434.0,404.8,0.81,128.0,1000.93,
2014,7,27,13,26.33,64.9,779.0,627.57,252.0,399.78,1.32,125.0,1000.93,
2014,7,27,14,25.92,67.7,718.0,699.69,189.0,394.77,1.83,121.0,1000.93,
2014,7,27,15,25.51,70.5,594.0,687.42,156.0,389.75,2.33,118.0,1000.93,
2014,7,27,16,24.43,76.01,357.0,303.34,208.0,388.85,2.32,112.0,1001.03,
2014,7,27,17,23.35,81.51,241.0,362.68,122.0,387.95,2.3,107.0,1001.13,
2014,7,27,18,22.27,87.02,78.0,106.92,61.0,387.05,2.29,101.0,1001.23,
2014,7,27,19,21.82,87.75,0.0,0.0,0.0,385.27,1.83,104.0,1001.2,
2014,7,27,20,21.38,88.49,0.0,0.0,0.0,383.48,1.37,108.0,1001.16,
2014,7,27,21,20.93,89.22,0.0,0.0,0.0,381.7,0.91,111.0,1001.13,
2014,7,27,22,20.9,89.3,0.0,0.0,0.0,383.93,1.05,112.0,1000.9,
2014,7,27,23,20.87,89.37,0.0,0.0,0.0,386.17,1.19,113.0,1000.67,
2014,7,28,0,20.85,89.45,0.0,0.0,0.0,388.4,1.32,114.0,1000.44,
2014,7,28,1,20.32,88.61,0.0,0.0,0.0,383.62,1.29,118.0,1000.77,
2014,7,28,2,19.8,87.77,0.0,0.0,0.0,378.83,1.26,122.0,1001.1,
2014,7,28,3,19.28,86.93,0.0,0.0,0.0,374.05,1.23,126.0,1001.43,
2014,7,28,4,20.04,85.84,0.0,0.0,0.0,375.02,1.56,128.0,1001.53,
2014,7,28,5,20.79,84.76,8.0,0.0,8.0,375.98,1.89,129.0,1001.62,
2014,7,28,6,21.55,83.67,23.0,0.0,23.0,376.95,2.22,130.0,1001.72,
2014,7,28,7,22.06,83.36,131.0,0.0,131.0,383.6,2.17,132.0,1001.79,
2014,7,28,8,22.58,83.06,423.0,206.67,293.0,390.25,2.11,134.0,1001.86,
2014,7,28,9,23.1,82.75,488.0,168.12,362.0,396.9,2.06,136.0,1001.92,
2014,7,28,10,22.86,83.63,811.0,740.14,193.0,399.45,1.71,137.0,1001.39,
2014,7,28,11,22.62,84.51,787.0,544.47,308.0,402.0,1.37,139.0,1000.87,
2014,7,28,12,22.37,85.39,697.0,346.3,392.0,404.55,1.03,140.0,1000.34,
2014,7,28,13,22.71,80.64,364.0,19.1,348.0,399.43,0.99,149.0,1000.47,
2014,7,28,14,23.04,75.9,656.0,513.25,269.0,394.32,0.95,157.0,1000.6,
2014,7,28,15,23.37,71.15,503.0,384.27,259.0,389.2,0.91,166.0,1000.73,
2014,7,28,16,22.62,75.07,411.0,515.55,159.0,388.28,0.94,155.0,1000.73,
2014,7,28,17,21.86,78.98,254.0,445.5,109.0,387.37,0.97,145.0,1000.73,
2014,7,28,18,21.1,82.9,86.0,166.52,60.0,386.45,0.99,134.0,1000.73,
2014,7,28,19,20.42,86.37,0.0,0.0,0.0,386.6,1.08,128.0,1000.77,
2014,7,28,20,19.75,89.84,0.0,0.0,0.0,386.75,1.16,122.0,1000.8,
2014,7,28,21,19.07,93.31,0.0,0.0,0.0,386.9,1.24,115.0,1000.83,
2014,7,28,22,18.95,94.58,0.0,0.0,0.0,386.45,1.11,120.0,1000.6,
2014,7,28,23,18.83,95.86,0.0,0.0,0.0,386.0,0.97,124.0,1000.37,
2014,7,29,0,18.72,97.13,0.0,0.0,0.0,385.55,0.84,128.0,1000.14,
2014,7,29,1,18.46,96.62,0.0,0.0,0.0,378.57,0.94,131.0,1000.17,
2014,7,29,2,18.2,96.11,0.0,0.0,0.0,371.58,1.03,134.0,1000.21,
2014,7,29,3,17.94,95.6,0.0,0.0,0.0,364.6,1.13,136.0,1000.24,
2014,7,29,4,18.71,94.33,0.0,0.0,0.0,364.47,1.25,143.0,1000.24,
2014,7,29,5,19.48,93.05,90.0,253.67,53.0,364.33,1.36,150.0,1000.24,
2014,7,29,6,20.25,91.78,161.0,88.77,133.0,364.2,1.48,157.0,1000.24,
2014,7,29,7,20.87,87.83,435.0,675.73,111.0,366.67,1.71,163.0,1000.24,
2014,7,29,8,21.49,83.87,549.0,555.18,201.0,369.13,1.94,169.0,1000.24,
2014,7,29,9,22.11,79.92,641.0,489.69,275.0,371.6,2.17,175.0,1000.24,
2014,7,29,10,22.46,76.49,657.0,348.12,367.0,377.45,2.26,179.0,999.98,
2014,7,29,11,22.81,73.05,731.0,419.2,363.0,383.3,2.36,184.0,999.71,
2014,7,29,12,23.15,69.62,636.0,244.65,421.0,389.15,2.46,189.0,999.45,
2014,7,29,13,23.78,64.43,582.0,212.95,404.0,390.97,2.38,195.0,999.51,
2014,7,29,14,24.41,59.24,665.0,545.28,255.0,392.78,2.3,201.0,999.58,
2014,7,29,15,25.04,54.05,289.0,33.19,268.0,394.6,2.22,207.0,999.65,
2014,7,29,16,24.16,59.27,326.0,224.14,217.0,389.88,2.17,184.0,999.38,
2014,7,29,17,23.27,64.5,235.0,350.12,122.0,385.17,2.13,161.0,999.12,
2014,7,29,18,22.38,69.72,91.0,221.97,57.0,380.45,2.08,138.0,998.85,
2014,7,29,19,21.34,72.59,0.0,0.0,0.0,375.22,2.0,132.0,999.15,
2014,7,29,20,20.3,75.45,0.0,0.0,0.0,369.98,1.93,125.0,999.45,
2014,7,29,21,19.26,78.32,0.0,0.0,0.0,364.75,1.85,119.0,999.74,
2014,7,29,22,19.12,78.97,0.0,0.0,0.0,362.9,1.82,123.0,999.61,
2014,7,29,23,18.99,79.61,0.0,0.0,0.0,361.05,1.78,127.0,999.48,
2014,7,30,0,18.86,80.26,0.0,0.0,0.0,359.2,1.75,132.0,999.35,
2014,7,30,1,18.81,82.34,0.0,0.0,0.0,361.3,1.76,129.0,999.15,
2014,7,30,2,18.76,84.42,0.0,0.0,0.0,363.4,1.76,126.0,998.95,
2014,7,30,3,18.71,86.5,0.0,0.0,0.0,365.5,1.77,123.0,998.75,
2014,7,30,4,19.88,83.59,0.0,0.0,0.0,365.52,2.08,119.0,998.79,
2014,7,30,5,21.05,80.69,8.0,0.0,8.0,365.53,2.39,114.0,998.82,
2014,7,30,6,22.22,77.78,225.0,342.1,118.0,365.55,2.7,109.0,998.85,
2014,7,30,7,23.97,69.54,254.0,85.95,213.0,371.65,2.78,117.0,998.66,
2014,7,30,8,25.72,61.31,438.0,244.96,285.0,377.75,2.85,125.0,998.46,
2014,7,30,9,27.48,53.07,409.0,77.82,351.0,383.85,2.92,133.0,998.26,
2014,7,30,10,28.21,49.72,824.0,792.97,165.0,389.5,2.94,138.0,997.67,
2014,7,30,11,28.95,46.38,873.0,795.74,176.0,395.15,2.95,143.0,997.07,
2014,7,30,12,29.68,43.03,883.0,824.54,160.0,400.8,2.97,148.0,996.48,
2014,7,30,13,29.46,45.24,828.0,795.14,165.0,401.4,2.89,148.0,996.54,
2014,7,30,14,29.24,47.45,719.0,722.93,177.0,402.0,2.81,148.0,996.61,
2014,7,30,15,29.01,49.66,551.0,547.35,206.0,402.6,2.73,148.0,996.68,
2014,7,30,16,27.93,53.71,327.0,229.47,216.0,402.62,2.46,133.0,996.51,
2014,7,30,17,26.84,57.76,210.0,240.68,133.0,402.63,2.18,119.0,996.35,
2014,7,30,18,25.75,61.81,59.0,39.97,53.0,402.65,1.9,105.0,996.18,
2014,7,30,19,25.07,64.39,0.0,0.0,0.0,402.83,2.0,106.0,996.35,
2014,7,30,20,24.4,66.98,0.0,0.0,0.0,403.02,2.1,108.0,996.51,
2014,7,30,21,23.72,69.56,0.0,0.0,0.0,403.2,2.19,110.0,996.68,
2014,7,30,22,23.09,74.97,0.0,0.0,0.0,404.17,2.37,119.0,996.68,
2014,7,30,23,22.46,80.38,0.0,0.0,0.0,405.13,2.55,128.0,996.68,
2014,7,31,0,21.83,85.79,0.0,0.0,0.0,406.1,2.73,137.0,996.68,
2014,7,31,1,21.23,86.23,0.0,0.0,0.0,396.73,2.54,121.0,996.81,
2014,7,31,2,20.64,86.66,0.0,0.0,0.0,387.37,2.35,104.0,996.94,
2014,7,31,3,20.05,87.1,0.0,0.0,0.0,378.0,2.17,88.0,997.07,
2014,7,31,4,20.98,84.99,0.0,0.0,0.0,377.93,1.91,90.0,997.2,
2014,7,31,5,21.91,82.87,8.0,0.0,8.0,377.87,1.65,93.0,997.34,
2014,7,31,6,22.85,80.76,22.0,0.0,22.0,377.8,1.39,95.0,997.47,
2014,7,31,7,24.23,75.44,100.0,0.0,100.0,385.67,1.77,101.0,997.5,
2014,7,31,8,25.61,70.13,159.0,0.0,159.0,393.53,2.16,106.0,997.53,
2014,7,31,9,27.0,64.81,197.0,0.0,197.0,401.4,2.54,112.0,997.57,
2014,7,31,10,26.47,69.12,602.0,253.31,392.0,407.05,2.06,110.0,997.4,
2014,7,31,11,25.94,73.42,596.0,191.09,429.0,412.7,1.59,108.0,997.24,
2014,7,31,12,25.41,77.73,111.0,0.0,111.0,418.35,1.12,107.0,997.07,
2014,7,31,13,24.98,78.08,159.0,0.0,159.0,411.02,1.13,104.0,997.37,
2014,7,31,14,24.54,78.43,369.0,45.49,335.0,403.68,1.14,101.0,997.67,
2014,7,31,15,24.1,78.78,603.0,758.13,127.0,396.35,1.16,98.0,997.96,
2014,7,31,16,23.26,82.79,438.0,679.77,111.0,396.05,1.41,73.0,998.09,
2014,7,31,17,20.74,99.33,248.0,454.23,104.0,403.24,1.92,49.0,998.23,
2014,7,31,18,20.56,96.7,42.0,6.8,41.0,397.58,1.95,25.0,998.36,
2014,7,31,19,20.39,94.07,0.0,0.0,0.0,391.93,1.98,29.0,998.46,
2014,7,31,20,20.22,91.44,0.0,0.0,0.0,386.28,2.01,33.0,998.56,
2014,7,31,21,20.05,88.8,0.0,0.0,0.0,380.62,2.05,37.0,998.66,
2014,7,31,22,19.87,86.17,0.0,0.0,0.0,374.97,2.08,36.0,998.42,
2014,7,31,23,19.7,83.54,0.0,0.0,0.0,369.31,2.11,36.0,998.19,
2015,8,1,0,19.53,80.91,0.0,0.0,0.0,363.66,2.14,36.0,997.96,
2015,8,1,1,19.35,78.28,0.0,0.0,0.0,358.01,2.18,29.0,1006.54,
2015,8,1,2,19.18,75.64,0.0,0.0,0.0,352.35,2.21,34.0,1006.71,
2015,8,1,3,19.01,73.01,0.0,0.0,0.0,346.7,2.24,39.0,1006.87,
2015,8,1,4,18.83,70.38,0.0,0.0,0.0,341.05,2.27,40.0,1007.1,
2015,8,1,5,18.66,67.75,85.0,269.97,48.0,335.39,2.3,40.0,1007.33,
2015,8,1,6,18.49,65.12,249.0,523.84,88.0,329.74,2.34,40.0,1007.56,
2015,8,1,7,18.32,62.49,437.0,724.47,95.0,324.09,2.37,50.0,1007.53,
2015,8,1,8,18.14,59.85,595.0,762.91,122.0,318.43,2.4,59.0,1007.5,
2015,8,1,9,24.66,47.51,726.0,781.34,147.0,349.8,1.79,68.0,1007.47,
2015,8,1,10,25.46,44.42,823.0,801.75,160.0,357.33,1.46,77.0,1007.14,
2015,8,1,11,26.26,41.34,876.0,817.79,163.0,364.87,1.13,86.0,1006.81,
2015,8,1,12,27.07,38.25,882.0,833.01,155.0,372.4,0.8,95.0,1006.48,
2015,8,1,13,27.01,35.86,827.0,804.09,160.0,366.97,0.69,123.0,1006.28,
2015,8,1,14,26.96,33.47,732.0,785.1,147.0,361.53,0.57,151.0,1006.08,
2015,8,1,15,26.9,31.08,597.0,743.61,132.0,356.1,0.46,179.0,1005.88,
2015,8,1,16,26.49,31.62,428.0,635.61,124.0,354.93,0.72,230.0,1005.85,
2015,8,1,17,26.08,32.15,254.0,506.35,95.0,353.77,0.98,280.0,1005.82,
2015,8,1,18,25.66,32.69,75.0,139.16,55.0,352.6,1.24,331.0,1005.78,
2015,8,1,19,23.96,38.56,0.0,0.0,0.0,353.03,1.72,359.0,1006.21,
2015,8,1,20,22.26,44.42,0.0,0.0,0.0,353.47,2.21,28.0,1006.64,
2015,8,1,21,20.56,50.29,0.0,0.0,0.0,353.9,2.69,56.0,1007.07,
2015,8,1,22,19.98,54.22,0.0,0.0,0.0,356.02,2.55,70.0,1007.04,
2015,8,1,23,19.4,58.14,0.0,0.0,0.0,358.13,2.41,85.0,1007.0,
2015,8,2,0,18.81,62.07,0.0,0.0,0.0,360.25,2.28,100.0,1006.97,
2015,8,2,1,18.75,64.0,0.0,0.0,0.0,358.98,2.04,111.0,1007.04,
2015,8,2,2,18.69,65.94,0.0,0.0,0.0,357.72,1.8,122.0,1007.1,
2015,8,2,3,18.63,67.87,0.0,0.0,0.0,356.45,1.56,133.0,1007.17,
2015,8,2,4,20.06,66.17,0.0,0.0,0.0,358.0,1.57,131.0,1007.37,
2015,8,2,5,21.5,64.46,7.0,0.0,7.0,359.55,1.59,129.0,1007.56,
2015,8,2,6,22.93,62.76,114.0,19.7,108.0,361.1,1.6,127.0,1007.76,
2015,8,2,7,24.69,57.01,412.0,604.86,128.0,367.75,1.62,130.0,1007.86,
2015,8,2,8,26.45,51.27,557.0,616.86,176.0,374.4,1.64,133.0,1007.96,
2015,8,2,9,28.21,45.52,669.0,592.83,231.0,381.05,1.66,135.0,1008.06,
2015,8,2,10,29.24,41.9,720.0,505.57,303.0,388.53,1.79,137.0,1007.66,
2015,8,2,11,30.27,38.29,776.0,538.08,308.0,396.02,1.93,139.0,1007.27,
2015,8,2,12,31.31,34.67,857.0,762.7,193.0,403.5,2.07,140.0,1006.87,
2015,8,2,13,31.43,34.1,689.0,425.5,337.0,407.82,2.13,136.0,1006.48,
2015,8,2,14,31.54,33.53,711.0,717.64,178.0,412.13,2.19,132.0,1006.08,
2015,8,2,15,31.66,32.96,579.0,679.29,156.0,416.45,2.25,127.0,1005.68,
2015,8,2,16,29.95,39.99,226.0,48.38,203.0,416.8,2.29,76.0,1005.82,
2015,8,2,17,28.24,47.01,153.0,73.98,130.0,417.15,2.32,25.0,1005.95,
2015,8,2,18,26.53,54.04,89.0,277.83,50.0,417.5,2.36,334.0,1006.08,
2015,8,2,19,25.45,58.17,0.0,0.0,0.0,413.05,2.21,308.0,1006.51,
2015,8,2,20,24.36,62.29,0.0,0.0,0.0,408.6,2.06,282.0,1006.94,
2015,8,2,21,23.27,66.42,0.0,0.0,0.0,404.15,1.9,257.0,1007.37,
2015,8,2,22,22.52,73.82,0.0,0.0,0.0,396.85,1.96,236.0,1007.43,
2015,8,2,23,21.76,81.21,0.0,0.0,0.0,389.55,2.01,216.0,1007.5,
2015,8,3,0,21.0,88.61,0.0,0.0,0.0,382.25,2.07,196.0,1007.56,
2015,8,3,1,20.93,87.73,0.0,0.0,0.0,383.68,1.77,191.0,1007.43,
2015,8,3,2,20.86,86.84,0.0,0.0,0.0,385.12,1.46,187.0,1007.3,
2015,8,3,3,20.79,85.96,0.0,0.0,0.0,386.55,1.16,182.0,1007.17,
2015,8,3,4,21.7,83.25,0.0,0.0,0.0,380.82,1.01,156.0,1007.37,
2015,8,3,5,22.61,80.55,27.0,0.0,27.0,375.08,0.86,129.0,1007.56,
2015,8,3,6,23.52,77.84,22.0,0.0,22.0,369.35,0.7,102.0,1007.76,
2015,8,3,7,24.69,69.25,81.0,0.0,81.0,375.42,0.69,112.0,1007.86,
2015,8,3,8,25.86,60.65,265.0,24.38,250.0,381.48,0.68,121.0,1007.96,
2015,8,3,9,27.03,52.06,428.0,101.82,353.0,387.55,0.66,130.0,1008.06,
2015,8,3,10,27.85,47.81,705.0,474.08,315.0,394.2,0.8,132.0,1007.56,
2015,8,3,11,28.67,43.56,845.0,734.21,208.0,400.85,0.94,134.0,1007.07,
2015,8,3,12,29.5,39.31,802.0,608.03,274.0,407.5,1.08,136.0,1006.57,
2015,8,3,13,29.42,39.66,818.0,789.15,167.0,405.83,1.23,137.0,1006.41,
2015,8,3,14,29.34,40.01,723.0,770.04,153.0,404.17,1.38,137.0,1006.24,
2015,8,3,15,29.26,40.36,571.0,654.83,165.0,402.5,1.53,138.0,1006.08,
2015,8,3,16,28.42,42.93,407.0,556.63,144.0,399.43,1.53,97.0,1006.05,
2015,8,3,17,27.58,45.51,238.0,435.46,104.0,396.37,1.53,56.0,1006.01,
2015,8,3,18,26.73,48.08,39.0,7.3,38.0,393.3,1.53,15.0,1005.98,
2015,8,3,19,25.65,51.24,0.0,0.0,0.0,391.85,1.68,16.0,1006.08,
2015,8,3,20,24.57,54.39,0.0,0.0,0.0,390.4,1.83,17.0,1006.18,
2015,8,3,21,23.48,57.55,0.0,0.0,0.0,388.95,1.99,18.0,1006.28,
2015,8,3,22,23.24,59.87,0.0,0.0,0.0,386.6,1.56,25.0,1006.05,
2015,8,3,23,22.99,62.18,0.0,0.0,0.0,384.25,1.14,31.0,1005.82,
2015,8,4,0,22.74,64.5,0.0,0.0,0.0,381.9,0.72,38.0,1005.58,
2015,8,4,1,22.27,67.98,0.0,0.0,0.0,382.68,0.96,57.0,1005.58,
2015,8,4,2,21.8,71.47,0.0,0.0,0.0,383.47,1.2,76.0,1005.58,
2015,8,4,3,21.33,74.95,0.0,0.0,0.0,384.25,1.45,94.0,1005.58,
2015,8,4,4,22.32,73.63,0.0,0.0,0.0,383.05,1.26,103.0,1005.68,
2015,8,4,5,23.31,72.31,7.0,0.0,7.0,381.85,1.07,111.0,1005.78,
2015,8,4,6,24.3,70.99,27.0,0.0,27.0,380.65,0.88,119.0,1005.88,
2015,8,4,7,25.43,66.27,263.0,111.98,211.0,385.05,1.37,128.0,1005.82,
2015,8,4,8,26.56,61.55,523.0,507.48,212.0,389.45,1.85,136.0,1005.75,
2015,8,4,9,27.7,56.83,693.0,687.74,188.0,393.85,2.33,145.0,1005.68,
2015,8,4,10,27.12,61.37,770.0,655.76,232.0,394.33,1.56,147.0,1005.55,
2015,8,4,11,26.55,65.9,781.0,560.44,296.0,394.82,0.79,149.0,1005.42,
2015,8,4,12,25.98,70.44,790.0,584.22,284.0,395.3,0.01,151.0,1005.29,
2015,8,4,13,27.49,60.07,807.0,761.06,181.0,396.65,0.2,135.0,1004.69,
2015,8,4,14,29.0,49.7,720.0,768.66,153.0,398.0,0.39,119.0,1004.1,
2015,8,4,15,30.51,39.33,583.0,714.5,142.0,399.35,0.58,102.0,1003.51,
2015,8,4,16,29.14,43.88,410.0,587.91,134.0,398.22,0.95,87.0,1003.51,
2015,8,4,17,27.77,48.44,242.0,479.57,96.0,397.08,1.32,71.0,1003.51,
2015,8,4,18,26.39,52.99,63.0,97.45,50.0,395.95,1.7,55.0,1003.51,
2015,8,4,19,25.37,58.3,0.0,0.0,0.0,390.28,1.71,56.0,1003.74,
2015,8,4,20,24.35,63.6,0.0,0.0,0.0,384.62,1.73,57.0,1003.97,
2015,8,4,21,23.33,68.91,0.0,0.0,0.0,378.95,1.75,57.0,1004.2,
2015,8,4,22,23.01,73.11,0.0,0.0,0.0,375.82,1.76,58.0,1004.2,
2015,8,4,23,22.69,77.32,0.0,0.0,0.0,372.68,1.77,60.0,1004.2,
2015,8,5,0,22.36,81.52,0.0,0.0,0.0,369.55,1.78,61.0,1004.2,
2015,8,5,1,21.94,80.97,0.0,0.0,0.0,369.62,1.64,64.0,1004.5,
2015,8,5,2,21.51,80.41,0.0,0.0,0.0,369.68,1.49,67.0,1004.79,
2015,8,5,3,21.09,79.86,0.0,0.0,0.0,369.75,1.35,70.0,1005.09,
2015,8,5,4,22.56,76.31,0.0,0.0,0.0,370.22,1.43,64.0,1005.16,
2015,8,5,5,24.04,72.77,7.0,0.0,7.0,370.68,1.5,59.0,1005.22,
2015,8,5,6,25.51,69.22,21.0,0.0,21.0,371.15,1.57,54.0,1005.29,
2015,8,5,7,26.7,62.82,392.0,539.28,143.0,376.02,1.76,49.0,1005.42,
2015,8,5,8,27.88,56.43,568.0,684.82,150.0,380.88,1.94,44.0,1005.55,
2015,8,5,9,29.07,50.03,706.0,739.12,165.0,385.75,2.12,38.0,1005.68,
2015,8,5,10,29.2,48.89,805.0,772.47,173.0,391.37,1.71,22.0,1005.58,
2015,8,5,11,29.34,47.75,863.0,801.74,171.0,396.98,1.3,5.0,1005.49,
2015,8,5,12,29.48,46.61,872.0,831.24,154.0,402.6,0.88,349.0,1005.39,
2015,8,5,13,29.95,44.89,821.0,815.78,152.0,407.02,1.75,356.0,1005.06,
2015,8,5,14,30.43,43.18,718.0,768.71,153.0,411.43,2.62,3.0,1004.73,
2015,8,5,15,30.9,41.46,585.0,739.0,131.0,415.85,3.49,10.0,1004.4,
2015,8,5,16,29.68,44.23,430.0,707.64,100.0,413.93,3.09,13.0,1004.53,
2015,8,5,17,28.46,46.99,252.0,571.3,80.0,412.02,2.69,16.0,1004.66,
2015,8,5,18,27.24,49.76,56.0,69.34,47.0,410.1,2.29,19.0,1004.79,
2015,8,5,19,26.26,52.93,0.0,0.0,0.0,402.87,2.16,25.0,1005.02,
2015,8,5,20,25.28,56.09,0.0,0.0,0.0,395.63,2.02,31.0,1005.25,
2015,8,5,21,24.29,59.26,0.0,0.0,0.0,388.4,1.89,37.0,1005.49,
2015,8,5,22,23.86,62.35,0.0,0.0,0.0,384.43,1.81,37.0,1005.45,
2015,8,5,23,23.42,65.44,0.0,0.0,0.0,380.47,1.73,38.0,1005.42,
2015,8,6,0,22.98,68.53,0.0,0.0,0.0,376.5,1.66,39.0,1005.39,
2015,8,6,1,22.58,71.32,0.0,0.0,0.0,376.42,1.65,37.0,1005.45,
2015,8,6,2,22.17,74.11,0.0,0.0,0.0,376.33,1.65,34.0,1005.52,
2015,8,6,3,21.77,76.9,0.0,0.0,0.0,376.25,1.64,31.0,1005.58,
2015,8,6,4,23.03,73.95,0.0,0.0,0.0,376.25,1.75,31.0,1005.68,
2015,8,6,5,24.29,71.01,46.0,41.08,41.0,376.25,1.85,32.0,1005.78,
2015,8,6,6,25.55,68.06,205.0,310.34,114.0,376.25,1.96,32.0,1005.88,
2015,8,6,7,26.88,63.59,397.0,577.27,132.0,383.17,1.94,28.0,1005.82,
2015,8,6,8,28.21,59.11,568.0,695.85,145.0,390.08,1.91,24.0,1005.75,
2015,8,6,9,29.54,54.64,707.0,751.11,159.0,397.0,1.89,20.0,1005.68,
2015,8,6,10,29.94,50.8,807.0,785.69,166.0,402.75,2.03,29.0,1005.62,
2015,8,6,11,30.35,46.95,860.0,801.58,170.0,408.5,2.17,39.0,1005.55,
2015,8,6,12,30.76,43.11,870.0,830.07,155.0,414.25,2.32,49.0,1005.49,
2015,8,6,13,31.39,39.34,814.0,801.19,159.0,415.6,2.09,75.0,1005.25,
2015,8,6,14,32.02,35.58,704.0,727.87,171.0,416.95,1.87,101.0,1005.02,
2015,8,6,15,32.65,31.81,582.0,737.66,131.0,418.3,1.64,127.0,1004.79,
2015,8,6,16,31.22,36.33,37.0,0.0,37.0,413.25,1.78,132.0,1004.96,
2015,8,6,17,29.79,40.86,181.0,181.45,127.0,408.2,1.92,138.0,1005.12,
2015,8,6,18,28.35,45.38,57.0,87.25,46.0,403.15,2.06,143.0,1005.29,
2015,8,6,19,27.11,50.9,0.0,0.0,0.0,398.02,2.05,142.0,1005.45,
2015,8,6,20,25.87,56.42,0.0,0.0,0.0,392.88,2.05,142.0,1005.62,
2015,8,6,21,24.63,61.94,0.0,0.0,0.0,387.75,2.04,141.0,1005.78,
2015,8,6,22,24.16,65.91,0.0,0.0,0.0,384.93,1.91,131.0,1005.85,
2015,8,6,23,23.69,69.89,0.0,0.0,0.0,382.12,1.78,121.0,1005.91,
2015,8,7,0,23.21,73.86,0.0,0.0,0.0,379.3,1.66,111.0,1005.98,
2015,8,7,1,22.3,75.88,0.0,0.0,0.0,375.0,1.78,104.0,1006.15,
2015,8,7,2,21.39,77.91,0.0,0.0,0.0,370.7,1.9,98.0,1006.31,
2015,8,7,3,20.48,79.93,0.0,0.0,0.0,366.4,2.03,92.0,1006.48,
2015,8,7,4,22.03,75.9,0.0,0.0,0.0,366.92,1.79,91.0,1006.67,
2015,8,7,5,23.58,71.87,47.0,50.61,41.0,367.43,1.55,91.0,1006.87,
2015,8,7,6,25.13,67.84,211.0,365.12,105.0,367.95,1.31,90.0,1007.07,
2015,8,7,7,26.87,60.1,407.0,639.84,115.0,376.3,1.45,99.0,1007.2,
2015,8,7,8,28.61,52.35,571.0,718.57,136.0,384.65,1.6,108.0,1007.33,
2015,8,7,9,30.36,44.61,708.0,763.23,153.0,393.0,1.74,117.0,1007.47,
2015,8,7,10,30.42,43.37,809.0,799.03,159.0,398.4,1.4,122.0,1007.56,
2015,8,7,11,30.49,42.12,862.0,815.45,162.0,403.8,1.06,127.0,1007.66,
2015,8,7,12,30.56,40.88,867.0,830.12,154.0,409.2,0.72,131.0,1007.76,
2015,8,7,13,31.12,38.64,815.0,813.57,152.0,409.4,1.11,122.0,1007.37,
2015,8,7,14,31.67,36.4,712.0,766.31,153.0,409.6,1.5,113.0,1006.97,
2015,8,7,15,32.23,34.16,579.0,736.41,131.0,409.8,1.89,104.0,1006.57,
2015,8,7,16,30.8,37.57,402.0,591.51,130.0,406.25,1.84,102.0,1006.74,
2015,8,7,17,29.36,40.99,176.0,170.04,126.0,402.7,1.79,100.0,1006.9,
2015,8,7,18,27.92,44.4,51.0,57.25,44.0,399.15,1.74,98.0,1007.07,
2015,8,7,19,26.96,47.26,0.0,0.0,0.0,394.72,1.87,99.0,1007.27,
2015,8,7,20,26.0,50.13,0.0,0.0,0.0,390.28,2.0,100.0,1007.47,
2015,8,7,21,25.04,52.99,0.0,0.0,0.0,385.85,2.12,102.0,1007.66,
2015,8,7,22,24.64,55.24,0.0,0.0,0.0,382.32,1.96,102.0,1007.73,
2015,8,7,23,24.24,57.49,0.0,0.0,0.0,378.78,1.79,103.0,1007.8,
2015,8,8,0,23.83,59.74,0.0,0.0,0.0,375.25,1.63,104.0,1007.86,
2015,8,8,1,23.02,65.1,0.0,0.0,0.0,373.35,1.69,104.0,1007.89,
2015,8,8,2,22.21,70.45,0.0,0.0,0.0,371.45,1.75,104.0,1007.93,
2015,8,8,3,21.41,75.81,0.0,0.0,0.0,369.55,1.81,103.0,1007.96,
2015,8,8,4,22.87,71.2,0.0,0.0,0.0,370.88,1.73,111.0,1008.16,
2015,8,8,5,24.34,66.58,48.0,60.68,41.0,372.22,1.66,119.0,1008.36,
2015,8,8,6,25.8,61.97,205.0,341.02,107.0,373.55,1.59,128.0,1008.55,
2015,8,8,7,27.88,53.4,402.0,628.26,117.0,379.08,1.58,143.0,1008.75,
2015,8,8,8,29.96,44.84,565.0,705.03,140.0,384.62,1.58,159.0,1008.95,
2015,8,8,9,32.05,36.27,705.0,763.05,152.0,390.15,1.57,175.0,1009.15,
2015,8,8,10,32.48,34.03,802.0,784.14,166.0,394.65,1.15,172.0,1008.82,
2015,8,8,11,32.92,31.79,855.0,800.25,170.0,399.15,0.73,169.0,1008.49,
2015,8,8,12,33.36,29.55,860.0,815.05,162.0,403.65,0.3,166.0,1008.16,
2015,8,8,13,33.51,28.49,808.0,799.02,159.0,403.37,0.62,150.0,1007.73,
2015,8,8,14,33.66,27.43,673.0,638.6,209.0,403.08,0.93,134.0,1007.3,
2015,8,8,15,33.81,26.37,553.0,637.77,167.0,402.8,1.24,117.0,1006.87,
2015,8,8,16,32.13,30.36,411.0,655.04,112.0,398.93,1.62,126.0,1007.0,
2015,8,8,17,30.45,34.34,241.0,557.85,79.0,395.07,2.0,134.0,1007.14,
2015,8,8,18,28.77,38.33,48.0,50.68,42.0,391.2,2.39,142.0,1007.27,
2015,8,8,19,27.5,41.16,0.0,0.0,0.0,385.37,2.38,150.0,1007.43,
2015,8,8,20,26.22,43.98,0.0,0.0,0.0,379.53,2.37,157.0,1007.6,
2015,8,8,21,24.94,46.81,0.0,0.0,0.0,373.7,2.36,165.0,1007.76,
2015,8,8,22,24.49,48.05,0.0,0.0,0.0,369.92,2.85,171.0,1007.76,
2015,8,8,23,24.04,49.3,0.0,0.0,0.0,366.13,3.33,176.0,1007.76,
2015,8,9,0,23.58,50.54,0.0,0.0,0.0,362.35,3.82,182.0,1007.76,
2015,8,9,1,22.9,52.15,0.0,0.0,0.0,361.77,3.28,183.0,1007.83,
2015,8,9,2,22.22,53.77,0.0,0.0,0.0,361.18,2.74,184.0,1007.89,
2015,8,9,3,21.55,55.38,0.0,0.0,0.0,360.6,2.19,186.0,1007.96,
2015,8,9,4,22.85,52.58,0.0,0.0,0.0,359.65,2.13,185.0,1008.06,
2015,8,9,5,24.16,49.79,29.0,8.92,28.0,358.7,2.07,185.0,1008.16,
2015,8,9,6,25.46,46.99,200.0,323.48,108.0,357.75,2.01,184.0,1008.26,
2015,8,9,7,27.37,41.11,399.0,625.45,117.0,362.7,2.29,193.0,1008.19,
2015,8,9,8,29.28,35.23,563.0,704.75,140.0,367.65,2.57,201.0,1008.12,
2015,8,9,9,31.2,29.35,699.0,749.06,158.0,372.6,2.86,209.0,1008.06,
2015,8,9,10,31.89,27.68,795.0,769.21,173.0,376.1,1.94,203.0,1007.5,
2015,8,9,11,32.58,26.02,848.0,786.17,177.0,379.6,1.03,198.0,1006.94,
2015,8,9,12,33.27,24.35,857.0,814.01,162.0,383.1,0.11,193.0,1006.38,
2015,8,9,13,33.22,24.52,777.0,704.14,207.0,383.93,0.29,164.0,1006.05,
2015,8,9,14,33.18,24.69,666.0,626.01,213.0,384.77,0.46,134.0,1005.72,
2015,8,9,15,33.13,24.86,538.0,591.34,182.0,385.6,0.63,105.0,1005.39,
2015,8,9,16,31.62,28.13,398.0,598.25,127.0,380.98,1.14,116.0,1005.19,
2015,8,9,17,30.11,31.39,222.0,439.53,96.0,376.37,1.66,127.0,1004.99,
2015,8,9,18,28.6,34.66,53.0,96.15,42.0,371.75,2.17,138.0,1004.79,
2015,8,9,19,26.94,39.39,0.0,0.0,0.0,367.6,2.11,145.0,1004.96,
2015,8,9,20,25.28,44.13,0.0,0.0,0.0,363.45,2.06,153.0,1005.12,
2015,8,9,21,23.61,48.86,0.0,0.0,0.0,359.3,2.01,160.0,1005.29,
2015,8,9,22,22.97,51.84,0.0,0.0,0.0,356.02,1.83,164.0,1005.19,
2015,8,9,23,22.33,54.81,0.0,0.0,0.0,352.73,1.66,168.0,1005.09,
2015,8,10,0,21.69,57.79,0.0,0.0,0.0,349.45,1.48,172.0,1004.99,
2015,8,10,1,21.25,58.39,0.0,0.0,0.0,348.88,1.62,163.0,1004.96,
2015,8,10,2,20.81,58.98,0.0,0.0,0.0,348.32,1.76,154.0,1004.92,
2015,8,10,3,20.38,59.58,0.0,0.0,0.0,347.75,1.9,145.0,1004.89,
2015,8,10,4,21.74,56.95,0.0,0.0,0.0,347.35,2.01,139.0,1004.79,
2015,8,10,5,23.11,54.31,45.0,64.28,38.0,346.95,2.11,134.0,1004.69,
2015,8,10,6,24.47,51.68,215.0,429.98,94.0,346.55,2.22,128.0,1004.59,
2015,8,10,7,26.77,43.89,404.0,667.27,105.0,353.35,2.1,127.0,1004.5,
2015,8,10,8,29.07,36.11,568.0,741.32,125.0,360.15,1.97,126.0,1004.4,
2015,8,10,9,31.37,28.32,693.0,735.02,164.0,366.95,1.85,124.0,1004.3,
2015,8,10,10,32.01,25.62,789.0,755.47,180.0,371.73,1.54,122.0,1003.8,
2015,8,10,11,32.66,22.93,841.0,772.07,184.0,376.52,1.23,120.0,1003.31,
2015,8,10,12,33.31,20.23,846.0,786.0,177.0,381.3,0.92,118.0,1002.81,
2015,8,10,13,33.2,20.24,782.0,730.15,193.0,380.63,1.15,117.0,1002.65,
2015,8,10,14,33.09,20.26,656.0,602.29,222.0,379.97,1.37,115.0,1002.48,
2015,8,10,15,32.98,20.27,546.0,634.67,166.0,379.3,1.6,114.0,1002.32,
2015,8,10,16,31.31,23.54,345.0,373.8,177.0,374.97,1.6,116.0,1002.22,
2015,8,10,17,29.64,26.8,127.0,49.5,113.0,370.63,1.59,117.0,1002.12,
2015,8,10,18,27.96,30.07,39.0,27.19,36.0,366.3,1.59,118.0,1002.02,
2015,8,10,19,26.7,33.33,0.0,0.0,0.0,363.9,1.89,111.0,1002.28,
2015,8,10,20,25.43,36.58,0.0,0.0,0.0,361.5,2.19,105.0,1002.55,
2015,8,10,21,24.16,39.84,0.0,0.0,0.0,359.1,2.5,98.0,1002.81,
2015,8,10,22,23.48,42.8,0.0,0.0,0.0,357.95,2.19,92.0,1002.65,
2015,8,10,23,22.8,45.76,0.0,0.0,0.0,356.8,1.88,86.0,1002.48,
2015,8,11,0,22.12,48.72,0.0,0.0,0.0,355.65,1.57,80.0,1002.32,
2015,8,11,1,21.39,50.62,0.0,0.0,0.0,350.75,1.71,89.0,1002.35,
2015,8,11,2,20.66,52.52,0.0,0.0,0.0,345.85,1.86,98.0,1002.38,
2015,8,11,3,19.94,54.42,0.0,0.0,0.0,340.95,2.0,107.0,1002.42,
2015,8,11,4,21.42,52.29,0.0,0.0,0.0,340.95,1.99,108.0,1002.38,
2015,8,11,5,22.91,50.16,30.0,9.47,29.0,340.95,1.97,109.0,1002.35,
2015,8,11,6,24.4,48.03,185.0,265.81,111.0,340.95,1.96,110.0,1002.32,
2015,8,11,7,27.07,40.25,361.0,462.63,155.0,349.05,1.92,114.0,1002.48,
2015,8,11,8,29.73,32.47,540.0,630.33,165.0,357.15,1.88,119.0,1002.65,
2015,8,11,9,32.4,24.69,676.0,683.28,186.0,365.25,1.83,123.0,1002.81,
2015,8,11,10,33.01,22.49,786.0,755.38,179.0,373.07,1.39,128.0,1002.48,
2015,8,11,11,33.62,20.3,834.0,756.76,192.0,380.88,0.95,132.0,1002.15,
2015,8,11,12,34.24,18.1,834.0,757.87,191.0,388.7,0.51,136.0,1001.82,
2015,8,11,13,34.2,18.59,734.0,592.2,258.0,390.48,0.85,133.0,1001.72,
2015,8,11,14,34.15,19.07,642.0,567.27,235.0,392.27,1.19,129.0,1001.62,
2015,8,11,15,34.11,19.56,448.0,317.45,259.0,394.05,1.53,125.0,1001.53,
2015,8,11,16,32.7,22.3,289.0,197.4,201.0,390.53,1.8,130.0,1001.69,
2015,8,11,17,31.29,25.05,162.0,154.16,119.0,387.02,2.07,135.0,1001.86,
2015,8,11,18,29.87,27.79,53.0,131.85,39.0,383.5,2.34,140.0,1002.02,
2015,8,11,19,28.08,32.67,0.0,0.0,0.0,381.72,2.44,136.0,1002.45,
2015,8,11,20,26.28,37.54,0.0,0.0,0.0,379.93,2.54,132.0,1002.88,
2015,8,11,21,24.48,42.42,0.0,0.0,0.0,378.15,2.63,128.0,1003.31,
2015,8,11,22,23.9,45.66,0.0,0.0,0.0,375.32,2.47,114.0,1003.34,
2015,8,11,23,23.31,48.89,0.0,0.0,0.0,372.48,2.3,99.0,1003.37,
2015,8,12,0,22.72,52.13,0.0,0.0,0.0,369.65,2.14,85.0,1003.41,
2015,8,12,1,22.42,51.41,0.0,0.0,0.0,370.12,2.1,83.0,1003.54,
2015,8,12,2,22.12,50.7,0.0,0.0,0.0,370.58,2.06,81.0,1003.67,
2015,8,12,3,21.83,49.98,0.0,0.0,0.0,371.05,2.01,79.0,1003.8,
2015,8,12,4,23.14,49.84,0.0,0.0,0.0,371.88,1.46,84.0,1004.03,
2015,8,12,5,24.46,49.71,27.0,9.77,26.0,372.72,0.91,90.0,1004.26,
2015,8,12,6,25.77,49.57,210.0,432.19,91.0,373.55,0.36,95.0,1004.5,
2015,8,12,7,27.97,44.67,371.0,517.59,142.0,382.03,0.49,85.0,1004.66,
2015,8,12,8,30.17,39.78,540.0,641.64,160.0,390.52,0.63,76.0,1004.83,
2015,8,12,9,32.37,34.88,680.0,708.17,174.0,399.0,0.76,67.0,1004.99,
2015,8,12,10,32.77,32.75,779.0,740.35,186.0,401.98,0.99,73.0,1004.76,
2015,8,12,11,33.18,30.63,836.0,769.78,185.0,404.97,1.22,78.0,1004.53,
2015,8,12,12,33.59,28.5,844.0,798.2,169.0,407.95,1.45,84.0,1004.3,
2015,8,12,13,34.17,25.9,792.0,782.95,165.0,409.27,1.62,66.0,1003.77,
2015,8,12,14,34.75,23.31,696.0,761.61,152.0,410.58,1.79,48.0,1003.24,
2015,8,12,15,35.33,20.71,556.0,704.5,139.0,411.9,1.96,30.0,1002.71,
2015,8,12,16,33.6,23.66,382.0,572.32,129.0,409.27,2.1,40.0,1002.81,
2015,8,12,17,31.87,26.6,209.0,414.63,95.0,406.63,2.23,49.0,1002.91,
2015,8,12,18,30.14,29.55,43.0,68.66,36.0,404.0,2.37,58.0,1003.01,
2015,8,12,19,28.9,33.18,0.0,0.0,0.0,401.78,2.11,67.0,1003.24,
2015,8,12,20,27.66,36.81,0.0,0.0,0.0,399.57,1.86,76.0,1003.47,
2015,8,12,21,26.41,40.44,0.0,0.0,0.0,397.35,1.6,84.0,1003.7,
2015,8,12,22,25.69,44.33,0.0,0.0,0.0,391.43,1.1,81.0,1003.57,
2015,8,12,23,24.96,48.22,0.0,0.0,0.0,385.52,0.6,77.0,1003.44,
2015,8,13,0,24.23,52.11,0.0,0.0,0.0,379.6,0.1,74.0,1003.31,
2015,8,13,1,23.58,53.14,0.0,0.0,0.0,374.65,0.49,68.0,1003.31,
2015,8,13,2,22.93,54.16,0.0,0.0,0.0,369.7,0.88,62.0,1003.31,
2015,8,13,3,22.29,55.19,0.0,0.0,0.0,364.75,1.27,56.0,1003.31,
2015,8,13,4,23.77,52.79,0.0,0.0,0.0,365.18,1.19,54.0,1003.47,
2015,8,13,5,25.25,50.4,29.0,20.2,27.0,365.62,1.11,51.0,1003.64,
2015,8,13,6,26.73,48.0,176.0,238.73,111.0,366.05,1.03,48.0,1003.8,
2015,8,13,7,29.13,41.46,362.0,489.12,147.0,374.73,0.95,49.0,1003.64,
2015,8,13,8,31.53,34.92,532.0,617.47,168.0,383.42,0.87,50.0,1003.47,
2015,8,13,9,33.93,28.38,677.0,706.59,174.0,392.1,0.79,52.0,1003.31,
2015,8,13,10,34.32,26.58,781.0,754.07,179.0,398.87,1.27,47.0,1002.91,
2015,8,13,11,34.71,24.79,837.0,784.11,176.0,405.63,1.75,43.0,1002.52,
2015,8,13,12,35.1,22.99,841.0,797.34,169.0,412.4,2.23,39.0,1002.12,
2015,8,13,13,34.82,23.67,785.0,768.38,172.0,413.18,2.44,32.0,1001.86,
2015,8,13,14,34.54,24.35,685.0,734.17,163.0,413.97,2.65,25.0,1001.59,
2015,8,13,15,34.26,25.03,544.0,666.24,152.0,414.75,2.86,18.0,1001.33,
2015,8,13,16,32.73,28.24,383.0,590.98,124.0,412.65,2.67,25.0,1001.36,
2015,8,13,17,31.2,31.44,221.0,539.01,75.0,410.55,2.49,33.0,1001.39,
2015,8,13,18,29.66,34.65,43.0,81.95,35.0,408.45,2.3,40.0,1001.43,
2015,8,13,19,28.59,38.16,0.0,0.0,0.0,402.78,2.21,44.0,1001.56,
2015,8,13,20,27.52,41.66,0.0,0.0,0.0,397.12,2.12,48.0,1001.69,
2015,8,13,21,26.45,45.17,0.0,0.0,0.0,391.45,2.03,51.0,1001.82,
2015,8,13,22,25.95,48.21,0.0,0.0,0.0,386.88,2.12,51.0,1001.66,
2015,8,13,23,25.44,51.25,0.0,0.0,0.0,382.32,2.21,50.0,1001.49,
2015,8,14,0,24.93,54.29,0.0,0.0,0.0,377.75,2.3,49.0,1001.33,
2015,8,14,1,24.38,55.36,0.0,0.0,0.0,374.17,2.16,45.0,1001.33,
2015,8,14,2,23.83,56.42,0.0,0.0,0.0,370.58,2.02,41.0,1001.33,
2015,8,14,3,23.29,57.49,0.0,0.0,0.0,367.0,1.88,37.0,1001.33,
2015,8,14,4,24.46,55.52,0.0,0.0,0.0,366.78,1.83,43.0,1001.43,
2015,8,14,5,25.63,53.55,27.0,10.45,26.0,366.57,1.78,48.0,1001.53,
2015,8,14,6,26.8,51.58,178.0,263.77,107.0,366.35,1.74,54.0,1001.62,
2015,8,14,7,28.63,45.52,371.0,545.04,133.0,374.9,1.76,62.0,1001.53,
2015,8,14,8,30.46,39.46,537.0,651.06,155.0,383.45,1.78,70.0,1001.43,
2015,8,14,9,32.29,33.4,678.0,719.14,168.0,392.0,1.81,78.0,1001.33,
2015,8,14,10,32.73,31.31,774.0,739.03,186.0,398.02,1.89,82.0,1000.8,
2015,8,14,11,33.17,29.23,830.0,768.84,184.0,404.03,1.97,86.0,1000.27,
2015,8,14,12,33.62,27.14,834.0,783.43,176.0,410.05,2.06,89.0,999.74,
2015,8,14,13,33.67,26.83,782.0,767.6,172.0,410.7,2.04,89.0,999.25,
2015,8,14,14,33.72,26.52,682.0,733.41,163.0,411.35,2.03,88.0,998.75,
2015,8,14,15,33.77,26.21,546.0,689.17,143.0,412.0,2.01,88.0,998.26,
2015,8,14,16,32.25,29.57,373.0,557.15,131.0,407.78,2.18,93.0,998.39,
2015,8,14,17,30.73,32.92,202.0,416.2,91.0,403.57,2.35,98.0,998.52,
2015,8,14,18,29.21,36.28,38.0,64.36,32.0,399.35,2.52,104.0,998.66,
2015,8,14,19,28.29,40.2,0.0,0.0,0.0,397.22,2.57,108.0,998.75,
2015,8,14,20,27.36,44.12,0.0,0.0,0.0,395.08,2.61,113.0,998.85,
2015,8,14,21,26.43,48.04,0.0,0.0,0.0,392.95,2.65,118.0,998.95,
2015,8,14,22,26.03,50.8,0.0,0.0,0.0,389.48,2.73,120.0,998.69,
2015,8,14,23,25.63,53.57,0.0,0.0,0.0,386.02,2.8,121.0,998.42,
2015,8,15,0,25.23,56.33,0.0,0.0,0.0,382.55,2.88,123.0,998.16,
2015,8,15,1,24.53,58.9,0.0,0.0,0.0,379.2,2.57,122.0,998.09,
2015,8,15,2,23.83,61.47,0.0,0.0,0.0,375.85,2.26,122.0,998.03,
2015,8,15,3,23.14,64.04,0.0,0.0,0.0,372.5,1.94,121.0,997.96,
2015,8,15,4,24.33,61.0,0.0,0.0,0.0,372.27,1.94,124.0,998.09,
2015,8,15,5,25.53,57.97,22.0,0.0,22.0,372.03,1.93,128.0,998.23,
2015,8,15,6,26.73,54.93,163.0,199.2,110.0,371.8,1.92,131.0,998.36,
2015,8,15,7,28.39,48.77,350.0,458.8,151.0,378.65,2.07,135.0,998.26,
2015,8,15,8,30.04,42.61,529.0,626.77,163.0,385.5,2.22,140.0,998.16,
2015,8,15,9,31.7,36.45,665.0,680.87,184.0,392.35,2.37,144.0,998.06,
2015,8,15,10,32.28,33.53,763.0,712.58,198.0,398.42,2.24,114.0,997.6,
2015,8,15,11,32.87,30.6,818.0,741.58,197.0,404.48,2.11,84.0,997.14,
2015,8,15,12,33.46,27.68,805.0,702.57,217.0,410.55,1.97,54.0,996.68,
2015,8,15,13,33.81,26.41,722.0,590.02,255.0,415.93,1.69,97.0,996.38,
2015,8,15,14,34.17,25.15,629.0,563.73,232.0,421.32,1.41,140.0,996.08,
2015,8,15,15,34.52,23.88,492.0,490.48,207.0,426.7,1.13,184.0,995.78,
2015,8,15,16,33.1,26.38,359.0,506.53,141.0,419.88,1.51,163.0,995.85,
2015,8,15,17,31.68,28.89,192.0,369.59,95.0,413.07,1.89,142.0,995.92,
2015,8,15,18,30.25,31.39,42.0,112.69,32.0,406.25,2.26,120.0,995.98,
2015,8,15,19,29.06,34.74,0.0,0.0,0.0,402.5,2.34,123.0,996.18,
2015,8,15,20,27.87,38.09,0.0,0.0,0.0,398.75,2.43,125.0,996.38,
2015,8,15,21,26.68,41.44,0.0,0.0,0.0,395.0,2.51,127.0,996.58,
2015,8,15,22,26.22,44.53,0.0,0.0,0.0,392.5,2.26,133.0,996.48,
2015,8,15,23,25.75,47.62,0.0,0.0,0.0,390.0,2.0,138.0,996.38,
2015,8,16,0,25.28,50.71,0.0,0.0,0.0,387.5,1.75,143.0,996.28,
2015,8,16,1,24.8,52.44,0.0,0.0,0.0,385.23,1.66,173.0,996.41,
2015,8,16,2,24.31,54.17,0.0,0.0,0.0,382.97,1.57,202.0,996.54,
2015,8,16,3,23.83,55.9,0.0,0.0,0.0,380.7,1.48,231.0,996.68,
2015,8,16,4,24.77,54.29,0.0,0.0,0.0,380.48,1.57,206.0,996.71,
2015,8,16,5,25.71,52.68,27.0,22.48,25.0,380.27,1.67,180.0,996.74,
2015,8,16,6,26.65,51.07,135.0,95.09,110.0,380.05,1.77,155.0,996.77,
2015,8,16,7,28.62,45.76,328.0,371.42,168.0,387.18,2.24,169.0,996.71,
2015,8,16,8,30.58,40.45,451.0,359.65,242.0,394.32,2.72,184.0,996.64,
2015,8,16,9,32.55,35.14,567.0,390.81,292.0,401.45,3.2,198.0,996.58,
2015,8,16,10,32.84,32.76,607.0,313.88,359.0,408.87,3.0,200.0,996.35,
2015,8,16,11,33.13,30.39,734.0,510.48,308.0,416.28,2.8,201.0,996.11,
2015,8,16,12,33.43,28.01,798.0,688.34,224.0,423.7,2.61,203.0,995.88,
2015,8,16,13,32.57,31.86,763.0,725.66,191.0,420.47,2.57,175.0,995.98,
2015,8,16,14,31.71,35.7,664.0,693.56,178.0,417.23,2.52,148.0,996.08,
2015,8,16,15,30.85,39.55,527.0,639.21,158.0,414.0,2.48,120.0,996.18,
2015,8,16,16,29.74,43.0,353.0,494.94,142.0,414.05,2.32,111.0,996.11,
2015,8,16,17,28.63,46.45,105.0,30.99,97.0,414.1,2.15,103.0,996.05,
2015,8,16,18,27.52,49.9,4.0,0.0,4.0,414.15,1.99,95.0,995.98,
2015,8,16,19,26.62,54.12,0.0,0.0,0.0,410.82,1.86,78.0,995.85,
2015,8,16,20,25.72,58.34,0.0,0.0,0.0,407.48,1.73,62.0,995.72,
2015,8,16,21,24.81,62.56,0.0,0.0,0.0,404.15,1.6,46.0,995.59,
2015,8,16,22,24.67,64.62,0.0,0.0,0.0,403.92,1.62,56.0,995.32,
2015,8,16,23,24.53,66.69,0.0,0.0,0.0,403.68,1.64,66.0,995.06,
2015,8,17,0,24.39,68.75,0.0,0.0,0.0,403.45,1.66,76.0,994.8,
2015,8,17,1,23.31,72.67,0.0,0.0,0.0,400.73,2.38,96.0,995.19,
2015,8,17,2,22.23,76.6,0.0,0.0,0.0,398.02,3.11,116.0,995.59,
2015,8,17,3,21.15,80.52,0.0,0.0,0.0,395.3,3.83,136.0,995.98,
2015,8,17,4,21.38,81.55,0.0,0.0,0.0,393.52,3.51,132.0,996.05,
2015,8,17,5,21.62,82.57,4.0,0.0,4.0,391.73,3.19,128.0,996.11,
2015,8,17,6,21.86,83.6,20.0,0.0,20.0,389.95,2.87,125.0,996.18,
2015,8,17,7,22.34,81.73,229.0,91.16,190.0,391.4,3.06,128.0,996.38,
2015,8,17,8,22.82,79.85,531.0,658.88,150.0,392.85,3.25,131.0,996.58,
2015,8,17,9,23.3,77.98,516.0,276.8,322.0,394.3,3.43,134.0,996.77,
2015,8,17,10,23.12,79.16,142.0,0.0,142.0,396.02,4.1,143.0,996.64,
2015,8,17,11,22.94,80.33,422.0,48.1,382.0,397.73,4.76,152.0,996.51,
2015,8,17,12,22.76,81.51,515.0,126.39,410.0,399.45,5.42,160.0,996.38,
2015,8,17,13,22.63,81.25,217.0,0.0,217.0,398.47,4.86,166.0,996.48,
2015,8,17,14,22.49,81.0,174.0,0.0,174.0,397.48,4.3,173.0,996.58,
2015,8,17,15,22.36,80.74,96.0,0.0,96.0,396.5,3.74,179.0,996.68,
2015,8,17,16,21.36,84.57,48.0,0.0,48.0,390.17,3.55,180.0,996.91,
2015,8,17,17,20.35,88.39,59.0,0.0,59.0,383.83,3.36,181.0,997.14,
2015,8,17,18,19.34,92.22,19.0,0.0,19.0,377.5,3.17,182.0,997.37,
2015,8,17,19,19.05,92.89,0.0,0.0,0.0,374.32,3.22,182.0,997.53,
2015,8,17,20,18.76,93.56,0.0,0.0,0.0,371.13,3.26,182.0,997.7,
2015,8,17,21,18.47,94.23,0.0,0.0,0.0,367.95,3.31,182.0,997.86,
2015,8,17,22,18.59,94.35,0.0,0.0,0.0,367.1,3.11,183.0,997.83,
2015,8,17,23,18.7,94.48,0.0,0.0,0.0,366.25,2.91,184.0,997.8,
2015,8,18,0,18.81,94.6,0.0,0.0,0.0,365.4,2.7,184.0,997.76,
2015,8,18,1,18.73,94.72,0.0,0.0,0.0,371.43,2.89,184.0,997.96,
2015,8,18,2,18.65,94.85,0.0,0.0,0.0,377.47,3.07,183.0,998.16,
2015,8,18,3,18.58,94.97,0.0,0.0,0.0,383.5,3.26,183.0,998.36,
2015,8,18,4,18.8,95.39,0.0,0.0,0.0,385.15,3.19,186.0,998.59,
2015,8,18,5,19.03,95.8,4.0,0.0,4.0,386.8,3.12,188.0,998.82,
2015,8,18,6,19.26,96.22,18.0,0.0,18.0,388.45,3.05,191.0,999.05,
2015,8,18,7,19.56,96.15,97.0,0.0,97.0,390.02,2.7,202.0,999.22,
2015,8,18,8,19.86,96.08,129.0,0.0,129.0,391.58,2.36,213.0,999.38,
2015,8,18,9,20.17,96.01,196.0,0.0,196.0,393.15,2.01,223.0,999.55,
2015,8,18,10,20.43,94.83,182.0,0.0,182.0,395.75,2.56,232.0,999.65,
2015,8,18,11,20.69,93.65,115.0,0.0,115.0,398.35,3.11,240.0,999.74,
2015,8,18,12,20.95,92.47,139.0,0.0,139.0,400.95,3.66,248.0,999.84,
2015,8,18,13,20.75,91.67,190.0,0.0,190.0,399.17,4.08,258.0,1000.37,
2015,8,18,14,20.56,90.86,134.0,0.0,134.0,397.38,4.5,268.0,1000.9,
2015,8,18,15,20.36,90.06,204.0,7.02,200.0,395.6,4.92,279.0,1001.43,
2015,8,18,16,19.81,90.5,33.0,0.0,33.0,390.57,4.13,282.0,1001.59,
2015,8,18,17,19.25,90.95,17.0,0.0,17.0,385.53,3.33,286.0,1001.76,
2015,8,18,18,18.69,91.39,3.0,0.0,3.0,380.5,2.54,290.0,1001.92,
2015,8,18,19,18.53,92.04,0.0,0.0,0.0,380.0,2.68,283.0,1002.15,
2015,8,18,20,18.37,92.69,0.0,0.0,0.0,379.5,2.82,276.0,1002.38,
2015,8,18,21,18.21,93.34,0.0,0.0,0.0,379.0,2.97,269.0,1002.61,
2015,8,18,22,18.35,93.58,0.0,0.0,0.0,375.65,2.59,265.0,1002.61,
2015,8,18,23,18.48,93.82,0.0,0.0,0.0,372.3,2.21,261.0,1002.61,
2015,8,19,0,18.61,94.06,0.0,0.0,0.0,368.95,1.83,257.0,1002.61,
2015,8,19,1,18.07,94.59,0.0,0.0,0.0,367.02,1.83,254.0,1002.94,
2015,8,19,2,17.53,95.11,0.0,0.0,0.0,365.08,1.83,250.0,1003.27,
2015,8,19,3,16.99,95.64,0.0,0.0,0.0,363.15,1.82,246.0,1003.6,
2015,8,19,4,17.42,94.38,0.0,0.0,0.0,363.9,1.94,247.0,1003.64,
2015,8,19,5,17.85,93.12,18.0,0.0,18.0,364.65,2.07,247.0,1003.67,
2015,8,19,6,18.28,91.86,25.0,0.0,25.0,365.4,2.19,248.0,1003.7,
2015,8,19,7,19.2,86.13,82.0,0.0,82.0,368.5,2.13,256.0,1003.7,
2015,8,19,8,20.11,80.39,102.0,0.0,102.0,371.6,2.07,264.0,1003.7,
2015,8,19,9,21.03,74.66,131.0,0.0,131.0,374.7,2.01,272.0,1003.7,
2015,8,19,10,21.11,75.12,109.0,0.0,109.0,379.13,1.89,285.0,1003.67,
2015,8,19,11,21.19,75.59,226.0,0.0,226.0,383.57,1.77,298.0,1003.64,
2015,8,19,12,21.28,76.05,136.0,0.0,136.0,388.0,1.66,310.0,1003.6,
2015,8,19,13,22.07,69.59,125.0,0.0,125.0,384.2,1.3,323.0,1003.47,
2015,8,19,14,22.87,63.12,235.0,2.9,233.0,380.4,0.95,337.0,1003.34,
2015,8,19,15,23.66,56.66,237.0,19.45,226.0,376.6,0.59,350.0,1003.21,
2015,8,19,16,22.62,61.0,259.0,174.06,187.0,373.22,0.98,3.0,1003.21,
2015,8,19,17,21.57,65.35,141.0,155.32,103.0,369.83,1.37,17.0,1003.21,
2015,8,19,18,20.52,69.69,28.0,57.13,24.0,366.45,1.75,31.0,1003.21,
2015,8,19,19,20.18,71.95,0.0,0.0,0.0,369.97,1.68,38.0,1003.37,
2015,8,19,20,19.84,74.22,0.0,0.0,0.0,373.48,1.6,45.0,1003.54,
2015,8,19,21,19.5,76.48,0.0,0.0,0.0,377.0,1.53,52.0,1003.7,
2015,8,19,22,19.66,77.02,0.0,0.0,0.0,380.82,1.43,57.0,1003.74,
2015,8,19,23,19.82,77.56,0.0,0.0,0.0,384.63,1.33,62.0,1003.77,
2015,8,20,0,19.98,78.1,0.0,0.0,0.0,388.45,1.23,67.0,1003.8,
2015,8,20,1,19.42,78.77,0.0,0.0,0.0,383.57,1.47,75.0,1004.17,
2015,8,20,2,18.85,79.45,0.0,0.0,0.0,378.68,1.71,83.0,1004.53,
2015,8,20,3,18.29,80.12,0.0,0.0,0.0,373.8,1.96,92.0,1004.89,
2015,8,20,4,18.22,83.25,0.0,0.0,0.0,371.75,2.02,93.0,1005.25,
2015,8,20,5,18.15,86.38,3.0,0.0,3.0,369.7,2.09,94.0,1005.62,
2015,8,20,6,18.08,89.51,17.0,0.0,17.0,367.65,2.15,96.0,1005.98,
2015,8,20,7,18.22,89.31,33.0,0.0,33.0,371.52,2.12,97.0,1006.31,
2015,8,20,8,18.35,89.1,48.0,0.0,48.0,375.38,2.1,98.0,1006.64,
2015,8,20,9,18.49,88.9,69.0,0.0,69.0,379.25,2.07,100.0,1006.97,
2015,8,20,10,18.8,85.18,69.0,0.0,69.0,383.85,1.9,98.0,1007.07,
2015,8,20,11,19.11,81.47,74.0,0.0,74.0,388.45,1.73,97.0,1007.17,
2015,8,20,12,19.42,77.75,140.0,0.0,140.0,393.05,1.56,95.0,1007.27,
2015,8,20,13,18.76,81.58,88.0,0.0,88.0,390.97,2.14,90.0,1007.76,
2015,8,20,14,18.11,85.41,134.0,0.0,134.0,388.88,2.73,84.0,1008.26,
2015,8,20,15,17.45,89.24,86.0,0.0,86.0,386.8,3.31,78.0,1008.75,
2015,8,20,16,17.09,89.53,119.0,2.44,118.0,381.22,2.74,77.0,1008.82,
2015,8,20,17,16.72,89.83,71.0,4.17,70.0,375.63,2.16,75.0,1008.88,
2015,8,20,18,16.35,90.12,25.0,61.4,21.0,370.05,1.59,74.0,1008.95,
2015,8,20,19,16.25,90.56,0.0,0.0,0.0,369.57,1.8,68.0,1009.31,
2015,8,20,20,16.14,90.99,0.0,0.0,0.0,369.08,2.02,63.0,1009.68,
2015,8,20,21,16.03,91.43,0.0,0.0,0.0,368.6,2.23,58.0,1010.04,
2015,8,20,22,16.25,91.58,0.0,0.0,0.0,372.92,2.11,58.0,1010.01,
2015,8,20,23,16.46,91.74,0.0,0.0,0.0,377.23,1.98,58.0,1009.97,
2015,8,21,0,16.67,91.89,0.0,0.0,0.0,381.55,1.85,58.0,1009.94,
2015,8,21,1,16.37,93.43,0.0,0.0,0.0,380.38,2.11,64.0,1010.07,
2015,8,21,2,16.06,94.96,0.0,0.0,0.0,379.22,2.37,70.0,1010.2,
2015,8,21,3,15.76,96.5,0.0,0.0,0.0,378.05,2.63,75.0,1010.34,
2015,8,21,4,16.03,96.22,0.0,0.0,0.0,379.7,2.26,80.0,1010.53,
2015,8,21,5,16.3,95.95,11.0,0.0,11.0,381.35,1.89,85.0,1010.73,
2015,8,21,6,16.57,95.67,33.0,0.0,33.0,383.0,1.52,89.0,1010.93,
2015,8,21,7,16.84,93.82,54.0,0.0,54.0,383.32,1.59,94.0,1011.03,
2015,8,21,8,17.1,91.98,85.0,0.0,85.0,383.63,1.66,98.0,1011.13,
2015,8,21,9,17.37,90.13,80.0,0.0,80.0,383.95,1.72,103.0,1011.23,
2015,8,21,10,17.69,88.11,103.0,0.0,103.0,384.02,1.86,100.0,1011.03,
2015,8,21,11,18.01,86.08,91.0,0.0,91.0,384.08,2.0,97.0,1010.83,
2015,8,21,12,18.34,84.06,132.0,0.0,132.0,384.15,2.14,95.0,1010.63,
2015,8,21,13,18.55,83.48,92.0,0.0,92.0,379.97,2.07,95.0,1010.7,
2015,8,21,14,18.75,82.91,59.0,0.0,59.0,375.78,2.01,96.0,1010.76,
2015,8,21,15,18.96,82.33,91.0,0.0,91.0,371.6,1.94,96.0,1010.83,
2015,8,21,16,18.19,85.28,50.0,0.0,50.0,370.25,2.0,88.0,1010.8,
2015,8,21,17,17.42,88.24,82.0,12.75,79.0,368.9,2.05,80.0,1010.76,
2015,8,21,18,16.65,91.19,4.0,0.0,4.0,367.55,2.1,72.0,1010.73,
2015,8,21,19,16.31,92.54,0.0,0.0,0.0,364.08,2.0,74.0,1010.73,
2015,8,21,20,15.97,93.88,0.0,0.0,0.0,360.62,1.91,76.0,1010.73,
2015,8,21,21,15.63,95.23,0.0,0.0,0.0,357.15,1.82,78.0,1010.73,
2015,8,21,22,15.66,95.94,0.0,0.0,0.0,356.82,1.68,80.0,1010.53,
2015,8,21,23,15.69,96.64,0.0,0.0,0.0,356.48,1.54,82.0,1010.34,
2015,8,22,0,15.72,97.35,0.0,0.0,0.0,356.15,1.41,84.0,1010.14,
2015,8,22,1,15.73,97.37,0.0,0.0,0.0,361.6,1.24,76.0,1010.01,
2015,8,22,2,15.74,97.4,0.0,0.0,0.0,367.05,1.08,68.0,1009.87,
2015,8,22,3,15.76,97.42,0.0,0.0,0.0,372.5,0.91,60.0,1009.74,
2015,8,22,4,16.07,97.37,0.0,0.0,0.0,368.82,0.88,60.0,1009.81,
2015,8,22,5,16.39,97.32,3.0,0.0,3.0,365.13,0.85,60.0,1009.87,
2015,8,22,6,16.71,97.27,67.0,4.1,66.0,361.45,0.81,59.0,1009.94,
2015,8,22,7,17.31,92.73,135.0,4.85,133.0,362.38,1.04,69.0,1009.77,
2015,8,22,8,17.9,88.18,155.0,0.0,155.0,363.32,1.27,80.0,1009.61,
2015,8,22,9,18.5,83.64,83.0,0.0,83.0,364.25,1.5,90.0,1009.44,
2015,8,22,10,19.04,78.2,91.0,0.0,91.0,367.48,1.57,91.0,1009.08,
2015,8,22,11,19.58,72.76,115.0,0.0,115.0,370.72,1.64,92.0,1008.72,
2015,8,22,12,20.12,67.32,223.0,0.0,223.0,373.95,1.71,93.0,1008.36,
2015,8,22,13,19.85,66.73,377.0,41.71,345.0,375.92,1.77,101.0,1008.36,
2015,8,22,14,19.59,66.13,505.0,289.03,309.0,377.88,1.84,109.0,1008.36,
2015,8,22,15,19.32,65.54,340.0,142.87,261.0,379.85,1.9,117.0,1008.36,
2015,8,22,16,18.73,68.43,70.0,0.0,70.0,377.22,1.64,113.0,1008.26,
2015,8,22,17,18.14,71.31,16.0,0.0,16.0,374.58,1.37,109.0,1008.16,
2015,8,22,18,17.54,74.2,4.0,0.0,4.0,371.95,1.1,105.0,1008.06,
2015,8,22,19,17.05,76.35,0.0,0.0,0.0,368.03,1.2,92.0,1008.09,
2015,8,22,20,16.56,78.49,0.0,0.0,0.0,364.12,1.29,80.0,1008.12,
2015,8,22,21,16.06,80.64,0.0,0.0,0.0,360.2,1.38,68.0,1008.16,
2015,8,22,22,16.07,81.54,0.0,0.0,0.0,360.22,1.25,73.0,1007.86,
2015,8,22,23,16.08,82.44,0.0,0.0,0.0,360.23,1.12,78.0,1007.56,
2015,8,23,0,16.08,83.34,0.0,0.0,0.0,360.25,0.99,84.0,1007.27,
2015,8,23,1,14.79,87.77,0.0,0.0,0.0,349.63,1.12,89.0,1007.3,
2015,8,23,2,13.5,92.19,0.0,0.0,0.0,339.02,1.24,95.0,1007.33,
2015,8,23,3,12.21,96.62,0.0,0.0,0.0,328.4,1.37,100.0,1007.37,
2015,8,23,4,13.33,94.95,0.0,0.0,0.0,329.98,1.26,98.0,1007.4,
2015,8,23,5,14.46,93.27,3.0,0.0,3.0,331.57,1.16,95.0,1007.43,
2015,8,23,6,15.58,91.6,32.0,0.0,32.0,333.15,1.06,93.0,1007.47,
2015,8,23,7,16.87,81.1,138.0,4.89,136.0,336.33,1.01,104.0,1007.37,
2015,8,23,8,18.16,70.6,253.0,32.12,235.0,339.52,0.96,115.0,1007.27,
2015,8,23,9,19.46,60.1,450.0,177.13,329.0,342.7,0.91,126.0,1007.17,
2015,8,23,10,19.99,56.39,661.0,475.82,295.0,354.4,0.79,141.0,1006.94,
2015,8,23,11,20.52,52.67,743.0,585.66,267.0,366.1,0.67,156.0,1006.71,
2015,8,23,12,21.06,48.96,716.0,517.99,296.0,377.8,0.55,172.0,1006.48,
2015,8,23,13,21.49,50.55,640.0,434.82,308.0,380.1,0.61,169.0,1006.18,
2015,8,23,14,21.91,52.14,549.0,404.98,276.0,382.4,0.66,167.0,1005.88,
2015,8,23,15,22.34,53.73,421.0,346.32,231.0,384.7,0.72,165.0,1005.58,
2015,8,23,16,21.23,59.16,345.0,593.94,110.0,378.88,0.75,127.0,1005.65,
2015,8,23,17,20.12,64.59,166.0,390.01,78.0,373.07,0.79,90.0,1005.72,
2015,8,23,18,19.0,70.02,13.0,19.95,12.0,367.25,0.83,53.0,1005.78,
2015,8,23,19,18.12,73.21,0.0,0.0,0.0,359.85,0.99,62.0,1005.98,
2015,8,23,20,17.24,76.41,0.0,0.0,0.0,352.45,1.16,71.0,1006.18,
2015,8,23,21,16.36,79.6,0.0,0.0,0.0,345.05,1.32,80.0,1006.38,
2015,8,23,22,16.02,82.15,0.0,0.0,0.0,340.32,1.31,87.0,1006.31,
2015,8,23,23,15.68,84.69,0.0,0.0,0.0,335.58,1.3,94.0,1006.24,
2015,8,24,0,15.34,87.24,0.0,0.0,0.0,330.85,1.28,101.0,1006.18,
2015,8,24,1,14.82,87.1,0.0,0.0,0.0,327.1,1.31,110.0,1006.24,
2015,8,24,2,14.29,86.96,0.0,0.0,0.0,323.35,1.34,119.0,1006.31,
2015,8,24,3,13.77,86.82,0.0,0.0,0.0,319.6,1.37,128.0,1006.38,
2015,8,24,4,15.16,82.77,0.0,0.0,0.0,319.6,1.48,126.0,1006.61,
2015,8,24,5,16.56,78.71,3.0,0.0,3.0,319.6,1.59,123.0,1006.84,
2015,8,24,6,17.96,74.66,163.0,312.22,89.0,319.6,1.7,120.0,1007.07,
2015,8,24,7,20.0,66.24,331.0,480.07,136.0,325.6,2.02,127.0,1007.14,
2015,8,24,8,22.04,57.83,539.0,789.54,99.0,331.6,2.34,133.0,1007.2,
2015,8,24,9,24.08,49.41,538.7,470.06,219.05,337.6,2.66,139.0,1007.27,
2015,8,24,10,24.83,45.2,621.3,500.18,238.15,344.13,2.69,147.0,1007.0,
2015,8,24,11,25.59,40.99,637.1,498.32,233.75,350.67,2.73,155.0,1006.74,
2015,8,24,12,26.35,36.78,599.3,455.11,231.9,357.2,2.76,162.0,1006.48,
2015,8,24,13,26.41,37.7,607.2,481.23,241.6,362.52,2.61,164.0,1006.31,
2015,8,24,14,26.47,38.63,471.35,362.24,228.65,367.83,2.46,165.0,1006.15,
2015,8,24,15,26.53,39.55,387.4,377.23,182.1,373.15,2.32,166.0,1005.98,
2015,8,24,16,24.94,44.52,269.9,340.29,136.85,371.53,2.23,159.0,1005.91,
2015,8,24,17,23.34,49.48,125.05,226.78,75.0,369.92,2.14,152.0,1005.85,
2015,8,24,18,21.74,54.45,13.6,36.68,11.95,368.3,2.06,145.0,1005.78,
2015,8,24,19,21.03,56.07,0.0,0.0,0.0,361.18,2.21,146.0,1005.91,
2015,8,24,20,20.32,57.69,0.0,0.0,0.0,354.07,2.36,147.0,1006.05,
2015,8,24,21,19.61,59.31,0.0,0.0,0.0,346.95,2.51,149.0,1006.18,
2015,8,24,22,19.67,59.12,0.0,0.0,0.0,346.1,2.57,150.0,1006.11,
2015,8,24,23,19.73,58.94,0.0,0.0,0.0,345.25,2.62,150.0,1006.05,
2015,8,25,0,19.79,58.75,0.0,0.0,0.0,344.4,2.68,151.0,1005.98,
2015,8,25,1,19.48,58.04,0.0,0.0,0.0,343.57,2.55,150.0,1005.95,
2015,8,25,2,19.17,57.33,0.0,0.0,0.0,342.73,2.43,149.0,1005.91,
2015,8,25,3,18.87,56.62,0.0,0.0,0.0,341.9,2.3,148.0,1005.88,
2015,8,25,4,19.67,56.33,0.0,0.0,0.0,342.12,2.63,145.0,1005.91,
2015,8,25,5,20.47,56.04,2.0,0.0,2.0,342.33,2.95,143.0,1005.95,
2015,8,25,6,21.27,55.75,32.0,0.0,32.0,342.55,3.27,140.0,1005.98,
2015,8,25,7,23.06,51.33,141.0,7.44,138.0,348.68,3.44,144.0,1006.05,
2015,8,25,8,24.84,46.9,244.0,28.87,228.0,354.82,3.61,149.0,1006.11,
2015,8,25,9,26.63,42.48,411.0,125.58,326.0,360.95,3.78,153.0,1006.18,
2015,8,25,10,27.42,39.58,553.0,250.4,362.0,367.25,3.26,159.0,1005.85,
2015,8,25,11,28.21,36.68,810.0,816.35,152.0,373.55,2.73,166.0,1005.52,
2015,8,25,12,29.01,33.78,804.0,802.58,159.0,379.85,2.21,172.0,1005.19,
2015,8,25,13,28.64,35.61,699.0,617.85,232.0,385.4,1.82,199.0,1005.35,
2015,8,25,14,28.26,37.43,378.0,91.61,317.0,390.95,1.43,225.0,1005.52,
2015,8,25,15,27.89,39.26,208.0,11.12,202.0,396.5,1.05,252.0,1005.68,
2015,8,25,16,26.37,44.81,144.0,12.95,139.0,393.87,1.21,285.0,1005.75,
2015,8,25,17,24.85,50.35,37.0,0.0,37.0,391.23,1.37,318.0,1005.82,
2015,8,25,18,23.32,55.9,6.0,0.0,6.0,388.6,1.53,351.0,1005.88,
2015,8,25,19,22.5,59.27,0.0,0.0,0.0,384.92,1.66,0.0,1006.21,
2015,8,25,20,21.68,62.65,0.0,0.0,0.0,381.23,1.79,9.0,1006.54,
2015,8,25,21,20.86,66.02,0.0,0.0,0.0,377.55,1.92,18.0,1006.87,
2015,8,25,22,20.68,68.16,0.0,0.0,0.0,375.95,1.97,17.0,1006.87,
2015,8,25,23,20.5,70.31,0.0,0.0,0.0,374.35,2.02,16.0,1006.87,
2015,8,26,0,20.31,72.45,0.0,0.0,0.0,372.75,2.07,15.0,1006.87,
2015,8,26,1,19.42,77.35,0.0,0.0,0.0,364.07,1.91,11.0,1007.3,
2015,8,26,2,18.53,82.25,0.0,0.0,0.0,355.38,1.76,7.0,1007.73,
2015,8,26,3,17.65,87.15,0.0,0.0,0.0,346.7,1.6,3.0,1008.16,
2015,8,26,4,18.62,84.74,0.0,0.0,0.0,346.83,1.6,6.0,1008.29,
2015,8,26,5,19.6,82.32,12.0,0.0,12.0,346.97,1.61,9.0,1008.42,
2015,8,26,6,20.58,79.91,54.0,0.0,54.0,347.1,1.61,12.0,1008.55,
2015,8,26,7,22.37,72.01,323.0,467.76,136.0,354.47,1.69,7.0,1008.65,
2015,8,26,8,24.15,64.1,358.0,183.3,257.0,361.83,1.76,1.0,1008.75,
2015,8,26,9,25.94,56.2,313.0,32.66,291.0,369.2,1.83,356.0,1008.85,
2015,8,26,10,26.31,53.52,468.0,126.4,372.0,377.42,1.88,343.0,1008.65,
2015,8,26,11,26.68,50.84,419.0,56.07,374.0,385.63,1.92,331.0,1008.45,
2015,8,26,12,27.05,48.16,444.0,75.0,384.0,393.85,1.96,319.0,1008.26,
2015,8,26,13,26.89,48.04,592.0,343.13,334.0,395.4,1.75,304.0,1008.19,
2015,8,26,14,26.72,47.91,623.0,680.18,173.0,396.95,1.54,290.0,1008.12,
2015,8,26,15,26.56,47.79,476.0,586.67,162.0,398.5,1.34,276.0,1008.06,
2015,8,26,16,25.78,50.12,332.0,595.16,105.0,393.03,1.45,280.0,1008.09,
2015,8,26,17,25.0,52.45,151.0,365.59,74.0,387.57,1.57,285.0,1008.12,
2015,8,26,18,24.21,54.78,0.0,0.0,0.0,382.1,1.68,290.0,1008.16,
2015,8,26,19,23.42,57.82,0.0,0.0,0.0,377.67,1.83,321.0,1008.32,
2015,8,26,20,22.63,60.87,0.0,0.0,0.0,373.23,1.98,351.0,1008.49,
2015,8,26,21,21.83,63.91,0.0,0.0,0.0,368.8,2.12,22.0,1008.65,
2015,8,26,22,21.15,68.58,0.0,0.0,0.0,366.22,1.94,44.0,1008.52,
2015,8,26,23,20.47,73.26,0.0,0.0,0.0,363.63,1.77,66.0,1008.39,
2015,8,27,0,19.78,77.93,0.0,0.0,0.0,361.05,1.59,87.0,1008.26,
2015,8,27,1,18.98,80.23,0.0,0.0,0.0,357.47,1.69,89.0,1008.32,
2015,8,27,2,18.17,82.54,0.0,0.0,0.0,353.88,1.8,90.0,1008.39,
2015,8,27,3,17.37,84.84,0.0,0.0,0.0,350.3,1.9,92.0,1008.45,
2015,8,27,4,18.5,82.24,0.0,0.0,0.0,350.03,1.39,88.0,1008.59,
2015,8,27,5,19.64,79.63,6.0,0.0,6.0,349.77,0.88,83.0,1008.72,
2015,8,27,6,20.77,77.03,145.0,242.33,90.0,349.5,0.37,79.0,1008.85,
2015,8,27,7,22.68,68.77,341.0,580.03,111.0,355.78,0.69,97.0,1008.95,
2015,8,27,8,24.58,60.51,510.0,693.68,130.0,362.07,1.02,116.0,1009.05,
2015,8,27,9,26.49,52.25,651.0,757.67,143.0,368.35,1.34,134.0,1009.15,
2015,8,27,10,27.29,48.67,752.0,796.11,150.0,373.88,1.52,161.0,1008.82,
2015,8,27,11,28.09,45.08,803.0,814.69,152.0,379.42,1.7,188.0,1008.49,
2015,8,27,12,28.89,41.5,804.0,827.63,145.0,384.95,1.88,215.0,1008.16,
2015,8,27,13,29.26,40.54,740.0,780.87,156.0,385.03,1.88,207.0,1007.73,
2015,8,27,14,29.62,39.57,641.0,768.31,136.0,385.12,1.89,200.0,1007.3,
2015,8,27,15,29.99,38.61,479.0,618.15,151.0,385.2,1.89,192.0,1006.87,
2015,8,27,16,28.65,42.36,318.0,541.81,114.0,381.08,1.91,194.0,1007.0,
2015,8,27,17,27.31,46.1,145.0,345.53,74.0,376.97,1.94,196.0,1007.14,
2015,8,27,18,25.96,49.85,0.0,0.0,0.0,372.85,1.96,198.0,1007.27,
2015,8,27,19,24.43,54.58,0.0,0.0,0.0,369.53,2.1,180.0,1007.43,
2015,8,27,20,22.9,59.31,0.0,0.0,0.0,366.22,2.23,162.0,1007.6,
2015,8,27,21,21.36,64.04,0.0,0.0,0.0,362.9,2.37,144.0,1007.76,
2015,8,27,22,21.25,63.0,0.0,0.0,0.0,360.07,2.57,147.0,1007.8,
2015,8,27,23,21.14,61.95,0.0,0.0,0.0,357.23,2.78,150.0,1007.83,
2015,8,28,0,21.02,60.91,0.0,0.0,0.0,354.4,2.98,154.0,1007.86,
2015,8,28,1,20.43,61.92,0.0,0.0,0.0,351.77,2.8,155.0,1007.73,
2015,8,28,2,19.84,62.94,0.0,0.0,0.0,349.13,2.61,155.0,1007.6,
2015,8,28,3,19.25,63.95,0.0,0.0,0.0,346.5,2.43,156.0,1007.47,
2015,8,28,4,20.24,61.37,0.0,0.0,0.0,345.53,2.55,157.0,1007.66,
2015,8,28,5,21.24,58.78,6.0,0.0,6.0,344.57,2.68,158.0,1007.86,
2015,8,28,6,22.24,56.2,166.0,411.49,74.0,343.6,2.8,159.0,1008.06,
2015,8,28,7,24.57,49.41,343.0,607.73,104.0,348.52,3.04,166.0,1008.22,
2015,8,28,8,26.9,42.61,512.0,716.15,122.0,353.43,3.28,172.0,1008.39,
2015,8,28,9,29.23,35.82,651.0,770.37,137.0,358.35,3.52,178.0,1008.55,
2015,8,28,10,30.21,32.99,748.0,795.7,149.0,364.38,3.31,186.0,1008.42,
2015,8,28,11,31.2,30.15,795.0,799.48,159.0,370.42,3.09,194.0,1008.29,
2015,8,28,12,32.19,27.32,800.0,826.55,145.0,376.45,2.88,202.0,1008.16,
2015,8,28,13,32.09,28.55,735.0,779.77,155.0,378.35,2.4,211.0,1007.99,
2015,8,28,14,31.98,29.79,633.0,753.56,141.0,380.25,1.93,220.0,1007.83,
2015,8,28,15,31.88,31.02,491.0,697.8,124.0,382.15,1.45,228.0,1007.66,
2015,8,28,16,30.2,35.95,300.0,462.92,128.0,379.48,1.25,232.0,1007.89,
2015,8,28,17,28.51,40.87,127.0,239.66,79.0,376.82,1.05,235.0,1008.12,
2015,8,28,18,26.82,45.8,0.0,0.0,0.0,374.15,0.86,238.0,1008.36,
2015,8,28,19,26.2,47.59,0.0,0.0,0.0,371.15,0.86,256.0,1008.75,
2015,8,28,20,25.58,49.38,0.0,0.0,0.0,368.15,0.86,275.0,1009.15,
2015,8,28,21,24.96,51.17,0.0,0.0,0.0,365.15,0.86,293.0,1009.54,
2015,8,28,22,24.22,54.96,0.0,0.0,0.0,362.92,1.14,342.0,1009.68,
2015,8,28,23,23.48,58.74,0.0,0.0,0.0,360.68,1.43,32.0,1009.81,
2015,8,29,0,22.74,62.53,0.0,0.0,0.0,358.45,1.71,81.0,1009.94,
2015,8,29,1,21.16,67.87,0.0,0.0,0.0,356.53,1.77,84.0,1010.1,
2015,8,29,2,19.58,73.21,0.0,0.0,0.0,354.62,1.82,86.0,1010.27,
2015,8,29,3,18.01,78.55,0.0,0.0,0.0,352.7,1.88,88.0,1010.43,
2015,8,29,4,19.37,75.72,0.0,0.0,0.0,352.63,1.53,92.0,1010.7,
2015,8,29,5,20.74,72.9,3.0,0.0,3.0,352.57,1.18,96.0,1010.96,
2015,8,29,6,22.11,70.07,143.0,263.43,85.0,352.5,0.83,100.0,1011.23,
2015,8,29,7,24.87,60.66,329.0,546.2,116.0,358.57,0.73,86.0,1011.56,
2015,8,29,8,27.62,51.25,501.0,677.98,134.0,364.63,0.63,72.0,1011.89,
2015,8,29,9,30.38,41.84,647.0,768.19,137.0,370.7,0.54,59.0,1012.22,
2015,8,29,10,31.04,38.72,741.0,780.66,156.0,377.38,0.54,41.0,1012.02,
2015,8,29,11,31.7,35.61,791.0,798.08,159.0,384.07,0.55,23.0,1011.82,
2015,8,29,12,32.36,32.49,796.0,825.53,145.0,390.75,0.55,5.0,1011.62,
2015,8,29,13,32.37,32.41,735.0,792.26,149.0,390.68,0.72,351.0,1011.29,
2015,8,29,14,32.38,32.34,632.0,764.89,136.0,390.62,0.88,337.0,1010.96,
2015,8,29,15,32.39,32.26,489.0,706.08,121.0,390.55,1.05,323.0,1010.63,
2015,8,29,16,30.26,38.46,315.0,572.94,105.0,386.75,1.49,333.0,1010.73,
2015,8,29,17,28.12,44.67,139.0,358.94,69.0,382.95,1.92,343.0,1010.83,
2015,8,29,18,25.98,50.87,0.0,0.0,0.0,379.15,2.36,352.0,1010.93,
2015,8,29,19,25.12,53.84,0.0,0.0,0.0,377.43,2.41,8.0,1011.13,
2015,8,29,20,24.26,56.8,0.0,0.0,0.0,375.72,2.47,24.0,1011.33,
2015,8,29,21,23.39,59.77,0.0,0.0,0.0,374.0,2.52,40.0,1011.52,
2015,8,29,22,22.85,62.77,0.0,0.0,0.0,371.95,2.37,49.0,1011.52,
2015,8,29,23,22.31,65.78,0.0,0.0,0.0,369.9,2.22,57.0,1011.52,
2015,8,30,0,21.76,68.78,0.0,0.0,0.0,367.85,2.07,66.0,1011.52,
2015,8,30,1,21.25,71.07,0.0,0.0,0.0,367.32,2.19,70.0,1011.33,
2015,8,30,2,20.73,73.36,0.0,0.0,0.0,366.78,2.31,74.0,1011.13,
2015,8,30,3,20.22,75.65,0.0,0.0,0.0,366.25,2.43,77.0,1010.93,
2015,8,30,4,21.34,73.12,0.0,0.0,0.0,365.97,2.11,84.0,1011.09,
2015,8,30,5,22.46,70.58,2.0,0.0,2.0,365.68,1.8,91.0,1011.26,
2015,8,30,6,23.58,68.05,115.0,119.95,89.0,365.4,1.49,98.0,1011.42,
2015,8,30,7,26.34,59.23,282.0,323.29,157.0,371.5,1.44,109.0,1011.49,
2015,8,30,8,29.09,50.41,462.0,522.28,181.0,377.6,1.4,120.0,1011.56,
2015,8,30,9,31.85,41.59,631.0,716.07,158.0,383.7,1.35,131.0,1011.62,
2015,8,30,10,32.67,37.67,741.0,793.68,149.0,390.38,1.65,150.0,1011.29,
2015,8,30,11,33.49,33.76,791.0,811.95,151.0,397.07,1.95,169.0,1010.96,
2015,8,30,12,34.31,29.84,792.0,824.56,145.0,403.75,2.25,188.0,1010.63,
2015,8,30,13,34.04,30.02,730.0,791.35,148.0,402.08,1.99,188.0,1010.24,
2015,8,30,14,33.76,30.21,627.0,762.49,136.0,400.42,1.72,189.0,1009.84,
2015,8,30,15,33.49,30.39,486.0,716.53,116.0,398.75,1.46,189.0,1009.44,
2015,8,30,16,31.5,35.77,311.0,578.24,102.0,394.83,1.37,187.0,1009.44,
2015,8,30,17,29.51,41.15,130.0,316.29,70.0,390.92,1.27,185.0,1009.44,
2015,8,30,18,27.52,46.53,0.0,0.0,0.0,387.0,1.17,183.0,1009.44,
2015,8,30,19,26.24,50.13,0.0,0.0,0.0,383.58,1.49,178.0,1009.58,
2015,8,30,20,24.96,53.72,0.0,0.0,0.0,380.17,1.8,173.0,1009.71,
2015,8,30,21,23.68,57.32,0.0,0.0,0.0,376.75,2.11,168.0,1009.84,
2015,8,30,22,23.54,57.8,0.0,0.0,0.0,374.88,2.03,167.0,1009.64,
2015,8,30,23,23.39,58.28,0.0,0.0,0.0,373.02,1.95,166.0,1009.44,
2015,8,31,0,23.24,58.76,0.0,0.0,0.0,371.15,1.88,166.0,1009.25,
2015,8,31,1,22.53,61.88,0.0,0.0,0.0,369.87,1.97,158.0,1008.95,
2015,8,31,2,21.81,65.0,0.0,0.0,0.0,368.58,2.07,150.0,1008.65,
2015,8,31,3,21.1,68.12,0.0,0.0,0.0,367.3,2.17,142.0,1008.36,
2015,8,31,4,22.22,65.93,0.0,0.0,0.0,367.13,2.17,143.0,1008.29,
2015,8,31,5,23.35,63.73,0.0,0.0,0.0,366.97,2.17,144.0,1008.22,
2015,8,31,6,24.47,61.54,139.0,262.53,83.0,366.8,2.18,146.0,1008.16,
2015,8,31,7,26.99,54.41,318.0,511.35,122.0,372.87,2.27,154.0,1008.09,
2015,8,31,8,29.5,47.29,494.0,675.15,133.0,378.93,2.35,162.0,1008.03,
2015,8,31,9,32.02,40.16,630.0,727.37,152.0,385.0,2.44,170.0,1007.96,
2015,8,31,10,32.85,37.1,733.0,778.59,155.0,391.33,2.8,175.0,1007.5,
2015,8,31,11,33.68,34.05,783.0,796.69,158.0,397.67,3.15,180.0,1007.04,
2015,8,31,12,34.51,30.99,783.0,809.55,151.0,404.0,3.5,186.0,1006.57,
2015,8,31,13,34.31,30.72,722.0,776.83,154.0,402.95,2.98,187.0,1005.88,
2015,8,31,14,34.1,30.44,616.0,735.11,146.0,401.9,2.46,188.0,1005.19,
2015,8,31,15,33.9,30.17,473.0,678.4,126.0,400.85,1.93,190.0,1004.5,
2015,8,31,16,31.63,35.97,298.0,527.66,110.0,397.33,2.14,187.0,1004.4,
2015,8,31,17,26.77,51.07,124.0,298.4,69.0,399.4,2.74,185.0,1004.3,
2015,8,31,18,26.09,51.91,0.0,0.0,0.0,393.8,2.62,182.0,1004.2,
2015,8,31,19,25.4,52.75,0.0,0.0,0.0,388.21,2.5,178.0,1004.26,
2015,8,31,20,24.72,53.6,0.0,0.0,0.0,382.61,2.38,173.0,1004.33,
2015,8,31,21,24.04,54.44,0.0,0.0,0.0,377.02,2.26,169.0,1004.4,
2015,8,31,22,23.35,55.28,0.0,0.0,0.0,371.43,2.14,169.0,1004.2,
2015,8,31,23,22.67,56.12,0.0,0.0,0.0,365.83,2.02,169.0,1004.0,
2009,9,1,0,21.99,56.97,0.0,0.0,0.0,360.24,1.91,168.0,1003.8,
2009,9,1,1,21.31,57.81,0.0,0.0,0.0,354.64,1.79,111.0,1005.98,
2009,9,1,2,20.62,58.65,0.0,0.0,0.0,349.05,1.67,109.0,1005.58,
2009,9,1,3,19.94,59.5,0.0,0.0,0.0,343.46,1.55,106.0,1005.19,
2009,9,1,4,19.26,60.34,0.0,0.0,0.0,337.86,1.43,102.0,1005.35,
2009,9,1,5,18.57,61.18,0.0,0.0,0.0,332.27,1.31,97.0,1005.52,
2009,9,1,6,17.89,62.02,153.0,411.89,68.0,326.68,1.19,93.0,1005.68,
2009,9,1,7,17.21,62.87,333.0,618.81,100.0,321.08,1.07,84.0,1005.68,
2009,9,1,8,16.52,63.71,505.0,740.62,114.0,315.49,0.95,75.0,1005.68,
2009,9,1,9,26.28,31.99,648.0,807.37,123.0,344.95,0.98,67.0,1005.68,
2009,9,1,10,26.91,29.97,750.0,847.43,127.0,350.13,1.24,44.0,1005.32,
2009,9,1,11,27.54,27.95,801.0,865.01,129.0,355.32,1.49,22.0,1004.96,
2009,9,1,12,28.16,25.93,796.0,864.69,128.0,360.5,1.75,359.0,1004.59,
2009,9,1,13,28.08,25.95,747.0,887.27,106.0,360.33,2.08,2.0,1004.36,
2009,9,1,14,28.0,25.97,636.0,842.84,105.0,360.17,2.41,4.0,1004.13,
2009,9,1,15,27.92,25.99,482.0,753.66,104.0,360.0,2.74,6.0,1003.9,
2009,9,1,16,26.1,30.05,307.0,633.3,88.0,355.92,2.53,22.0,1003.93,
2009,9,1,17,24.27,34.1,129.0,415.23,57.0,351.83,2.31,38.0,1003.97,
2009,9,1,18,22.45,38.16,0.0,0.0,0.0,347.75,2.1,54.0,1004.0,
2009,9,1,19,21.36,41.27,0.0,0.0,0.0,345.47,1.88,70.0,1004.03,
2009,9,1,20,20.28,44.38,0.0,0.0,0.0,343.18,1.66,86.0,1004.07,
2009,9,1,21,19.19,47.49,0.0,0.0,0.0,340.9,1.45,102.0,1004.1,
2009,9,1,22,18.69,49.64,0.0,0.0,0.0,338.35,1.45,109.0,1003.8,
2009,9,1,23,18.2,51.78,0.0,0.0,0.0,335.8,1.46,116.0,1003.51,
2009,9,2,0,17.7,53.93,0.0,0.0,0.0,333.25,1.46,123.0,1003.21,
2009,9,2,1,17.05,58.08,0.0,0.0,0.0,333.2,1.31,128.0,1002.91,
2009,9,2,2,16.39,62.24,0.0,0.0,0.0,333.15,1.15,133.0,1002.61,
2009,9,2,3,15.74,66.39,0.0,0.0,0.0,333.1,0.99,138.0,1002.32,
2009,9,2,4,17.09,63.55,0.0,0.0,0.0,333.02,1.32,139.0,1002.25,
2009,9,2,5,18.45,60.71,0.0,0.0,0.0,332.93,1.66,140.0,1002.19,
2009,9,2,6,19.8,57.87,147.0,379.56,70.0,332.85,1.99,141.0,1002.12,
2009,9,2,7,22.51,48.61,321.0,565.52,110.0,339.98,1.74,149.0,1002.05,
2009,9,2,8,25.23,39.35,496.0,713.05,122.0,347.12,1.5,157.0,1001.99,
2009,9,2,9,27.94,30.09,641.0,793.21,128.0,354.25,1.26,165.0,1001.92,
2009,9,2,10,28.62,28.93,742.0,832.55,133.0,360.65,1.39,171.0,1001.26,
2009,9,2,11,29.3,27.77,793.0,849.96,136.0,367.05,1.52,177.0,1000.6,
2009,9,2,12,29.97,26.61,792.0,862.87,129.0,373.45,1.66,182.0,999.94,
2009,9,2,13,29.97,27.26,739.0,871.89,113.0,375.17,1.87,191.0,999.48,
2009,9,2,14,29.96,27.9,628.0,826.87,111.0,376.88,2.09,200.0,999.02,
2009,9,2,15,29.95,28.55,458.0,654.6,133.0,378.6,2.3,208.0,998.56,
2009,9,2,16,28.43,31.97,299.0,607.96,92.0,377.12,2.3,197.0,998.56,
2009,9,2,17,26.91,35.4,119.0,351.49,60.0,375.63,2.29,185.0,998.56,
2009,9,2,18,25.39,38.82,0.0,0.0,0.0,374.15,2.29,173.0,998.56,
2009,9,2,19,24.82,40.57,0.0,0.0,0.0,374.93,2.37,173.0,998.75,
2009,9,2,20,24.26,42.31,0.0,0.0,0.0,375.72,2.46,173.0,998.95,
2009,9,2,21,23.69,44.06,0.0,0.0,0.0,376.5,2.54,173.0,999.15,
2009,9,2,22,23.48,45.9,0.0,0.0,0.0,377.75,2.63,178.0,999.08,
2009,9,2,23,23.27,47.75,0.0,0.0,0.0,379.0,2.73,182.0,999.02,
2009,9,3,0,23.06,49.59,0.0,0.0,0.0,380.25,2.83,187.0,998.95,
2009,9,3,1,22.44,54.01,0.0,0.0,0.0,378.58,2.6,192.0,999.12,
2009,9,3,2,21.82,58.43,0.0,0.0,0.0,376.92,2.37,197.0,999.28,
2009,9,3,3,21.2,62.85,0.0,0.0,0.0,375.25,2.14,202.0,999.45,
2009,9,3,4,21.89,62.53,0.0,0.0,0.0,376.35,2.49,198.0,999.61,
2009,9,3,5,22.57,62.2,0.0,0.0,0.0,377.45,2.84,195.0,999.78,
2009,9,3,6,23.26,61.88,13.0,0.0,13.0,378.55,3.19,191.0,999.94,
2009,9,3,7,24.92,56.98,120.0,5.41,118.0,382.82,3.31,200.0,999.91,
2009,9,3,8,26.57,52.09,206.0,13.43,199.0,387.08,3.43,208.0,999.88,
2009,9,3,9,28.23,47.19,615.0,699.64,165.0,391.35,3.56,216.0,999.84,
2009,9,3,10,28.77,45.29,727.0,788.71,153.0,397.63,3.99,222.0,999.45,
2009,9,3,11,29.31,43.39,780.0,819.22,150.0,403.92,4.41,227.0,999.05,
2009,9,3,12,29.84,41.49,783.0,848.01,135.0,410.2,4.84,232.0,998.66,
2009,9,3,13,29.85,40.1,494.0,201.83,350.0,408.95,4.51,233.0,998.49,
2009,9,3,14,29.85,38.71,368.0,109.6,300.0,407.7,4.18,233.0,998.33,
2009,9,3,15,29.85,37.32,464.0,712.3,114.0,406.45,3.85,233.0,998.16,
2009,9,3,16,28.41,41.36,299.0,644.58,83.0,406.85,3.05,239.0,998.09,
2009,9,3,17,26.96,45.4,119.0,412.89,52.0,407.25,2.25,244.0,998.03,
2009,9,3,18,25.52,49.44,0.0,0.0,0.0,407.65,1.45,250.0,997.96,
2009,9,3,19,24.14,59.14,0.0,0.0,0.0,404.2,1.29,303.0,998.03,
2009,9,3,20,22.77,68.83,0.0,0.0,0.0,400.75,1.13,356.0,998.09,
2009,9,3,21,21.39,78.53,0.0,0.0,0.0,397.3,0.97,49.0,998.16,
2009,9,3,22,21.14,80.58,0.0,0.0,0.0,394.55,1.13,90.0,998.09,
2009,9,3,23,20.89,82.64,0.0,0.0,0.0,391.8,1.29,132.0,998.03,
2009,9,4,0,20.64,84.69,0.0,0.0,0.0,389.05,1.45,173.0,997.96,
2009,9,4,1,19.98,79.1,0.0,0.0,0.0,381.28,2.09,220.0,999.12,
2009,9,4,2,19.32,73.51,0.0,0.0,0.0,373.52,2.74,268.0,1000.27,
2009,9,4,3,18.66,67.92,0.0,0.0,0.0,365.75,3.38,315.0,1001.43,
2009,9,4,4,18.79,66.39,0.0,0.0,0.0,361.3,3.47,322.0,1002.05,
2009,9,4,5,18.91,64.86,0.0,0.0,0.0,356.85,3.56,329.0,1002.68,
2009,9,4,6,19.04,63.33,23.0,0.0,23.0,352.4,3.66,335.0,1003.31,
2009,9,4,7,19.59,58.45,200.0,98.31,164.0,356.27,3.94,335.0,1003.87,
2009,9,4,8,20.15,53.57,220.0,21.25,209.0,360.13,4.23,334.0,1004.43,
2009,9,4,9,20.7,48.69,86.0,0.0,86.0,364.0,4.52,333.0,1004.99,
2009,9,4,10,21.01,46.13,340.0,30.39,318.0,368.4,4.62,330.0,1005.25,
2009,9,4,11,21.33,43.57,792.0,877.1,121.0,372.8,4.72,327.0,1005.52,
2009,9,4,12,21.64,41.01,782.0,860.68,128.0,377.2,4.81,324.0,1005.78,
2009,9,4,13,21.73,39.91,718.0,825.25,133.0,365.72,4.69,324.0,1006.31,
2009,9,4,14,21.82,38.81,583.0,679.09,165.0,354.23,4.56,325.0,1006.84,
2009,9,4,15,21.91,37.71,398.0,431.93,188.0,342.75,4.43,325.0,1007.37,
2009,9,4,16,20.64,39.69,231.0,273.0,141.0,338.17,3.89,329.0,1007.5,
2009,9,4,17,19.37,41.66,88.0,153.22,64.0,333.58,3.34,332.0,1007.63,
2009,9,4,18,18.1,43.64,0.0,0.0,0.0,329.0,2.8,335.0,1007.76,
2009,9,4,19,17.43,45.4,0.0,0.0,0.0,326.68,2.86,338.0,1008.12,
2009,9,4,20,16.77,47.16,0.0,0.0,0.0,324.37,2.92,340.0,1008.49,
2009,9,4,21,16.1,48.92,0.0,0.0,0.0,322.05,2.98,342.0,1008.85,
2009,9,4,22,15.75,50.51,0.0,0.0,0.0,320.05,3.02,345.0,1008.92,
2009,9,4,23,15.4,52.11,0.0,0.0,0.0,318.05,3.05,348.0,1008.98,
2009,9,5,0,15.05,53.7,0.0,0.0,0.0,316.05,3.09,350.0,1009.05,
2009,9,5,1,14.38,57.87,0.0,0.0,0.0,313.77,2.86,352.0,1009.48,
2009,9,5,2,13.72,62.05,0.0,0.0,0.0,311.48,2.64,354.0,1009.91,
2009,9,5,3,13.05,66.22,0.0,0.0,0.0,309.2,2.41,356.0,1010.34,
2009,9,5,4,13.8,65.16,0.0,0.0,0.0,308.2,2.54,355.0,1010.34,
2009,9,5,5,14.55,64.09,0.0,0.0,0.0,307.2,2.66,354.0,1010.34,
2009,9,5,6,15.3,63.03,130.0,306.87,71.0,306.2,2.79,353.0,1010.34,
2009,9,5,7,17.02,55.89,318.0,609.36,97.0,309.42,3.2,355.0,1010.3,
2009,9,5,8,18.74,48.76,492.0,745.12,109.0,312.63,3.61,357.0,1010.27,
2009,9,5,9,20.46,41.62,636.0,816.11,117.0,315.85,4.03,359.0,1010.24,
2009,9,5,10,21.09,38.75,730.0,828.96,133.0,321.68,4.37,0.0,1009.77,
2009,9,5,11,21.73,35.88,724.0,657.06,224.0,327.52,4.72,1.0,1009.31,
2009,9,5,12,22.36,33.01,600.0,340.16,343.0,333.35,5.06,2.0,1008.85,
2009,9,5,13,22.11,33.82,472.0,176.08,348.0,340.73,4.89,5.0,1008.95,
2009,9,5,14,21.85,34.62,292.0,37.67,269.0,348.12,4.71,8.0,1009.05,
2009,9,5,15,21.59,35.43,291.0,133.07,227.0,355.5,4.54,10.0,1009.15,
2009,9,5,16,20.83,37.11,196.0,154.23,146.0,358.37,4.36,9.0,1009.35,
2009,9,5,17,20.07,38.8,107.0,370.97,51.0,361.23,4.18,8.0,1009.54,
2009,9,5,18,19.31,40.48,0.0,0.0,0.0,364.1,4.0,7.0,1009.74,
2009,9,5,19,18.89,42.03,0.0,0.0,0.0,361.65,4.02,10.0,1010.04,
2009,9,5,20,18.46,43.59,0.0,0.0,0.0,359.2,4.04,13.0,1010.34,
2009,9,5,21,18.04,45.14,0.0,0.0,0.0,356.75,4.06,15.0,1010.63,
2009,9,5,22,17.74,47.02,0.0,0.0,0.0,356.43,3.83,17.0,1010.76,
2009,9,5,23,17.45,48.91,0.0,0.0,0.0,356.12,3.61,18.0,1010.9,
2009,9,6,0,17.15,50.79,0.0,0.0,0.0,355.8,3.39,19.0,1011.03,
2009,9,6,1,15.96,56.98,0.0,0.0,0.0,342.75,3.27,19.0,1011.26,
2009,9,6,2,14.76,63.17,0.0,0.0,0.0,329.7,3.15,19.0,1011.49,
2009,9,6,3,13.57,69.36,0.0,0.0,0.0,316.65,3.03,19.0,1011.72,
2009,9,6,4,14.29,68.38,0.0,0.0,0.0,313.28,3.21,21.0,1011.92,
2009,9,6,5,15.02,67.4,0.0,0.0,0.0,309.92,3.38,23.0,1012.12,
2009,9,6,6,15.74,66.42,142.0,439.87,59.0,306.55,3.56,24.0,1012.32,
2009,9,6,7,17.4,59.04,316.0,618.13,94.0,310.02,3.84,25.0,1012.38,
2009,9,6,8,19.07,51.65,486.0,730.74,113.0,313.48,4.13,25.0,1012.45,
2009,9,6,9,20.73,44.27,625.0,787.64,127.0,316.95,4.41,26.0,1012.51,
2009,9,6,10,21.34,39.95,726.0,827.85,133.0,326.18,4.61,26.0,1012.25,
2009,9,6,11,21.95,35.64,771.0,831.07,142.0,335.42,4.81,26.0,1011.99,
2009,9,6,12,22.55,31.32,742.0,745.54,182.0,344.65,5.01,26.0,1011.72,
2009,9,6,13,22.39,31.65,686.0,740.49,168.0,346.4,5.08,25.0,1011.56,
2009,9,6,14,22.23,31.99,597.0,777.76,126.0,348.15,5.15,25.0,1011.39,
2009,9,6,15,22.06,32.32,447.0,702.16,113.0,349.9,5.23,24.0,1011.23,
2009,9,6,16,20.99,35.09,273.0,568.01,92.0,344.68,4.87,24.0,1011.39,
2009,9,6,17,19.92,37.85,98.0,309.84,53.0,339.47,4.51,23.0,1011.56,
2009,9,6,18,18.85,40.62,0.0,0.0,0.0,334.25,4.15,22.0,1011.72,
2009,9,6,19,18.18,43.89,0.0,0.0,0.0,330.05,3.93,24.0,1011.99,
2009,9,6,20,17.5,47.15,0.0,0.0,0.0,325.85,3.7,26.0,1012.25,
2009,9,6,21,16.83,50.42,0.0,0.0,0.0,321.65,3.48,29.0,1012.51,
2009,9,6,22,16.33,53.94,0.0,0.0,0.0,317.23,3.26,28.0,1012.48,
2009,9,6,23,15.83,57.45,0.0,0.0,0.0,312.82,3.05,27.0,1012.45,
2009,9,7,0,15.33,60.97,0.0,0.0,0.0,308.4,2.84,26.0,1012.41,
2009,9,7,1,14.7,64.95,0.0,0.0,0.0,306.82,2.78,26.0,1012.55,
2009,9,7,2,14.07,68.94,0.0,0.0,0.0,305.23,2.72,26.0,1012.68,
2009,9,7,3,13.44,72.92,0.0,0.0,0.0,303.65,2.66,25.0,1012.81,
2009,9,7,4,14.27,71.07,0.0,0.0,0.0,302.38,3.04,27.0,1012.98,
2009,9,7,5,15.09,69.21,0.0,0.0,0.0,301.12,3.42,29.0,1013.14,
2009,9,7,6,15.92,67.36,132.0,372.77,63.0,299.85,3.79,30.0,1013.31,
2009,9,7,7,17.73,58.86,305.0,562.44,105.0,305.47,4.28,34.0,1013.31,
2009,9,7,8,19.55,50.37,477.0,704.36,120.0,311.08,4.76,39.0,1013.31,
2009,9,7,9,21.36,41.87,621.0,785.94,127.0,316.7,5.24,43.0,1013.31,
2009,9,7,10,21.91,38.59,718.0,811.34,140.0,326.33,5.28,45.0,1012.91,
2009,9,7,11,22.46,35.31,755.0,787.83,162.0,335.97,5.31,47.0,1012.51,
2009,9,7,12,23.01,32.03,406.0,65.62,357.0,345.6,5.35,49.0,1012.12,
2009,9,7,13,22.86,33.51,620.0,532.54,250.0,354.52,5.19,52.0,1011.89,
2009,9,7,14,22.71,35.0,489.0,396.32,251.0,363.43,5.02,56.0,1011.66,
2009,9,7,15,22.56,36.48,433.0,652.72,126.0,372.35,4.86,59.0,1011.42,
2009,9,7,16,21.57,39.37,249.0,437.59,112.0,369.07,4.25,53.0,1011.49,
2009,9,7,17,20.59,42.25,75.0,136.22,56.0,365.78,3.65,47.0,1011.56,
2009,9,7,18,19.6,45.14,0.0,0.0,0.0,362.5,3.05,40.0,1011.62,
2009,9,7,19,18.98,47.7,0.0,0.0,0.0,354.55,2.92,42.0,1011.85,
2009,9,7,20,18.36,50.27,0.0,0.0,0.0,346.6,2.79,43.0,1012.08,
2009,9,7,21,17.74,52.83,0.0,0.0,0.0,338.65,2.66,44.0,1012.32,
2009,9,7,22,17.26,55.37,0.0,0.0,0.0,334.67,2.51,45.0,1012.28,
2009,9,7,23,16.79,57.9,0.0,0.0,0.0,330.68,2.37,46.0,1012.25,
2009,9,8,0,16.31,60.44,0.0,0.0,0.0,326.7,2.22,47.0,1012.22,
2009,9,8,1,15.7,63.55,0.0,0.0,0.0,326.75,2.17,51.0,1012.18,
2009,9,8,2,15.1,66.66,0.0,0.0,0.0,326.8,2.13,55.0,1012.15,
2009,9,8,3,14.49,69.77,0.0,0.0,0.0,326.85,2.08,59.0,1012.12,
2009,9,8,4,15.28,68.54,0.0,0.0,0.0,325.4,2.38,57.0,1012.12,
2009,9,8,5,16.08,67.32,0.0,0.0,0.0,323.95,2.67,55.0,1012.12,
2009,9,8,6,16.87,66.09,56.0,5.51,55.0,322.5,2.97,53.0,1012.12,
2009,9,8,7,19.07,59.27,270.0,383.51,135.0,327.93,2.97,53.0,1012.02,
2009,9,8,8,21.28,52.44,442.0,554.44,163.0,333.37,2.98,53.0,1011.92,
2009,9,8,9,23.48,45.62,608.0,744.26,143.0,338.8,2.99,52.0,1011.82,
2009,9,8,10,24.11,41.73,670.0,652.14,208.0,349.33,3.13,57.0,1011.46,
2009,9,8,11,24.74,37.83,758.0,813.64,149.0,359.87,3.26,61.0,1011.09,
2009,9,8,12,25.37,33.94,728.0,730.27,186.0,370.4,3.39,66.0,1010.73,
2009,9,8,13,25.39,33.12,382.0,73.91,331.0,374.73,3.32,66.0,1010.57,
2009,9,8,14,25.41,32.3,113.0,0.0,113.0,379.07,3.25,67.0,1010.4,
2009,9,8,15,25.43,31.48,312.95,383.7,134.55,383.4,3.17,67.0,1010.24,
2009,9,8,16,23.98,35.34,136.0,39.03,124.0,378.4,2.77,58.0,1010.24,
2009,9,8,17,22.53,39.19,91.0,329.14,47.0,373.4,2.36,50.0,1010.24,
2009,9,8,18,21.08,43.05,0.0,0.0,0.0,368.4,1.96,41.0,1010.24,
2009,9,8,19,20.31,45.61,0.0,0.0,0.0,361.27,1.95,44.0,1010.24,
2009,9,8,20,19.53,48.16,0.0,0.0,0.0,354.13,1.94,47.0,1010.24,
2009,9,8,21,18.76,50.72,0.0,0.0,0.0,347.0,1.93,50.0,1010.24,
2009,9,8,22,18.27,53.1,0.0,0.0,0.0,343.68,1.89,52.0,1010.17,
2009,9,8,23,17.77,55.48,0.0,0.0,0.0,340.37,1.85,54.0,1010.1,
2009,9,9,0,17.28,57.86,0.0,0.0,0.0,337.05,1.81,56.0,1010.04,
2009,9,9,1,16.76,60.3,0.0,0.0,0.0,334.92,1.74,56.0,1010.17,
2009,9,9,2,16.25,62.75,0.0,0.0,0.0,332.78,1.68,56.0,1010.3,
2009,9,9,3,15.73,65.19,0.0,0.0,0.0,330.65,1.61,57.0,1010.43,
2009,9,9,4,16.47,64.12,0.0,0.0,0.0,331.0,1.91,55.0,1010.4,
2009,9,9,5,17.22,63.05,0.0,0.0,0.0,331.35,2.21,54.0,1010.37,
2009,9,9,6,17.96,61.98,56.0,11.24,54.0,331.7,2.51,52.0,1010.34,
2009,9,9,7,20.47,53.02,187.0,94.72,154.0,335.43,2.48,49.0,1010.2,
2009,9,9,8,22.98,44.06,391.0,364.34,209.0,339.17,2.46,46.0,1010.07,
2009,9,9,9,25.49,35.1,604.0,743.99,142.0,342.9,2.43,42.0,1009.94,
2009,9,9,10,26.08,31.53,615.0,491.18,269.0,351.02,2.67,48.0,1009.44,
2009,9,9,11,26.68,27.95,649.0,481.04,291.0,359.13,2.91,54.0,1008.95,
2009,9,9,12,27.27,24.38,542.0,252.16,356.0,367.25,3.16,60.0,1008.45,
2009,9,9,13,27.17,24.65,590.0,467.07,270.0,373.53,3.14,58.0,1008.16,
2009,9,9,14,27.07,24.92,342.0,99.96,283.0,379.82,3.13,56.0,1007.86,
2009,9,9,15,26.97,25.19,345.0,315.55,200.0,386.1,3.12,54.0,1007.56,
2009,9,9,16,25.31,28.55,184.0,165.67,134.0,379.78,2.72,46.0,1007.56,
2009,9,9,17,23.64,31.92,56.0,62.57,48.0,373.47,2.33,37.0,1007.56,
2009,9,9,18,21.98,35.28,0.0,0.0,0.0,367.15,1.93,28.0,1007.56,
2009,9,9,19,21.44,36.83,0.0,0.0,0.0,365.77,1.94,32.0,1007.5,
2009,9,9,20,20.89,38.37,0.0,0.0,0.0,364.38,1.95,36.0,1007.43,
2009,9,9,21,20.35,39.92,0.0,0.0,0.0,363.0,1.96,40.0,1007.37,
2009,9,9,22,20.17,41.21,0.0,0.0,0.0,362.28,2.0,42.0,1007.27,
2009,9,9,23,20.0,42.51,0.0,0.0,0.0,361.57,2.03,43.0,1007.17,
2009,9,10,0,19.82,43.8,0.0,0.0,0.0,360.85,2.07,45.0,1007.07,
2009,9,10,1,19.45,45.78,0.0,0.0,0.0,360.32,2.08,47.0,1007.07,
2009,9,10,2,19.07,47.76,0.0,0.0,0.0,359.78,2.09,48.0,1007.07,
2009,9,10,3,18.7,49.74,0.0,0.0,0.0,359.25,2.1,50.0,1007.07,
2009,9,10,4,19.17,50.09,0.0,0.0,0.0,355.95,2.45,51.0,1007.07,
2009,9,10,5,19.65,50.43,0.0,0.0,0.0,352.65,2.8,51.0,1007.07,
2009,9,10,6,20.12,50.78,11.0,0.0,11.0,349.35,3.14,52.0,1007.07,
2009,9,10,7,22.2,44.48,120.0,8.7,117.0,351.23,3.1,51.0,1007.07,
2009,9,10,8,24.27,38.18,237.0,42.35,216.0,353.12,3.06,51.0,1007.07,
2009,9,10,9,26.35,31.88,207.0,1.62,206.0,355.0,3.02,51.0,1007.07,
2009,9,10,10,27.12,28.65,542.0,314.12,322.0,358.77,3.28,53.0,1006.57,
2009,9,10,11,27.89,25.42,497.0,174.35,368.0,362.53,3.54,56.0,1006.08,
2009,9,10,12,28.66,22.19,650.0,511.57,275.0,366.3,3.81,58.0,1005.58,
2009,9,10,13,28.44,23.07,564.0,407.22,287.0,369.45,3.66,57.0,1005.45,
2009,9,10,14,28.21,23.94,363.0,133.32,285.0,372.6,3.51,56.0,1005.32,
2009,9,10,15,27.98,24.82,290.0,167.39,214.0,375.75,3.37,55.0,1005.19,
2009,9,10,16,26.22,28.06,227.0,391.76,111.0,370.72,3.01,48.0,1005.12,
2009,9,10,17,24.47,31.29,75.0,237.72,46.0,365.68,2.65,42.0,1005.06,
2009,9,10,18,22.71,34.53,0.0,0.0,0.0,360.65,2.29,35.0,1004.99,
2009,9,10,19,22.05,35.98,0.0,0.0,0.0,355.68,2.34,42.0,1004.99,
2009,9,10,20,21.4,37.43,0.0,0.0,0.0,350.72,2.4,49.0,1004.99,
2009,9,10,21,20.74,38.88,0.0,0.0,0.0,345.75,2.46,56.0,1004.99,
2009,9,10,22,20.27,40.58,0.0,0.0,0.0,342.92,2.36,58.0,1004.92,
2009,9,10,23,19.8,42.28,0.0,0.0,0.0,340.08,2.26,61.0,1004.86,
2009,9,11,0,19.33,43.98,0.0,0.0,0.0,337.25,2.17,64.0,1004.79,
2009,9,11,1,18.52,47.57,0.0,0.0,0.0,336.55,2.06,59.0,1004.86,
2009,9,11,2,17.72,51.17,0.0,0.0,0.0,335.85,1.95,55.0,1004.92,
2009,9,11,3,16.91,54.76,0.0,0.0,0.0,335.15,1.85,50.0,1004.99,
2009,9,11,4,17.53,54.72,0.0,0.0,0.0,335.87,2.17,50.0,1005.06,
2009,9,11,5,18.16,54.68,0.0,0.0,0.0,336.58,2.5,49.0,1005.12,
2009,9,11,6,18.78,54.64,48.0,5.86,47.0,337.3,2.83,48.0,1005.19,
2009,9,11,7,21.19,48.07,170.0,67.43,147.0,343.63,2.57,48.0,1005.16,
2009,9,11,8,23.6,41.51,424.0,520.22,168.0,349.97,2.3,47.0,1005.12,
2009,9,11,9,26.01,34.94,541.0,526.71,218.0,356.3,2.04,46.0,1005.09,
2009,9,11,10,26.84,30.83,618.0,521.35,255.0,364.63,2.09,54.0,1004.69,
2009,9,11,11,27.67,26.72,676.0,579.16,250.0,372.97,2.14,62.0,1004.3,
2009,9,11,12,28.5,22.61,596.0,380.3,319.0,381.3,2.19,69.0,1003.9,
2009,9,11,13,28.17,23.23,490.0,244.35,325.0,379.32,2.14,59.0,1003.74,
2009,9,11,14,27.84,23.84,335.0,98.31,278.0,377.33,2.09,50.0,1003.57,
2009,9,11,15,27.5,24.46,167.0,8.92,163.0,375.35,2.04,40.0,1003.41,
2009,9,11,16,25.74,28.14,97.0,6.89,95.0,371.62,2.14,30.0,1003.51,
2009,9,11,17,23.98,31.83,49.0,60.29,42.0,367.88,2.24,20.0,1003.6,
2009,9,11,18,22.22,35.51,0.0,0.0,0.0,364.15,2.34,10.0,1003.7,
2009,9,11,19,21.58,37.26,0.0,0.0,0.0,363.03,2.28,17.0,1003.67,
2009,9,11,20,20.95,39.0,0.0,0.0,0.0,361.92,2.21,24.0,1003.64,
2009,9,11,21,20.31,40.75,0.0,0.0,0.0,360.8,2.14,32.0,1003.6,
2009,9,11,22,19.74,43.65,0.0,0.0,0.0,355.62,1.95,36.0,1003.44,
2009,9,11,23,19.18,46.55,0.0,0.0,0.0,350.43,1.77,41.0,1003.27,
2009,9,12,0,18.61,49.45,0.0,0.0,0.0,345.25,1.59,46.0,1003.11,
2009,9,12,1,17.93,53.57,0.0,0.0,0.0,341.42,1.37,42.0,1003.08,
2009,9,12,2,17.25,57.69,0.0,0.0,0.0,337.58,1.15,39.0,1003.04,
2009,9,12,3,16.57,61.81,0.0,0.0,0.0,333.75,0.94,36.0,1003.01,
2009,9,12,4,16.93,63.16,0.0,0.0,0.0,331.4,1.19,35.0,1003.04,
2009,9,12,5,17.29,64.5,0.0,0.0,0.0,329.05,1.43,33.0,1003.08,
2009,9,12,6,17.65,65.85,16.0,0.0,16.0,326.7,1.68,32.0,1003.11,
2009,9,12,7,19.69,58.63,106.0,2.96,105.0,331.53,1.37,8.0,1002.94,
2009,9,12,8,21.74,51.42,149.0,2.05,148.0,336.37,1.06,343.0,1002.78,
2009,9,12,9,23.78,44.2,182.0,0.0,182.0,341.2,0.74,319.0,1002.61,
2009,9,12,10,24.48,40.95,265.0,7.22,260.0,348.12,0.76,310.0,1002.22,
2009,9,12,11,25.19,37.7,185.0,0.0,185.0,355.03,0.78,301.0,1001.82,
2009,9,12,12,25.89,34.45,140.0,0.0,140.0,361.95,0.8,292.0,1001.43,
2009,9,12,13,25.45,36.8,565.0,434.17,274.0,363.97,1.02,279.0,1001.53,
2009,9,12,14,25.01,39.14,491.0,475.2,218.0,365.98,1.24,265.0,1001.62,
2009,9,12,15,24.56,41.49,277.0,155.77,208.0,368.0,1.46,252.0,1001.72,
2009,9,12,16,23.28,46.44,216.0,375.98,109.0,364.27,1.53,221.0,1001.89,
2009,9,12,17,21.99,51.38,54.0,108.91,42.0,360.53,1.59,189.0,1002.05,
2009,9,12,18,20.71,56.33,0.0,0.0,0.0,356.8,1.66,158.0,1002.22,
2009,9,12,19,19.96,59.37,0.0,0.0,0.0,355.62,1.66,157.0,1002.42,
2009,9,12,20,19.22,62.42,0.0,0.0,0.0,354.43,1.67,156.0,1002.61,
2009,9,12,21,18.47,65.46,0.0,0.0,0.0,353.25,1.68,155.0,1002.81,
2009,9,12,22,18.08,67.98,0.0,0.0,0.0,351.18,1.69,148.0,1002.81,
2009,9,12,23,17.7,70.49,0.0,0.0,0.0,349.12,1.7,141.0,1002.81,
2009,9,13,0,17.31,73.01,0.0,0.0,0.0,347.05,1.71,134.0,1002.81,
2009,9,13,1,16.5,77.65,0.0,0.0,0.0,346.75,1.65,130.0,1003.11,
2009,9,13,2,15.68,82.28,0.0,0.0,0.0,346.45,1.58,127.0,1003.41,
2009,9,13,3,14.87,86.92,0.0,0.0,0.0,346.15,1.52,123.0,1003.7,
2009,9,13,4,15.43,86.77,0.0,0.0,0.0,343.58,1.85,111.0,1003.87,
2009,9,13,5,15.99,86.61,0.0,0.0,0.0,341.02,2.18,100.0,1004.03,
2009,9,13,6,16.55,86.46,57.0,18.38,54.0,338.45,2.51,88.0,1004.2,
2009,9,13,7,18.19,78.62,107.0,5.99,105.0,341.35,2.38,90.0,1004.36,
2009,9,13,8,19.83,70.77,426.0,557.25,156.0,344.25,2.25,91.0,1004.53,
2009,9,13,9,21.47,62.93,469.0,328.74,270.0,347.15,2.12,92.0,1004.69,
2009,9,13,10,22.13,57.51,421.0,119.2,339.0,353.08,2.47,100.0,1004.5,
2009,9,13,11,22.8,52.08,484.0,167.89,362.0,359.02,2.82,107.0,1004.3,
2009,9,13,12,23.46,46.66,625.0,477.11,282.0,364.95,3.17,114.0,1004.1,
2009,9,13,13,23.7,43.71,561.0,432.96,273.0,365.58,3.06,120.0,1004.1,
2009,9,13,14,23.93,40.76,317.0,82.58,270.0,366.22,2.95,126.0,1004.1,
2009,9,13,15,24.16,37.81,294.0,210.35,202.0,366.85,2.84,132.0,1004.1,
2009,9,13,16,22.83,41.93,138.0,68.15,119.0,364.2,2.44,121.0,1004.46,
2009,9,13,17,21.51,46.06,63.0,239.83,38.0,361.55,2.04,110.0,1004.83,
2009,9,13,18,20.18,50.18,0.0,0.0,0.0,358.9,1.64,98.0,1005.19,
2009,9,13,19,19.54,53.55,0.0,0.0,0.0,354.83,1.76,100.0,1005.39,
2009,9,13,20,18.89,56.93,0.0,0.0,0.0,350.77,1.88,101.0,1005.58,
2009,9,13,21,18.25,60.3,0.0,0.0,0.0,346.7,2.0,102.0,1005.78,
2009,9,13,22,17.82,63.45,0.0,0.0,0.0,343.38,2.1,103.0,1005.91,
2009,9,13,23,17.38,66.61,0.0,0.0,0.0,340.07,2.2,105.0,1006.05,
2009,9,14,0,16.95,69.76,0.0,0.0,0.0,336.75,2.3,106.0,1006.18,
2009,9,14,1,16.66,71.15,0.0,0.0,0.0,336.03,2.33,104.0,1006.34,
2009,9,14,2,16.38,72.53,0.0,0.0,0.0,335.32,2.36,102.0,1006.51,
2009,9,14,3,16.09,73.92,0.0,0.0,0.0,334.6,2.39,101.0,1006.67,
2009,9,14,4,16.77,72.62,0.0,0.0,0.0,333.48,2.71,103.0,1006.84,
2009,9,14,5,17.46,71.33,0.0,0.0,0.0,332.37,3.04,105.0,1007.0,
2009,9,14,6,18.14,70.03,34.0,0.0,34.0,331.25,3.37,107.0,1007.17,
2009,9,14,7,20.41,61.31,214.0,206.08,146.0,337.15,3.03,114.0,1007.33,
2009,9,14,8,22.69,52.6,415.0,524.25,163.0,343.05,2.69,121.0,1007.5,
2009,9,14,9,24.96,43.88,568.0,673.5,163.0,348.95,2.34,128.0,1007.66,
2009,9,14,10,25.38,41.48,673.0,748.87,161.0,354.03,2.27,134.0,1007.37,
2009,9,14,11,25.8,39.09,632.0,487.42,280.0,359.12,2.19,140.0,1007.07,
2009,9,14,12,26.21,36.69,260.0,4.2,257.0,364.2,2.11,146.0,1006.77,
2009,9,14,13,26.32,35.45,357.0,66.66,313.0,368.02,1.98,138.0,1006.54,
2009,9,14,14,26.43,34.21,526.0,647.43,161.0,371.83,1.84,131.0,1006.31,
2009,9,14,15,26.54,32.97,402.0,687.94,105.0,375.65,1.71,123.0,1006.08,
2009,9,14,16,24.95,37.35,177.0,216.15,118.0,373.23,1.79,116.0,1006.31,
2009,9,14,17,23.37,41.72,50.0,132.28,37.0,370.82,1.87,110.0,1006.54,
2009,9,14,18,21.78,46.1,0.0,0.0,0.0,368.4,1.94,103.0,1006.77,
2009,9,14,19,21.14,49.46,0.0,0.0,0.0,365.78,2.09,109.0,1006.97,
2009,9,14,20,20.5,52.82,0.0,0.0,0.0,363.17,2.24,114.0,1007.17,
2009,9,14,21,19.86,56.18,0.0,0.0,0.0,360.55,2.39,119.0,1007.37,
2009,9,14,22,19.4,60.1,0.0,0.0,0.0,354.93,2.48,124.0,1007.27,
2009,9,14,23,18.95,64.03,0.0,0.0,0.0,349.32,2.58,128.0,1007.17,
2009,9,15,0,18.49,67.95,0.0,0.0,0.0,343.7,2.68,133.0,1007.07,
2009,9,15,1,18.0,72.01,0.0,0.0,0.0,343.75,2.69,132.0,1007.0,
2009,9,15,2,17.52,76.08,0.0,0.0,0.0,343.8,2.71,130.0,1006.94,
2009,9,15,3,17.03,80.14,0.0,0.0,0.0,343.85,2.73,129.0,1006.87,
2009,9,15,4,17.75,78.65,0.0,0.0,0.0,343.05,2.97,127.0,1006.94,
2009,9,15,5,18.46,77.17,0.0,0.0,0.0,342.25,3.2,126.0,1007.0,
2009,9,15,6,19.18,75.68,90.0,186.22,61.0,341.45,3.43,124.0,1007.07,
2009,9,15,7,21.29,67.29,252.0,401.59,121.0,347.57,3.13,130.0,1007.04,
2009,9,15,8,23.41,58.9,432.0,620.79,136.0,353.68,2.83,137.0,1007.0,
2009,9,15,9,25.52,50.51,570.0,696.48,154.0,359.8,2.52,144.0,1006.97,
2009,9,15,10,26.12,46.44,668.0,747.7,160.0,366.9,2.42,150.0,1006.57,
2009,9,15,11,26.72,42.38,684.0,659.13,211.0,374.0,2.32,156.0,1006.18,
2009,9,15,12,27.31,38.31,657.0,596.39,234.0,381.1,2.22,162.0,1005.78,
2009,9,15,13,27.47,36.0,608.0,613.8,206.0,382.8,2.28,159.0,1005.06,
2009,9,15,14,27.62,33.69,445.0,368.95,239.0,384.5,2.33,155.0,1004.33,
2009,9,15,15,27.77,31.38,300.0,251.14,193.0,386.2,2.39,151.0,1003.6,
2009,9,15,16,26.36,34.5,198.0,359.42,102.0,386.58,2.25,142.0,1003.51,
2009,9,15,17,24.95,37.63,53.0,205.86,34.0,386.97,2.11,133.0,1003.41,
2009,9,15,18,23.54,40.75,0.0,0.0,0.0,387.35,1.97,124.0,1003.31,
2009,9,15,19,23.08,42.31,0.0,0.0,0.0,383.67,2.32,128.0,1003.21,
2009,9,15,20,22.62,43.87,0.0,0.0,0.0,379.98,2.67,132.0,1003.11,
2009,9,15,21,22.16,45.43,0.0,0.0,0.0,376.3,3.02,136.0,1003.01,
2009,9,15,22,22.04,46.9,0.0,0.0,0.0,377.03,3.13,141.0,1002.85,
2009,9,15,23,21.91,48.37,0.0,0.0,0.0,377.77,3.23,145.0,1002.68,
2009,9,16,0,21.79,49.84,0.0,0.0,0.0,378.5,3.34,149.0,1002.52,
2009,9,16,1,21.3,51.42,0.0,0.0,0.0,379.8,3.23,147.0,1002.22,
2009,9,16,2,20.8,52.99,0.0,0.0,0.0,381.1,3.13,144.0,1001.92,
2009,9,16,3,20.31,54.57,0.0,0.0,0.0,382.4,3.02,141.0,1001.62,
2009,9,16,4,20.58,54.94,0.0,0.0,0.0,385.25,3.23,145.0,1001.69,
2009,9,16,5,20.85,55.31,0.0,0.0,0.0,388.1,3.43,149.0,1001.76,
2009,9,16,6,21.12,55.68,11.0,0.0,11.0,390.95,3.64,153.0,1001.82,
2009,9,16,7,21.22,58.08,33.0,0.0,33.0,391.55,3.52,157.0,1001.92,
2009,9,16,8,21.31,60.49,60.0,0.0,60.0,392.15,3.39,162.0,1002.02,
2009,9,16,9,21.41,62.89,58.0,0.0,58.0,392.75,3.27,167.0,1002.12,
2009,9,16,10,21.17,65.32,93.0,0.0,93.0,391.43,2.94,162.0,1002.22,
2009,9,16,11,20.93,67.75,118.0,0.0,118.0,390.12,2.62,158.0,1002.32,
2009,9,16,12,20.69,70.18,170.0,0.0,170.0,388.8,2.29,153.0,1002.42,
2009,9,16,13,20.18,74.68,127.0,0.0,127.0,386.38,1.83,151.0,1002.65,
2009,9,16,14,19.67,79.17,76.0,0.0,76.0,383.97,1.36,150.0,1002.88,
2009,9,16,15,19.15,83.67,62.0,0.0,62.0,381.55,0.9,148.0,1003.11,
2009,9,16,16,18.51,87.18,34.0,0.0,34.0,379.38,0.78,145.0,1003.21,
2009,9,16,17,17.88,90.7,12.0,0.0,12.0,377.22,0.66,142.0,1003.31,
2009,9,16,18,17.24,94.21,0.0,0.0,0.0,375.05,0.54,139.0,1003.41,
2009,9,16,19,17.19,94.23,0.0,0.0,0.0,374.22,0.68,119.0,1003.7,
2009,9,16,20,17.13,94.26,0.0,0.0,0.0,373.38,0.81,100.0,1004.0,
2009,9,16,21,17.08,94.28,0.0,0.0,0.0,372.55,0.95,81.0,1004.3,
2009,9,16,22,16.86,95.6,0.0,0.0,0.0,373.25,1.11,61.0,1004.33,
2009,9,16,23,16.64,96.92,0.0,0.0,0.0,373.95,1.27,41.0,1004.36,
2009,9,17,0,16.42,98.24,0.0,0.0,0.0,374.65,1.43,20.0,1004.4,
2009,9,17,1,16.05,97.69,0.0,0.0,0.0,367.95,1.55,19.0,1004.46,
2009,9,17,2,15.69,97.13,0.0,0.0,0.0,361.25,1.67,18.0,1004.53,
2009,9,17,3,15.32,96.58,0.0,0.0,0.0,354.55,1.79,17.0,1004.59,
2009,9,17,4,15.91,95.85,0.0,0.0,0.0,351.35,1.86,19.0,1004.83,
2009,9,17,5,16.5,95.12,0.0,0.0,0.0,348.15,1.93,20.0,1005.06,
2009,9,17,6,17.09,94.39,19.0,0.0,19.0,344.95,2.0,22.0,1005.29,
2009,9,17,7,18.28,89.22,124.0,18.83,118.0,348.57,2.02,25.0,1005.42,
2009,9,17,8,19.46,84.06,142.0,2.13,141.0,352.18,2.05,28.0,1005.55,
2009,9,17,9,20.65,78.89,210.0,5.09,207.0,355.8,2.07,32.0,1005.68,
2009,9,17,10,21.22,74.72,263.0,8.95,257.0,357.77,2.17,30.0,1005.55,
2009,9,17,11,21.8,70.54,163.0,0.0,163.0,359.73,2.26,29.0,1005.42,
2009,9,17,12,22.37,66.37,427.0,115.81,346.0,361.7,2.36,27.0,1005.29,
2009,9,17,13,21.63,72.37,604.0,634.58,195.0,363.73,2.29,27.0,1005.42,
2009,9,17,14,20.88,78.37,471.0,487.78,204.0,365.77,2.23,27.0,1005.55,
2009,9,17,15,20.13,84.37,316.0,340.07,175.0,367.8,2.17,27.0,1005.68,
2009,9,17,16,19.17,87.2,102.0,23.5,96.0,364.17,2.08,27.0,1005.88,
2009,9,17,17,18.21,90.03,36.0,87.19,29.0,360.53,2.0,26.0,1006.08,
2009,9,17,18,17.25,92.86,0.0,0.0,0.0,356.9,1.92,26.0,1006.28,
2009,9,17,19,16.9,93.79,0.0,0.0,0.0,353.1,1.99,26.0,1006.48,
2009,9,17,20,16.54,94.73,0.0,0.0,0.0,349.3,2.06,27.0,1006.67,
2009,9,17,21,16.19,95.66,0.0,0.0,0.0,345.5,2.14,27.0,1006.87,
2009,9,17,22,15.95,95.99,0.0,0.0,0.0,343.97,2.07,28.0,1006.97,
2009,9,17,23,15.71,96.32,0.0,0.0,0.0,342.43,2.0,29.0,1007.07,
2009,9,18,0,15.47,96.65,0.0,0.0,0.0,340.9,1.93,30.0,1007.17,
2009,9,18,1,15.11,95.67,0.0,0.0,0.0,339.92,1.89,31.0,1007.14,
2009,9,18,2,14.74,94.68,0.0,0.0,0.0,338.93,1.86,32.0,1007.1,
2009,9,18,3,14.38,93.7,0.0,0.0,0.0,337.95,1.82,34.0,1007.07,
2009,9,18,4,14.9,92.87,0.0,0.0,0.0,335.5,1.79,33.0,1007.33,
2009,9,18,5,15.41,92.05,0.0,0.0,0.0,333.05,1.77,32.0,1007.6,
2009,9,18,6,15.93,91.22,83.0,186.97,56.0,330.6,1.74,32.0,1007.86,
2009,9,18,7,17.58,82.84,239.0,378.08,120.0,334.85,1.73,31.0,1008.03,
2009,9,18,8,19.22,74.45,422.0,625.81,131.0,339.1,1.73,29.0,1008.19,
2009,9,18,9,20.87,66.07,563.0,716.35,144.0,343.35,1.72,28.0,1008.36,
2009,9,18,10,21.67,61.18,661.0,769.9,148.0,346.32,1.82,29.0,1007.93,
2009,9,18,11,22.47,56.28,706.0,787.28,152.0,349.28,1.92,30.0,1007.5,
2009,9,18,12,23.27,51.39,695.0,783.35,151.0,352.25,2.01,31.0,1007.07,
2009,9,18,13,23.47,48.28,634.0,772.78,140.0,355.27,1.94,29.0,1007.04,
2009,9,18,14,23.67,45.17,524.0,736.38,125.0,358.28,1.87,27.0,1007.0,
2009,9,18,15,23.86,42.06,370.0,626.12,114.0,361.3,1.79,25.0,1006.97,
2009,9,18,16,22.34,46.7,193.0,417.02,89.0,355.93,1.76,30.0,1007.07,
2009,9,18,17,20.81,51.34,38.0,148.11,27.0,350.57,1.72,35.0,1007.17,
2009,9,18,18,19.29,55.98,0.0,0.0,0.0,345.2,1.68,41.0,1007.27,
2009,9,18,19,18.3,61.25,0.0,0.0,0.0,343.8,1.56,54.0,1007.5,
2009,9,18,20,17.31,66.51,0.0,0.0,0.0,342.4,1.44,66.0,1007.73,
2009,9,18,21,16.32,71.78,0.0,0.0,0.0,341.0,1.32,79.0,1007.96,
2009,9,18,22,16.0,75.58,0.0,0.0,0.0,340.78,1.45,83.0,1008.03,
2009,9,18,23,15.67,79.37,0.0,0.0,0.0,340.57,1.58,87.0,1008.09,
2009,9,19,0,15.35,83.17,0.0,0.0,0.0,340.35,1.71,91.0,1008.16,
2009,9,19,1,14.98,84.97,0.0,0.0,0.0,342.22,1.77,91.0,1008.16,
2009,9,19,2,14.62,86.77,0.0,0.0,0.0,344.08,1.82,91.0,1008.16,
2009,9,19,3,14.25,88.57,0.0,0.0,0.0,345.95,1.88,91.0,1008.16,
2009,9,19,4,14.93,88.05,0.0,0.0,0.0,345.48,2.17,95.0,1008.32,
2009,9,19,5,15.62,87.52,0.0,0.0,0.0,345.02,2.46,99.0,1008.49,
2009,9,19,6,16.3,87.0,77.0,163.59,54.0,344.55,2.74,103.0,1008.65,
2009,9,19,7,17.98,78.9,232.0,353.84,122.0,348.9,2.42,115.0,1008.82,
2009,9,19,8,19.66,70.81,401.0,537.98,153.0,353.25,2.09,127.0,1008.98,
2009,9,19,9,21.34,62.71,535.0,618.21,176.0,357.6,1.77,139.0,1009.15,
2009,9,19,10,22.04,57.43,629.0,664.78,189.0,360.17,1.47,135.0,1008.95,
2009,9,19,11,22.74,52.16,665.0,653.83,208.0,362.73,1.18,130.0,1008.75,
2009,9,19,12,23.43,46.88,576.0,411.93,292.0,365.3,0.88,125.0,1008.55,
2009,9,19,13,23.42,45.43,528.0,418.02,263.0,362.78,0.99,112.0,1008.39,
2009,9,19,14,23.41,43.97,393.0,270.38,248.0,360.27,1.1,99.0,1008.22,
2009,9,19,15,23.39,42.52,309.0,352.28,167.0,357.75,1.21,86.0,1008.06,
2009,9,19,16,21.58,49.09,181.0,369.69,91.0,351.2,1.49,93.0,1008.26,
2009,9,19,17,19.78,55.65,31.0,102.58,24.0,344.65,1.77,99.0,1008.45,
2009,9,19,18,17.97,62.22,0.0,0.0,0.0,338.1,2.06,106.0,1008.65,
2009,9,19,19,17.18,65.75,0.0,0.0,0.0,333.92,1.8,118.0,1009.05,
2009,9,19,20,16.4,69.29,0.0,0.0,0.0,329.73,1.55,129.0,1009.44,
2009,9,19,21,15.61,72.82,0.0,0.0,0.0,325.55,1.3,141.0,1009.84,
2009,9,19,22,15.28,74.25,0.0,0.0,0.0,323.22,1.39,149.0,1010.01,
2009,9,19,23,14.96,75.68,0.0,0.0,0.0,320.88,1.49,158.0,1010.17,
2009,9,20,0,14.63,77.11,0.0,0.0,0.0,318.55,1.59,166.0,1010.34,
2009,9,20,1,13.96,79.8,0.0,0.0,0.0,317.4,1.57,160.0,1010.5,
2009,9,20,2,13.3,82.49,0.0,0.0,0.0,316.25,1.55,155.0,1010.67,
2009,9,20,3,12.63,85.18,0.0,0.0,0.0,315.1,1.53,150.0,1010.83,
2009,9,20,4,13.38,82.54,0.0,0.0,0.0,315.27,1.78,147.0,1011.03,
2009,9,20,5,14.14,79.89,0.0,0.0,0.0,315.43,2.03,144.0,1011.23,
2009,9,20,6,14.89,77.25,75.0,168.17,52.0,315.6,2.28,141.0,1011.42,
2009,9,20,7,17.23,67.0,240.0,420.23,111.0,320.92,1.78,156.0,1011.59,
2009,9,20,8,19.56,56.76,412.0,610.57,133.0,326.23,1.28,171.0,1011.75,
2009,9,20,9,21.9,46.51,551.0,700.82,147.0,331.55,0.79,186.0,1011.92,
2009,9,20,10,22.6,44.34,648.0,752.98,153.0,333.18,0.72,243.0,1011.75,
2009,9,20,11,23.3,42.16,688.0,756.27,163.0,334.82,0.66,300.0,1011.59,
2009,9,20,12,23.99,39.99,677.0,752.51,162.0,336.45,0.59,356.0,1011.42,
2009,9,20,13,23.93,39.73,613.0,728.6,155.0,336.33,0.98,2.0,1011.19,
2009,9,20,14,23.87,39.47,501.0,680.25,140.0,336.22,1.37,8.0,1010.96,
2009,9,20,15,23.81,39.21,354.0,596.55,117.0,336.1,1.75,14.0,1010.73,
2009,9,20,16,22.2,44.32,185.0,429.48,83.0,333.03,1.96,23.0,1010.93,
2009,9,20,17,20.59,49.43,26.0,80.38,21.0,329.97,2.17,31.0,1011.13,
2009,9,20,18,18.98,54.54,0.0,0.0,0.0,326.9,2.37,40.0,1011.33,
2009,9,20,19,18.18,58.19,0.0,0.0,0.0,326.03,2.15,50.0,1011.66,
2009,9,20,20,17.38,61.83,0.0,0.0,0.0,325.17,1.92,60.0,1011.99,
2009,9,20,21,16.58,65.48,0.0,0.0,0.0,324.3,1.7,70.0,1012.32,
2009,9,20,22,16.37,66.72,0.0,0.0,0.0,323.2,1.34,95.0,1012.41,
2009,9,20,23,16.16,67.95,0.0,0.0,0.0,322.1,0.99,120.0,1012.51,
2009,9,21,0,15.95,69.19,0.0,0.0,0.0,321.0,0.63,145.0,1012.61,
2009,9,21,1,14.94,73.76,0.0,0.0,0.0,319.18,0.77,114.0,1012.78,
2009,9,21,2,13.93,78.33,0.0,0.0,0.0,317.37,0.91,84.0,1012.94,
2009,9,21,3,12.92,82.9,0.0,0.0,0.0,315.55,1.05,53.0,1013.11,
2009,9,21,4,13.75,80.62,0.0,0.0,0.0,315.85,1.03,61.0,1013.24,
2009,9,21,5,14.59,78.33,0.0,0.0,0.0,316.15,1.01,69.0,1013.37,
2009,9,21,6,15.42,76.05,76.0,188.08,51.0,316.45,0.99,77.0,1013.5,
2009,9,21,7,17.97,65.73,243.0,458.67,104.0,322.2,0.95,59.0,1013.73,
2009,9,21,8,20.53,55.41,414.0,640.35,124.0,327.95,0.91,41.0,1013.97,
2009,9,21,9,23.08,45.09,549.0,711.3,142.0,333.7,0.87,23.0,1014.2,
2009,9,21,10,23.79,41.34,647.0,764.33,148.0,338.95,1.09,16.0,1014.0,
2009,9,21,11,24.51,37.6,687.0,768.8,157.0,344.2,1.32,9.0,1013.8,
2009,9,21,12,25.22,33.85,672.0,750.8,162.0,349.45,1.54,2.0,1013.6,
2009,9,21,13,25.25,32.87,601.0,701.18,164.0,347.53,1.77,1.0,1013.34,
2009,9,21,14,25.28,31.9,485.0,630.4,154.0,345.62,1.99,1.0,1013.07,
2009,9,21,15,25.3,30.92,342.0,562.0,122.0,343.7,2.21,0.0,1012.81,
2009,9,21,16,23.29,36.75,177.0,410.31,82.0,339.95,2.43,4.0,1013.11,
2009,9,21,17,21.27,42.59,23.0,71.21,19.0,336.2,2.66,7.0,1013.4,
2009,9,21,18,19.26,48.42,0.0,0.0,0.0,332.45,2.88,11.0,1013.7,
2009,9,21,19,18.79,50.39,0.0,0.0,0.0,331.17,2.53,25.0,1014.0,
2009,9,21,20,18.32,52.35,0.0,0.0,0.0,329.88,2.18,40.0,1014.29,
2009,9,21,21,17.85,54.32,0.0,0.0,0.0,328.6,1.83,55.0,1014.59,
2009,9,21,22,17.56,55.92,0.0,0.0,0.0,326.6,1.44,67.0,1014.62,
2009,9,21,23,17.27,57.52,0.0,0.0,0.0,324.6,1.05,80.0,1014.66,
2009,9,22,0,16.98,59.12,0.0,0.0,0.0,322.6,0.66,92.0,1014.69,
2009,9,22,1,15.8,65.08,0.0,0.0,0.0,321.43,0.63,94.0,1014.72,
2009,9,22,2,14.63,71.03,0.0,0.0,0.0,320.27,0.61,96.0,1014.76,
2009,9,22,3,13.45,76.99,0.0,0.0,0.0,319.1,0.58,97.0,1014.79,
2009,9,22,4,13.96,76.68,0.0,0.0,0.0,319.67,0.65,118.0,1014.89,
2009,9,22,5,14.46,76.36,0.0,0.0,0.0,320.23,0.73,138.0,1014.99,
2009,9,22,6,14.97,76.05,64.0,116.23,49.0,320.8,0.8,159.0,1015.09,
2009,9,22,7,18.06,64.47,229.0,391.17,112.0,326.73,0.76,182.0,1015.22,
2009,9,22,8,21.16,52.89,401.0,594.95,134.0,332.67,0.73,205.0,1015.35,
2009,9,22,9,24.25,41.31,536.0,672.68,154.0,338.6,0.69,228.0,1015.48,
2009,9,22,10,24.9,37.69,635.0,737.32,157.0,344.2,0.96,241.0,1015.12,
2009,9,22,11,25.55,34.06,674.0,740.65,167.0,349.8,1.23,254.0,1014.76,
2009,9,22,12,26.2,30.44,618.0,575.54,230.0,355.4,1.5,267.0,1014.39,
2009,9,22,13,26.03,30.31,441.0,229.84,299.0,352.23,1.49,274.0,1013.87,
2009,9,22,14,25.86,30.17,390.0,296.49,236.0,349.07,1.49,282.0,1013.34,
2009,9,22,15,25.69,30.04,297.0,360.46,158.0,345.9,1.48,289.0,1012.81,
2009,9,22,16,23.94,34.78,161.0,323.64,88.0,343.07,1.62,278.0,1012.81,
2009,9,22,17,22.2,39.53,18.0,39.89,16.0,340.23,1.77,266.0,1012.81,
2009,9,22,18,20.45,44.27,0.0,0.0,0.0,337.4,1.92,255.0,1012.81,
2009,9,22,19,19.47,47.63,0.0,0.0,0.0,334.78,1.76,257.0,1012.81,
2009,9,22,20,18.49,50.99,0.0,0.0,0.0,332.17,1.6,259.0,1012.81,
2009,9,22,21,17.51,54.35,0.0,0.0,0.0,329.55,1.45,261.0,1012.81,
2009,9,22,22,17.51,54.47,0.0,0.0,0.0,326.55,1.27,259.0,1012.68,
2009,9,22,23,17.51,54.59,0.0,0.0,0.0,323.55,1.09,257.0,1012.55,
2009,9,23,0,17.51,54.71,0.0,0.0,0.0,320.55,0.91,256.0,1012.41,
2009,9,23,1,16.58,58.64,0.0,0.0,0.0,326.0,0.83,217.0,1012.12,
2009,9,23,2,15.65,62.57,0.0,0.0,0.0,331.45,0.74,179.0,1011.82,
2009,9,23,3,14.72,66.5,0.0,0.0,0.0,336.9,0.66,141.0,1011.52,
2009,9,23,4,15.12,67.08,0.0,0.0,0.0,335.55,0.73,149.0,1011.49,
2009,9,23,5,15.53,67.65,0.0,0.0,0.0,334.2,0.8,157.0,1011.46,
2009,9,23,6,15.93,68.23,49.0,39.94,44.0,332.85,0.87,165.0,1011.42,
2009,9,23,7,18.85,57.77,178.0,159.25,131.0,335.78,0.8,188.0,1011.42,
2009,9,23,8,21.76,47.31,395.0,582.5,136.0,338.72,0.74,211.0,1011.42,
2009,9,23,9,24.68,36.85,529.0,658.35,158.0,341.65,0.68,234.0,1011.42,
2009,9,23,10,25.31,33.96,627.0,722.4,162.0,343.88,1.05,241.0,1010.9,
2009,9,23,11,25.94,31.07,666.0,725.37,173.0,346.12,1.42,248.0,1010.37,
2009,9,23,12,26.56,28.18,543.0,372.21,294.0,348.35,1.79,255.0,1009.84,
2009,9,23,13,26.27,28.93,414.0,186.15,300.0,346.87,1.66,270.0,1009.11,
2009,9,23,14,25.98,29.68,382.0,288.08,234.0,345.38,1.53,284.0,1008.39,
2009,9,23,15,25.68,30.43,301.0,397.61,150.0,343.9,1.39,299.0,1007.66,
2009,9,23,16,24.34,33.9,161.0,359.77,82.0,339.75,1.6,306.0,1007.73,
2009,9,23,17,23.0,37.36,15.0,45.34,13.0,335.6,1.82,313.0,1007.8,
2009,9,23,18,21.66,40.83,0.0,0.0,0.0,331.45,2.03,320.0,1007.86,
2009,9,23,19,20.77,43.76,0.0,0.0,0.0,330.87,1.66,337.0,1007.86,
2009,9,23,20,19.87,46.7,0.0,0.0,0.0,330.28,1.28,354.0,1007.86,
2009,9,23,21,18.98,49.63,0.0,0.0,0.0,329.7,0.91,11.0,1007.86,
2009,9,23,22,18.41,52.2,0.0,0.0,0.0,327.38,0.89,19.0,1007.73,
2009,9,23,23,17.85,54.78,0.0,0.0,0.0,325.07,0.87,27.0,1007.6,
2009,9,24,0,17.28,57.35,0.0,0.0,0.0,322.75,0.86,36.0,1007.47,
2009,9,24,1,15.76,63.82,0.0,0.0,0.0,320.57,1.03,41.0,1007.5,
2009,9,24,2,14.23,70.28,0.0,0.0,0.0,318.38,1.21,46.0,1007.53,
2009,9,24,3,12.71,76.75,0.0,0.0,0.0,316.2,1.39,50.0,1007.56,
2009,9,24,4,13.8,73.69,0.0,0.0,0.0,317.35,1.46,45.0,1007.66,
2009,9,24,5,14.88,70.63,0.0,0.0,0.0,318.5,1.52,40.0,1007.76,
2009,9,24,6,15.97,67.57,57.0,90.7,46.0,319.65,1.59,35.0,1007.86,
2009,9,24,7,18.48,59.54,213.0,333.19,116.0,324.77,2.04,32.0,1008.19,
2009,9,24,8,20.98,51.52,351.0,397.3,176.0,329.88,2.49,30.0,1008.52,
2009,9,24,9,23.49,43.49,460.0,414.92,228.0,335.0,2.94,27.0,1008.85,
2009,9,24,10,24.03,40.83,593.0,610.29,203.0,343.12,3.31,25.0,1008.59,
2009,9,24,11,24.57,38.16,643.0,659.52,198.0,351.23,3.67,22.0,1008.32,
2009,9,24,12,25.11,35.5,628.0,644.79,200.0,359.35,4.04,20.0,1008.06,
2009,9,24,13,24.36,37.64,540.0,532.18,217.0,370.93,4.32,22.0,1008.16,
2009,9,24,14,23.61,39.77,450.0,545.21,173.0,382.52,4.59,23.0,1008.26,
2009,9,24,15,22.85,41.91,326.0,561.64,116.0,394.1,4.87,24.0,1008.36,
2009,9,24,16,21.74,43.81,113.0,102.99,91.0,387.18,4.62,26.0,1008.95,
2009,9,24,17,20.62,45.7,11.0,0.0,11.0,380.27,4.37,27.0,1009.54,
2009,9,24,18,19.51,47.6,0.0,0.0,0.0,373.35,4.12,29.0,1010.14,
2009,9,24,19,18.76,49.16,0.0,0.0,0.0,361.25,3.83,30.0,1010.47,
2009,9,24,20,18.02,50.72,0.0,0.0,0.0,349.15,3.53,31.0,1010.8,
2009,9,24,21,17.27,52.28,0.0,0.0,0.0,337.05,3.23,32.0,1011.13,
2009,9,24,22,16.78,54.34,0.0,0.0,0.0,332.37,3.13,32.0,1011.33,
2009,9,24,23,16.28,56.4,0.0,0.0,0.0,327.68,3.03,31.0,1011.52,
2009,9,25,0,15.79,58.46,0.0,0.0,0.0,323.0,2.92,31.0,1011.72,
2009,9,25,1,14.93,59.79,0.0,0.0,0.0,321.1,2.73,29.0,1012.08,
2009,9,25,2,14.07,61.13,0.0,0.0,0.0,319.2,2.54,28.0,1012.45,
2009,9,25,3,13.21,62.46,0.0,0.0,0.0,317.3,2.34,26.0,1012.81,
2009,9,25,4,13.62,62.64,0.0,0.0,0.0,315.07,2.51,27.0,1013.01,
2009,9,25,5,14.03,62.82,0.0,0.0,0.0,312.83,2.69,27.0,1013.21,
2009,9,25,6,14.44,63.0,70.0,238.6,42.0,310.6,2.86,28.0,1013.4,
2009,9,25,7,16.4,57.43,235.0,498.09,92.0,313.92,2.77,28.0,1013.67,
2009,9,25,8,18.37,51.85,399.0,644.09,118.0,317.23,2.68,29.0,1013.93,
2009,9,25,9,20.33,46.28,531.0,704.86,140.0,320.55,2.59,29.0,1014.2,
2009,9,25,10,21.31,43.59,623.0,745.62,150.0,327.27,2.53,30.0,1014.06,
2009,9,25,11,22.29,40.9,655.0,722.62,171.0,333.98,2.47,30.0,1013.93,
2009,9,25,12,23.26,38.21,636.0,692.42,180.0,340.7,2.41,30.0,1013.8,
2009,9,25,13,23.05,37.85,565.0,643.45,178.0,340.98,2.51,28.0,1013.8,
2009,9,25,14,22.84,37.5,466.0,642.97,143.0,341.27,2.62,26.0,1013.8,
2009,9,25,15,22.63,37.14,318.0,546.15,117.0,341.55,2.72,24.0,1013.8,
2009,9,25,16,21.07,40.72,155.0,390.13,74.0,337.87,2.59,25.0,1014.1,
2009,9,25,17,19.51,44.29,0.0,0.0,0.0,334.18,2.46,26.0,1014.39,
2009,9,25,18,17.95,47.87,0.0,0.0,0.0,330.5,2.33,27.0,1014.69,
2009,9,25,19,17.24,50.39,0.0,0.0,0.0,327.78,2.22,30.0,1014.86,
2009,9,25,20,16.53,52.9,0.0,0.0,0.0,325.07,2.11,33.0,1015.02,
2009,9,25,21,15.82,55.42,0.0,0.0,0.0,322.35,2.0,36.0,1015.19,
2009,9,25,22,15.32,58.31,0.0,0.0,0.0,320.1,1.87,37.0,1015.25,
2009,9,25,23,14.82,61.21,0.0,0.0,0.0,317.85,1.73,38.0,1015.32,
2009,9,26,0,14.32,64.1,0.0,0.0,0.0,315.6,1.6,39.0,1015.38,
2009,9,26,1,13.5,67.94,0.0,0.0,0.0,312.62,1.52,42.0,1015.58,
2009,9,26,2,12.67,71.77,0.0,0.0,0.0,309.63,1.44,45.0,1015.78,
2009,9,26,3,11.85,75.61,0.0,0.0,0.0,306.65,1.37,48.0,1015.98,
2009,9,26,4,12.53,74.64,0.0,0.0,0.0,307.78,1.72,51.0,1016.08,
2009,9,26,5,13.21,73.67,0.0,0.0,0.0,308.92,2.07,54.0,1016.18,
2009,9,26,6,13.89,72.7,62.0,176.34,42.0,310.05,2.43,57.0,1016.27,
2009,9,26,7,16.53,63.97,229.0,476.96,94.0,318.02,2.06,63.0,1016.31,
2009,9,26,8,19.16,55.23,392.0,629.56,120.0,325.98,1.69,69.0,1016.34,
2009,9,26,9,21.8,46.5,523.0,690.57,143.0,333.95,1.32,75.0,1016.37,
2009,9,26,10,22.72,43.03,615.0,730.56,155.0,341.03,1.14,101.0,1016.11,
2009,9,26,11,23.64,39.56,650.0,720.52,171.0,348.12,0.96,126.0,1015.85,
2009,9,26,12,24.56,36.09,630.0,690.34,179.0,355.2,0.77,152.0,1015.58,
2009,9,26,13,24.28,35.84,560.0,642.68,177.0,353.87,0.64,134.0,1015.25,
2009,9,26,14,23.99,35.6,458.0,628.23,146.0,352.53,0.51,116.0,1014.92,
2009,9,26,15,23.7,35.35,311.0,532.93,118.0,351.2,0.37,97.0,1014.59,
2009,9,26,16,22.23,39.75,150.0,381.85,73.0,348.42,0.45,83.0,1014.59,
2009,9,26,17,20.76,44.14,0.0,0.0,0.0,345.63,0.52,69.0,1014.59,
2009,9,26,18,19.29,48.54,0.0,0.0,0.0,342.85,0.59,55.0,1014.59,
2009,9,26,19,18.1,53.47,0.0,0.0,0.0,338.38,0.62,77.0,1014.53,
2009,9,26,20,16.92,58.39,0.0,0.0,0.0,333.92,0.65,99.0,1014.46,
2009,9,26,21,15.73,63.32,0.0,0.0,0.0,329.45,0.68,120.0,1014.39,
2009,9,26,22,15.27,66.13,0.0,0.0,0.0,328.07,0.81,132.0,1014.29,
2009,9,26,23,14.8,68.93,0.0,0.0,0.0,326.68,0.94,144.0,1014.2,
2009,9,27,0,14.34,71.74,0.0,0.0,0.0,325.3,1.08,156.0,1014.1,
2009,9,27,1,13.34,76.03,0.0,0.0,0.0,322.72,1.05,153.0,1013.87,
2009,9,27,2,12.35,80.32,0.0,0.0,0.0,320.13,1.03,150.0,1013.64,
2009,9,27,3,11.35,84.61,0.0,0.0,0.0,317.55,1.01,147.0,1013.4,
2009,9,27,4,12.13,82.36,0.0,0.0,0.0,317.37,1.28,150.0,1013.27,
2009,9,27,5,12.9,80.1,0.0,0.0,0.0,317.18,1.55,152.0,1013.14,
2009,9,27,6,13.68,77.85,42.0,45.68,37.0,317.0,1.82,155.0,1013.01,
2009,9,27,7,16.45,66.57,208.0,362.05,107.0,322.47,1.56,175.0,1012.98,
2009,9,27,8,19.21,55.3,368.0,521.29,145.0,327.93,1.31,195.0,1012.94,
2009,9,27,9,21.98,44.02,445.0,401.26,226.0,333.4,1.05,215.0,1012.91,
2009,9,27,10,22.77,41.08,581.0,617.69,195.0,338.75,1.2,223.0,1012.32,
2009,9,27,11,23.56,38.15,491.0,265.24,316.0,344.1,1.35,230.0,1011.72,
2009,9,27,12,24.34,35.21,413.0,140.43,322.0,349.45,1.5,238.0,1011.13,
2009,9,27,13,24.1,35.2,482.0,389.56,252.0,349.68,1.59,251.0,1010.4,
2009,9,27,14,23.86,35.2,437.0,560.19,162.0,349.92,1.68,264.0,1009.68,
2009,9,27,15,23.62,35.19,253.0,269.46,157.0,350.15,1.77,277.0,1008.95,
2009,9,27,16,21.6,41.18,126.0,229.97,81.0,344.02,2.13,273.0,1008.88,
2009,9,27,17,19.59,47.17,0.0,0.0,0.0,337.88,2.49,269.0,1008.82,
2009,9,27,18,17.57,53.16,0.0,0.0,0.0,331.75,2.86,265.0,1008.75,
2009,9,27,19,16.79,56.02,0.0,0.0,0.0,329.18,2.9,262.0,1008.52,
2009,9,27,20,16.01,58.89,0.0,0.0,0.0,326.62,2.94,258.0,1008.29,
2009,9,27,21,15.23,61.75,0.0,0.0,0.0,324.05,2.98,254.0,1008.06,
2009,9,27,22,15.04,62.86,0.0,0.0,0.0,322.5,2.84,252.0,1007.73,
2009,9,27,23,14.85,63.97,0.0,0.0,0.0,320.95,2.7,250.0,1007.4,
2009,9,28,0,14.66,65.08,0.0,0.0,0.0,319.4,2.57,247.0,1007.07,
2009,9,28,1,14.17,68.64,0.0,0.0,0.0,318.02,2.38,245.0,1006.81,
2009,9,28,2,13.69,72.2,0.0,0.0,0.0,316.63,2.2,243.0,1006.54,
2009,9,28,3,13.2,75.76,0.0,0.0,0.0,315.25,2.01,240.0,1006.28,
2009,9,28,4,13.93,74.34,0.0,0.0,0.0,316.65,2.19,238.0,1006.11,
2009,9,28,5,14.67,72.93,0.0,0.0,0.0,318.05,2.37,236.0,1005.95,
2009,9,28,6,15.4,71.51,8.0,0.0,8.0,319.45,2.55,234.0,1005.78,
2009,9,28,7,17.44,64.7,118.0,36.38,108.0,326.92,3.06,243.0,1005.62,
2009,9,28,8,19.48,57.9,293.0,236.13,193.0,334.38,3.56,253.0,1005.45,
2009,9,28,9,21.52,51.09,425.0,349.18,236.0,341.85,4.07,263.0,1005.29,
2009,9,28,10,22.1,47.48,379.0,119.33,305.0,349.73,4.57,270.0,1004.69,
2009,9,28,11,22.68,43.87,497.0,287.14,309.0,357.62,5.08,277.0,1004.1,
2009,9,28,12,23.26,40.26,436.0,183.6,318.0,365.5,5.59,283.0,1003.51,
2009,9,28,13,23.08,38.98,140.0,0.0,140.0,360.2,5.53,288.0,1003.27,
2009,9,28,14,22.9,37.7,244.0,53.59,218.0,354.9,5.48,292.0,1003.04,
2009,9,28,15,22.72,36.42,206.0,128.43,161.0,349.6,5.42,296.0,1002.81,
2009,9,28,16,21.3,40.18,84.0,52.71,74.0,342.5,4.69,298.0,1003.14,
2009,9,28,17,19.88,43.93,0.0,0.0,0.0,335.4,3.97,300.0,1003.47,
2009,9,28,18,18.46,47.69,0.0,0.0,0.0,328.3,3.24,302.0,1003.8,
2009,9,28,19,17.8,50.46,0.0,0.0,0.0,326.57,3.06,302.0,1004.0,
2009,9,28,20,17.14,53.23,0.0,0.0,0.0,324.83,2.87,301.0,1004.2,
2009,9,28,21,16.48,56.0,0.0,0.0,0.0,323.1,2.69,301.0,1004.4,
2009,9,28,22,16.11,58.24,0.0,0.0,0.0,320.63,2.63,298.0,1004.53,
2009,9,28,23,15.75,60.49,0.0,0.0,0.0,318.17,2.56,296.0,1004.66,
2009,9,29,0,15.38,62.73,0.0,0.0,0.0,315.7,2.5,293.0,1004.79,
2009,9,29,1,14.91,64.45,0.0,0.0,0.0,313.65,2.37,292.0,1004.86,
2009,9,29,2,14.45,66.16,0.0,0.0,0.0,311.6,2.24,292.0,1004.92,
2009,9,29,3,13.98,67.88,0.0,0.0,0.0,309.55,2.11,291.0,1004.99,
2009,9,29,4,14.44,68.2,0.0,0.0,0.0,310.13,2.34,294.0,1005.25,
2009,9,29,5,14.9,68.51,0.0,0.0,0.0,310.72,2.56,298.0,1005.52,
2009,9,29,6,15.36,68.83,25.0,0.0,25.0,311.3,2.79,301.0,1005.78,
2009,9,29,7,16.32,65.19,98.0,14.77,94.0,319.28,3.07,306.0,1006.08,
2009,9,29,8,17.28,61.55,302.0,274.34,187.0,327.27,3.36,312.0,1006.38,
2009,9,29,9,18.24,57.91,522.0,747.14,121.0,335.25,3.64,317.0,1006.67,
2009,9,29,10,18.61,55.58,311.0,47.13,282.0,340.8,3.97,315.0,1006.51,
2009,9,29,11,18.98,53.25,587.0,547.98,231.0,346.35,4.29,312.0,1006.34,
2009,9,29,12,19.35,50.92,264.0,14.12,255.0,351.9,4.62,310.0,1006.18,
2009,9,29,13,19.59,50.66,195.0,1.73,194.0,350.4,4.04,316.0,1005.91,
2009,9,29,14,19.83,50.4,63.0,0.0,63.0,348.9,3.45,322.0,1005.65,
2009,9,29,15,20.07,50.14,187.0,92.89,155.0,347.4,2.87,328.0,1005.39,
2009,9,29,16,18.72,55.26,52.0,5.44,51.0,343.53,2.46,350.0,1005.72,
2009,9,29,17,17.37,60.38,0.0,0.0,0.0,339.67,2.05,12.0,1006.05,
2009,9,29,18,16.02,65.5,0.0,0.0,0.0,335.8,1.64,34.0,1006.38,
2009,9,29,19,15.41,69.09,0.0,0.0,0.0,333.4,1.53,65.0,1006.54,
2009,9,29,20,14.8,72.68,0.0,0.0,0.0,331.0,1.42,97.0,1006.71,
2009,9,29,21,14.19,76.27,0.0,0.0,0.0,328.6,1.31,128.0,1006.87,
2009,9,29,22,14.03,79.73,0.0,0.0,0.0,326.47,1.42,137.0,1006.54,
2009,9,29,23,13.88,83.18,0.0,0.0,0.0,324.33,1.53,146.0,1006.21,
2009,9,30,0,13.72,86.64,0.0,0.0,0.0,322.2,1.64,155.0,1005.88,
2009,9,30,1,12.98,87.61,0.0,0.0,0.0,319.38,1.61,157.0,1005.78,
2009,9,30,2,12.23,88.58,0.0,0.0,0.0,316.57,1.59,158.0,1005.68,
2009,9,30,3,11.49,89.55,0.0,0.0,0.0,313.75,1.56,160.0,1005.58,
2009,9,30,4,12.19,87.89,0.0,0.0,0.0,313.3,1.88,157.0,1005.39,
2009,9,30,5,12.88,86.22,0.0,0.0,0.0,312.85,2.2,154.0,1005.19,
2009,9,30,6,13.58,84.56,53.0,184.64,35.0,312.4,2.52,151.0,1004.99,
2009,9,30,7,15.85,74.5,128.0,60.02,112.0,318.32,2.74,157.0,1004.56,
2009,9,30,8,18.12,64.45,304.0,289.27,184.0,324.23,2.96,164.0,1004.13,
2009,9,30,9,20.39,54.39,225.0,16.91,216.0,330.15,3.17,170.0,1003.7,
2009,9,30,10,21.93,48.83,603.0,751.86,144.0,336.08,3.82,183.0,1002.81,
2009,9,30,11,23.47,43.26,579.0,530.6,237.0,342.02,4.47,196.0,1001.92,
2009,9,30,12,25.02,37.7,645.0,833.84,118.0,347.95,5.12,209.0,1001.03,
2009,9,30,13,24.74,38.79,482.0,428.78,236.0,348.42,5.01,223.0,1000.54,
2009,9,30,14,24.47,39.88,233.0,46.45,211.0,348.88,4.9,236.0,1000.04,
2009,9,30,15,24.19,40.97,200.0,129.94,156.0,349.35,4.79,249.0,999.55,
2009,9,30,16,22.12,50.55,76.0,39.36,69.0,349.47,3.92,256.0,999.74,
2009,9,30,17,17.88,75.33,0.0,0.0,0.0,358.88,2.29,262.0,999.94,
2009,9,30,18,17.33,76.33,0.0,0.0,0.0,353.93,2.2,268.0,1000.14,
2009,9,30,19,16.78,77.33,0.0,0.0,0.0,348.97,2.11,280.0,1000.31,
2009,9,30,20,16.23,78.33,0.0,0.0,0.0,344.01,2.01,291.0,1000.47,
2009,9,30,21,15.68,79.33,0.0,0.0,0.0,339.05,1.92,302.0,1000.64,
2009,9,30,22,15.13,80.33,0.0,0.0,0.0,334.1,1.83,305.0,1000.67,
2009,9,30,23,14.58,81.33,0.0,0.0,0.0,329.14,1.74,307.0,1000.7,
2014,10,1,0,14.02,82.33,0.0,0.0,0.0,324.18,1.65,310.0,1000.73,
2014,10,1,1,13.47,83.33,0.0,0.0,0.0,319.22,1.56,96.0,1014.2,
2014,10,1,2,12.92,84.33,0.0,0.0,0.0,314.27,1.47,101.0,1014.1,
2014,10,1,3,12.37,85.33,0.0,0.0,0.0,309.31,1.38,106.0,1014.0,
2014,10,1,4,11.82,86.33,0.0,0.0,0.0,304.35,1.29,99.0,1014.0,
2014,10,1,5,11.27,87.33,0.0,0.0,0.0,299.39,1.2,92.0,1014.0,
2014,10,1,6,10.72,88.33,43.0,82.06,35.0,294.44,1.11,85.0,1014.0,
2014,10,1,7,10.17,89.34,184.0,273.83,111.0,289.48,1.02,80.0,1014.13,
2014,10,1,8,9.62,90.34,197.0,43.39,179.0,284.52,0.92,75.0,1014.26,
2014,10,1,9,18.68,59.5,478.0,567.53,176.0,308.55,1.17,70.0,1014.39,
2014,10,1,10,19.44,56.13,547.0,540.55,217.0,313.55,1.49,51.0,1014.16,
2014,10,1,11,20.2,52.76,610.0,645.41,194.0,318.55,1.82,32.0,1013.93,
2014,10,1,12,20.97,49.39,564.0,525.3,232.0,323.55,2.14,13.0,1013.7,
2014,10,1,13,20.54,52.3,501.0,496.76,216.0,325.82,2.15,21.0,1013.37,
2014,10,1,14,20.11,55.2,357.0,306.13,212.0,328.08,2.17,29.0,1013.04,
2014,10,1,15,19.68,58.11,157.0,41.34,143.0,330.35,2.18,36.0,1012.71,
2014,10,1,16,18.27,63.4,89.0,89.98,73.0,327.42,2.22,34.0,1012.91,
2014,10,1,17,16.86,68.7,0.0,0.0,0.0,324.48,2.26,32.0,1013.11,
2014,10,1,18,15.44,73.99,0.0,0.0,0.0,321.55,2.3,29.0,1013.31,
2014,10,1,19,15.01,76.75,0.0,0.0,0.0,321.97,2.34,31.0,1013.34,
2014,10,1,20,14.58,79.52,0.0,0.0,0.0,322.38,2.39,32.0,1013.37,
2014,10,1,21,14.15,82.28,0.0,0.0,0.0,322.8,2.43,34.0,1013.4,
2014,10,1,22,14.07,83.91,0.0,0.0,0.0,324.58,2.66,36.0,1013.37,
2014,10,1,23,14.0,85.55,0.0,0.0,0.0,326.37,2.89,38.0,1013.34,
2014,10,2,0,13.92,87.18,0.0,0.0,0.0,328.15,3.12,40.0,1013.31,
2014,10,2,1,13.91,89.26,0.0,0.0,0.0,329.83,2.87,40.0,1013.27,
2014,10,2,2,13.9,91.33,0.0,0.0,0.0,331.52,2.62,40.0,1013.24,
2014,10,2,3,13.9,93.41,0.0,0.0,0.0,333.2,2.37,41.0,1013.21,
2014,10,2,4,14.07,93.9,0.0,0.0,0.0,334.72,2.6,42.0,1013.31,
2014,10,2,5,14.24,94.38,0.0,0.0,0.0,336.23,2.83,42.0,1013.4,
2014,10,2,6,14.41,94.87,38.0,64.2,32.0,337.75,3.06,43.0,1013.5,
2014,10,2,7,15.34,91.16,192.0,342.97,102.0,342.28,2.62,45.0,1013.73,
2014,10,2,8,16.26,87.44,158.0,12.18,153.0,346.82,2.17,46.0,1013.97,
2014,10,2,9,17.19,83.73,86.0,0.0,86.0,351.35,1.72,47.0,1014.2,
2014,10,2,10,17.76,79.79,239.0,9.91,233.0,354.75,1.46,52.0,1014.03,
2014,10,2,11,18.33,75.84,144.0,0.0,144.0,358.15,1.2,57.0,1013.87,
2014,10,2,12,18.9,71.9,290.0,27.13,273.0,361.55,0.94,62.0,1013.7,
2014,10,2,13,18.64,72.99,55.0,0.0,55.0,364.73,0.86,70.0,1013.83,
2014,10,2,14,18.39,74.08,80.0,0.0,80.0,367.92,0.77,77.0,1013.97,
2014,10,2,15,18.14,75.17,104.0,3.01,103.0,371.1,0.69,84.0,1014.1,
2014,10,2,16,17.28,79.14,57.0,11.63,55.0,369.8,0.82,84.0,1014.33,
2014,10,2,17,16.42,83.1,0.0,0.0,0.0,368.5,0.96,83.0,1014.56,
2014,10,2,18,15.55,87.07,0.0,0.0,0.0,367.2,1.09,82.0,1014.79,
2014,10,2,19,15.07,88.87,0.0,0.0,0.0,364.02,0.92,89.0,1014.86,
2014,10,2,20,14.58,90.67,0.0,0.0,0.0,360.83,0.75,95.0,1014.92,
2014,10,2,21,14.09,92.47,0.0,0.0,0.0,357.65,0.58,102.0,1014.99,
2014,10,2,22,14.12,93.47,0.0,0.0,0.0,359.38,0.76,106.0,1015.02,
2014,10,2,23,14.14,94.47,0.0,0.0,0.0,361.12,0.95,111.0,1015.05,
2014,10,3,0,14.17,95.47,0.0,0.0,0.0,362.85,1.13,116.0,1015.09,
2014,10,3,1,14.04,96.08,0.0,0.0,0.0,361.8,0.92,118.0,1014.95,
2014,10,3,2,13.91,96.69,0.0,0.0,0.0,360.75,0.72,121.0,1014.82,
2014,10,3,3,13.79,97.3,0.0,0.0,0.0,359.7,0.51,123.0,1014.69,
2014,10,3,4,14.04,97.22,0.0,0.0,0.0,357.98,0.72,125.0,1014.69,
2014,10,3,5,14.28,97.14,0.0,0.0,0.0,356.27,0.92,126.0,1014.69,
2014,10,3,6,14.53,97.06,12.0,0.0,12.0,354.55,1.13,127.0,1014.69,
2014,10,3,7,14.85,96.24,111.0,34.85,102.0,357.78,1.0,136.0,1014.86,
2014,10,3,8,15.16,95.43,105.0,0.0,105.0,361.02,0.86,144.0,1015.02,
2014,10,3,9,15.48,94.61,67.0,0.0,67.0,364.25,0.73,152.0,1015.19,
2014,10,3,10,15.7,92.88,60.0,0.0,60.0,362.13,0.99,155.0,1014.86,
2014,10,3,11,15.92,91.14,57.0,0.0,57.0,360.02,1.25,158.0,1014.53,
2014,10,3,12,16.14,89.41,56.0,0.0,56.0,357.9,1.5,160.0,1014.2,
2014,10,3,13,16.28,84.48,54.0,0.0,54.0,357.52,1.69,105.0,1014.23,
2014,10,3,14,16.42,79.54,65.0,0.0,65.0,357.13,1.88,49.0,1014.26,
2014,10,3,15,16.56,74.61,40.0,0.0,40.0,356.75,2.07,354.0,1014.29,
2014,10,3,16,15.58,79.8,32.0,0.0,32.0,348.13,1.89,12.0,1014.26,
2014,10,3,17,14.6,84.98,0.0,0.0,0.0,339.52,1.7,30.0,1014.23,
2014,10,3,18,13.61,90.17,0.0,0.0,0.0,330.9,1.52,49.0,1014.2,
2014,10,3,19,13.1,92.42,0.0,0.0,0.0,329.05,1.43,54.0,1014.1,
2014,10,3,20,12.59,94.67,0.0,0.0,0.0,327.2,1.33,59.0,1014.0,
2014,10,3,21,12.08,96.92,0.0,0.0,0.0,325.35,1.24,65.0,1013.9,
2014,10,3,22,11.71,97.63,0.0,0.0,0.0,320.7,1.32,71.0,1013.73,
2014,10,3,23,11.33,98.35,0.0,0.0,0.0,316.05,1.41,77.0,1013.57,
2014,10,4,0,10.96,99.06,0.0,0.0,0.0,311.4,1.49,83.0,1013.4,
2014,10,4,1,11.07,98.62,0.0,0.0,0.0,316.58,1.21,83.0,1013.34,
2014,10,4,2,11.18,98.19,0.0,0.0,0.0,321.77,0.94,83.0,1013.27,
2014,10,4,3,11.3,97.75,0.0,0.0,0.0,326.95,0.66,83.0,1013.21,
2014,10,4,4,11.7,97.57,0.0,0.0,0.0,327.05,0.57,84.0,1013.11,
2014,10,4,5,12.11,97.38,0.0,0.0,0.0,327.15,0.48,86.0,1013.01,
2014,10,4,6,12.51,97.2,13.0,0.0,13.0,327.25,0.39,87.0,1012.91,
2014,10,4,7,13.52,90.54,75.0,3.94,74.0,325.55,0.62,106.0,1012.91,
2014,10,4,8,14.53,83.89,172.0,24.9,162.0,323.85,0.85,125.0,1012.91,
2014,10,4,9,15.54,77.23,218.0,17.37,209.0,322.15,1.08,144.0,1012.91,
2014,10,4,10,15.93,72.63,105.0,0.0,105.0,324.65,1.01,142.0,1012.55,
2014,10,4,11,16.32,68.03,82.0,0.0,82.0,327.15,0.95,141.0,1012.18,
2014,10,4,12,16.71,63.43,56.0,0.0,56.0,329.65,0.88,139.0,1011.82,
2014,10,4,13,16.29,69.51,49.0,0.0,49.0,330.42,0.99,117.0,1011.59,
2014,10,4,14,15.87,75.6,63.0,0.0,63.0,331.18,1.09,95.0,1011.36,
2014,10,4,15,15.45,81.68,29.0,0.0,29.0,331.95,1.2,73.0,1011.13,
2014,10,4,16,14.15,85.6,35.0,0.0,35.0,323.63,1.39,71.0,1011.19,
2014,10,4,17,12.85,89.51,0.0,0.0,0.0,315.32,1.58,69.0,1011.26,
2014,10,4,18,11.54,93.43,0.0,0.0,0.0,307.0,1.77,67.0,1011.33,
2014,10,4,19,10.81,94.48,0.0,0.0,0.0,303.8,1.68,79.0,1011.29,
2014,10,4,20,10.07,95.52,0.0,0.0,0.0,300.6,1.59,91.0,1011.26,
2014,10,4,21,9.33,96.57,0.0,0.0,0.0,297.4,1.5,102.0,1011.23,
2014,10,4,22,9.02,96.49,0.0,0.0,0.0,294.05,1.6,107.0,1011.06,
2014,10,4,23,8.71,96.41,0.0,0.0,0.0,290.7,1.7,112.0,1010.9,
2014,10,5,0,8.4,96.33,0.0,0.0,0.0,287.35,1.79,116.0,1010.73,
2014,10,5,1,8.48,94.76,0.0,0.0,0.0,288.07,1.64,121.0,1010.63,
2014,10,5,2,8.56,93.19,0.0,0.0,0.0,288.78,1.48,126.0,1010.53,
2014,10,5,3,8.65,91.62,0.0,0.0,0.0,289.5,1.32,130.0,1010.43,
2014,10,5,4,9.07,90.82,0.0,0.0,0.0,287.72,1.17,128.0,1010.63,
2014,10,5,5,9.5,90.01,0.0,0.0,0.0,285.93,1.01,125.0,1010.83,
2014,10,5,6,9.92,89.21,26.0,24.6,24.0,284.15,0.86,122.0,1011.03,
2014,10,5,7,11.79,80.7,157.0,196.19,108.0,287.63,0.66,124.0,1011.09,
2014,10,5,8,13.66,72.19,275.0,234.14,182.0,291.12,0.46,126.0,1011.16,
2014,10,5,9,15.53,63.68,306.0,112.94,248.0,294.6,0.26,128.0,1011.23,
2014,10,5,10,16.28,58.49,267.0,25.39,252.0,297.77,0.8,128.0,1010.83,
2014,10,5,11,17.03,53.31,612.0,730.87,156.0,300.93,1.34,127.0,1010.43,
2014,10,5,12,17.79,48.12,482.0,335.83,277.0,304.1,1.88,127.0,1010.04,
2014,10,5,13,17.76,50.54,538.0,738.24,131.0,306.7,1.6,119.0,1009.77,
2014,10,5,14,17.73,52.95,310.0,217.48,212.0,309.3,1.33,112.0,1009.51,
2014,10,5,15,17.7,55.37,231.0,310.92,133.0,311.9,1.06,104.0,1009.25,
2014,10,5,16,15.98,61.74,116.0,427.82,50.0,307.55,1.65,99.0,1009.44,
2014,10,5,17,14.26,68.11,0.0,0.0,0.0,303.2,2.24,94.0,1009.64,
2014,10,5,18,12.54,74.48,0.0,0.0,0.0,298.85,2.83,90.0,1009.84,
2014,10,5,19,11.81,77.17,0.0,0.0,0.0,296.32,2.7,97.0,1009.97,
2014,10,5,20,11.08,79.86,0.0,0.0,0.0,293.78,2.57,104.0,1010.1,
2014,10,5,21,10.35,82.55,0.0,0.0,0.0,291.25,2.44,112.0,1010.24,
2014,10,5,22,9.98,82.77,0.0,0.0,0.0,287.32,2.23,116.0,1010.2,
2014,10,5,23,9.62,83.0,0.0,0.0,0.0,283.38,2.01,120.0,1010.17,
2014,10,6,0,9.25,83.22,0.0,0.0,0.0,279.45,1.79,124.0,1010.14,
2014,10,6,1,8.83,79.39,0.0,0.0,0.0,278.05,1.44,123.0,1010.24,
2014,10,6,2,8.41,75.55,0.0,0.0,0.0,276.65,1.09,122.0,1010.34,
2014,10,6,3,8.0,71.72,0.0,0.0,0.0,275.25,0.73,121.0,1010.43,
2014,10,6,4,8.3,71.39,0.0,0.0,0.0,274.67,1.04,119.0,1010.6,
2014,10,6,5,8.6,71.05,0.0,0.0,0.0,274.08,1.35,117.0,1010.76,
2014,10,6,6,8.9,70.72,41.0,194.3,26.0,273.5,1.66,116.0,1010.93,
2014,10,6,7,10.99,64.73,174.0,309.57,98.0,278.17,1.81,115.0,1010.93,
2014,10,6,8,13.08,58.75,372.0,735.9,83.0,282.83,1.97,115.0,1010.93,
2014,10,6,9,15.17,52.76,505.0,805.79,95.0,287.5,2.12,114.0,1010.93,
2014,10,6,10,16.06,50.81,559.0,675.88,163.0,292.68,2.19,116.0,1010.43,
2014,10,6,11,16.95,48.85,625.0,811.38,123.0,297.87,2.26,118.0,1009.94,
2014,10,6,12,17.85,46.9,622.0,862.83,100.0,303.05,2.33,120.0,1009.44,
2014,10,6,13,17.93,47.93,543.0,789.81,112.0,304.73,1.93,125.0,1009.15,
2014,10,6,14,18.01,48.95,435.0,780.01,88.0,306.42,1.53,131.0,1008.85,
2014,10,6,15,18.09,49.98,274.0,610.91,85.0,308.1,1.13,136.0,1008.55,
2014,10,6,16,16.43,54.96,108.0,390.72,50.0,307.28,1.61,134.0,1008.65,
2014,10,6,17,14.77,59.94,0.0,0.0,0.0,306.47,2.09,132.0,1008.75,
2014,10,6,18,13.1,64.92,0.0,0.0,0.0,305.65,2.57,130.0,1008.85,
2014,10,6,19,12.74,65.84,0.0,0.0,0.0,309.5,2.3,130.0,1009.02,
2014,10,6,20,12.38,66.77,0.0,0.0,0.0,313.35,2.04,130.0,1009.18,
2014,10,6,21,12.01,67.69,0.0,0.0,0.0,317.2,1.78,131.0,1009.35,
2014,10,6,22,12.17,67.03,0.0,0.0,0.0,328.53,1.69,126.0,1009.25,
2014,10,6,23,12.33,66.38,0.0,0.0,0.0,339.87,1.6,122.0,1009.15,
2014,10,7,0,12.49,65.72,0.0,0.0,0.0,351.2,1.52,118.0,1009.05,
2014,10,7,1,12.71,65.72,0.0,0.0,0.0,355.63,1.35,117.0,1009.18,
2014,10,7,2,12.94,65.71,0.0,0.0,0.0,360.07,1.18,117.0,1009.31,
2014,10,7,3,13.17,65.71,0.0,0.0,0.0,364.5,1.01,117.0,1009.44,
2014,10,7,4,13.41,66.67,0.0,0.0,0.0,366.53,1.21,117.0,1009.68,
2014,10,7,5,13.64,67.64,0.0,0.0,0.0,368.57,1.41,116.0,1009.91,
2014,10,7,6,13.88,68.6,29.0,68.4,24.0,370.6,1.61,115.0,1010.14,
2014,10,7,7,14.15,69.64,35.0,0.0,35.0,370.25,1.65,121.0,1010.43,
2014,10,7,8,14.41,70.68,115.0,0.0,115.0,369.9,1.69,127.0,1010.73,
2014,10,7,9,14.68,71.72,198.0,9.92,193.0,369.55,1.72,132.0,1011.03,
2014,10,7,10,15.11,70.48,107.0,0.0,107.0,370.4,1.94,137.0,1010.93,
2014,10,7,11,15.54,69.25,233.0,6.52,229.0,371.25,2.16,142.0,1010.83,
2014,10,7,12,15.97,68.01,311.0,53.37,279.0,372.1,2.37,147.0,1010.73,
2014,10,7,13,16.53,66.02,368.0,194.41,263.0,366.02,2.09,151.0,1010.47,
2014,10,7,14,17.1,64.04,409.0,664.95,117.0,359.93,1.81,154.0,1010.2,
2014,10,7,15,17.67,62.05,134.0,32.94,124.0,353.85,1.53,157.0,1009.94,
2014,10,7,16,16.46,66.55,62.0,56.08,54.0,341.67,1.85,154.0,1010.43,
2014,10,7,17,15.25,71.04,0.0,0.0,0.0,329.48,2.17,152.0,1010.93,
2014,10,7,18,14.03,75.54,0.0,0.0,0.0,317.3,2.48,149.0,1011.42,
2014,10,7,19,13.48,78.0,0.0,0.0,0.0,313.23,2.4,148.0,1011.69,
2014,10,7,20,12.92,80.46,0.0,0.0,0.0,309.17,2.33,147.0,1011.95,
2014,10,7,21,12.36,82.92,0.0,0.0,0.0,305.1,2.25,146.0,1012.22,
2014,10,7,22,12.07,84.67,0.0,0.0,0.0,303.45,2.15,146.0,1012.15,
2014,10,7,23,11.79,86.42,0.0,0.0,0.0,301.8,2.05,145.0,1012.08,
2014,10,8,0,11.5,88.17,0.0,0.0,0.0,300.15,1.94,145.0,1012.02,
2014,10,8,1,11.13,89.75,0.0,0.0,0.0,298.78,2.02,146.0,1011.92,
2014,10,8,2,10.77,91.34,0.0,0.0,0.0,297.42,2.09,147.0,1011.82,
2014,10,8,3,10.41,92.92,0.0,0.0,0.0,296.05,2.17,148.0,1011.72,
2014,10,8,4,10.87,92.03,0.0,0.0,0.0,297.52,2.23,148.0,1011.99,
2014,10,8,5,11.33,91.13,0.0,0.0,0.0,298.98,2.29,148.0,1012.25,
2014,10,8,6,11.79,90.24,37.0,202.96,23.0,300.45,2.34,149.0,1012.51,
2014,10,8,7,13.8,83.11,198.0,565.6,64.0,304.73,2.83,153.0,1012.55,
2014,10,8,8,15.81,75.98,360.0,716.71,85.0,309.02,3.31,158.0,1012.58,
2014,10,8,9,17.82,68.85,490.0,773.05,104.0,313.3,3.79,162.0,1012.61,
2014,10,8,10,18.78,64.64,583.0,831.73,104.0,317.83,3.59,166.0,1012.15,
2014,10,8,11,19.74,60.44,607.0,779.3,133.0,322.37,3.39,170.0,1011.69,
2014,10,8,12,20.7,56.23,548.0,595.86,194.0,326.9,3.19,174.0,1011.23,
2014,10,8,13,20.35,58.24,511.0,692.27,141.0,329.17,2.91,172.0,1010.8,
2014,10,8,14,20.01,60.25,380.0,537.6,147.0,331.43,2.63,170.0,1010.37,
2014,10,8,15,19.67,62.26,231.0,386.17,116.0,333.7,2.34,168.0,1009.94,
2014,10,8,16,18.56,65.83,103.0,452.94,41.0,330.15,2.62,168.0,1010.14,
2014,10,8,17,17.44,69.41,0.0,0.0,0.0,326.6,2.89,167.0,1010.34,
2014,10,8,18,16.32,72.98,0.0,0.0,0.0,323.05,3.16,167.0,1010.53,
2014,10,8,19,15.85,74.85,0.0,0.0,0.0,321.78,3.16,167.0,1010.67,
2014,10,8,20,15.38,76.71,0.0,0.0,0.0,320.52,3.16,167.0,1010.8,
2014,10,8,21,14.91,78.58,0.0,0.0,0.0,319.25,3.16,167.0,1010.93,
2014,10,8,22,14.66,79.95,0.0,0.0,0.0,317.93,3.2,166.0,1010.8,
2014,10,8,23,14.4,81.31,0.0,0.0,0.0,316.62,3.25,165.0,1010.67,
2014,10,9,0,14.15,82.68,0.0,0.0,0.0,315.3,3.3,164.0,1010.53,
2014,10,9,1,13.71,84.26,0.0,0.0,0.0,319.2,2.99,163.0,1010.34,
2014,10,9,2,13.28,85.85,0.0,0.0,0.0,323.1,2.69,163.0,1010.14,
2014,10,9,3,12.85,87.43,0.0,0.0,0.0,327.0,2.39,162.0,1009.94,
2014,10,9,4,13.05,87.24,0.0,0.0,0.0,328.05,2.66,160.0,1010.07,
2014,10,9,5,13.25,87.04,0.0,0.0,0.0,329.1,2.94,158.0,1010.2,
2014,10,9,6,13.45,86.85,36.0,246.74,20.0,330.15,3.21,156.0,1010.34,
2014,10,9,7,15.08,80.9,191.0,533.11,67.0,331.5,3.58,159.0,1010.47,
2014,10,9,8,16.7,74.94,334.0,577.6,115.0,332.85,3.94,161.0,1010.6,
2014,10,9,9,18.32,68.99,484.0,770.41,103.0,334.2,4.3,164.0,1010.73,
2014,10,9,10,19.44,65.59,566.0,774.24,124.0,333.87,4.13,167.0,1010.27,
2014,10,9,11,20.55,62.18,614.0,832.53,112.0,333.53,3.96,170.0,1009.81,
2014,10,9,12,21.67,58.78,582.0,757.67,136.0,333.2,3.79,173.0,1009.35,
2014,10,9,13,21.25,59.21,521.0,767.68,115.0,332.23,3.38,171.0,1009.08,
2014,10,9,14,20.84,59.64,413.0,757.54,89.0,331.27,2.97,170.0,1008.82,
2014,10,9,15,20.42,60.07,258.0,616.34,78.0,330.3,2.57,168.0,1008.55,
2014,10,9,16,19.22,64.0,91.0,343.1,46.0,327.8,2.66,167.0,1008.78,
2014,10,9,17,18.01,67.94,0.0,0.0,0.0,325.3,2.76,167.0,1009.02,
2014,10,9,18,16.8,71.87,0.0,0.0,0.0,322.8,2.86,167.0,1009.25,
2014,10,9,19,16.32,73.94,0.0,0.0,0.0,320.83,2.9,165.0,1009.35,
2014,10,9,20,15.84,76.0,0.0,0.0,0.0,318.87,2.94,164.0,1009.44,
2014,10,9,21,15.36,78.07,0.0,0.0,0.0,316.9,2.98,163.0,1009.54,
2014,10,9,22,15.14,79.23,0.0,0.0,0.0,315.38,3.09,162.0,1009.48,
2014,10,9,23,14.92,80.4,0.0,0.0,0.0,313.87,3.2,161.0,1009.41,
2014,10,10,0,14.7,81.56,0.0,0.0,0.0,312.35,3.31,159.0,1009.35,
2014,10,10,1,14.26,83.05,0.0,0.0,0.0,310.63,3.05,160.0,1009.28,
2014,10,10,2,13.83,84.54,0.0,0.0,0.0,308.92,2.79,161.0,1009.21,
2014,10,10,3,13.4,86.03,0.0,0.0,0.0,307.2,2.52,162.0,1009.15,
2014,10,10,4,13.64,85.22,0.0,0.0,0.0,306.7,2.9,162.0,1009.35,
2014,10,10,5,13.89,84.42,0.0,0.0,0.0,306.2,3.27,161.0,1009.54,
2014,10,10,6,14.13,83.61,30.0,164.74,20.0,305.7,3.64,161.0,1009.74,
2014,10,10,7,16.04,77.24,186.0,516.96,68.0,311.43,3.7,163.0,1009.97,
2014,10,10,8,17.94,70.87,347.0,686.07,90.0,317.17,3.76,166.0,1010.2,
2014,10,10,9,19.85,64.5,482.0,782.05,99.0,322.9,3.82,168.0,1010.43,
2014,10,10,10,20.96,61.3,566.0,800.58,113.0,327.18,3.86,171.0,1010.04,
2014,10,10,11,22.07,58.11,608.0,831.49,111.0,331.47,3.89,174.0,1009.64,
2014,10,10,12,23.19,54.91,588.0,809.33,116.0,335.75,3.93,176.0,1009.25,
2014,10,10,13,22.6,56.21,518.0,777.81,111.0,336.08,3.38,176.0,1008.95,
2014,10,10,14,22.02,57.51,405.0,739.32,93.0,336.42,2.84,176.0,1008.65,
2014,10,10,15,21.43,58.81,251.0,600.72,79.0,336.75,2.29,177.0,1008.36,
2014,10,10,16,20.05,63.23,83.0,302.87,45.0,334.2,2.45,173.0,1008.59,
2014,10,10,17,18.67,67.65,0.0,0.0,0.0,331.65,2.6,170.0,1008.82,
2014,10,10,18,17.28,72.07,0.0,0.0,0.0,329.1,2.76,167.0,1009.05,
2014,10,10,19,16.72,74.33,0.0,0.0,0.0,327.38,2.64,166.0,1009.18,
2014,10,10,20,16.16,76.6,0.0,0.0,0.0,325.67,2.52,165.0,1009.31,
2014,10,10,21,15.59,78.86,0.0,0.0,0.0,323.95,2.4,164.0,1009.44,
2014,10,10,22,15.28,80.52,0.0,0.0,0.0,322.55,2.4,162.0,1009.31,
2014,10,10,23,14.96,82.19,0.0,0.0,0.0,321.15,2.39,159.0,1009.18,
2014,10,11,0,14.65,83.85,0.0,0.0,0.0,319.75,2.39,157.0,1009.05,
2014,10,11,1,14.34,83.76,0.0,0.0,0.0,317.42,2.36,155.0,1008.85,
2014,10,11,2,14.03,83.67,0.0,0.0,0.0,315.08,2.33,153.0,1008.65,
2014,10,11,3,13.72,83.58,0.0,0.0,0.0,312.75,2.3,151.0,1008.45,
2014,10,11,4,13.89,83.42,0.0,0.0,0.0,311.2,2.32,152.0,1008.49,
2014,10,11,5,14.07,83.26,0.0,0.0,0.0,309.65,2.34,152.0,1008.52,
2014,10,11,6,14.24,83.1,26.0,123.8,19.0,308.1,2.36,152.0,1008.55,
2014,10,11,7,16.15,76.3,180.0,495.75,69.0,313.98,2.47,154.0,1008.59,
2014,10,11,8,18.05,69.51,338.0,659.43,94.0,319.87,2.58,157.0,1008.62,
2014,10,11,9,19.96,62.71,472.0,752.7,107.0,325.75,2.69,159.0,1008.65,
2014,10,11,10,21.0,59.02,561.0,797.09,114.0,328.4,2.85,160.0,1008.16,
2014,10,11,11,22.03,55.32,602.0,828.77,111.0,331.05,3.01,161.0,1007.66,
2014,10,11,12,23.07,51.63,582.0,808.32,115.0,333.7,3.17,162.0,1007.17,
2014,10,11,13,22.66,52.93,504.0,735.99,123.0,333.98,2.74,163.0,1006.71,
2014,10,11,14,22.26,54.23,395.0,710.97,99.0,334.27,2.31,163.0,1006.24,
2014,10,11,15,21.85,55.53,235.0,516.69,90.0,334.55,1.88,164.0,1005.78,
2014,10,11,16,20.41,59.13,77.0,275.42,44.0,331.78,2.22,163.0,1005.88,
2014,10,11,17,18.96,62.72,0.0,0.0,0.0,329.02,2.57,162.0,1005.98,
2014,10,11,18,17.51,66.32,0.0,0.0,0.0,326.25,2.91,162.0,1006.08,
2014,10,11,19,16.91,68.06,0.0,0.0,0.0,324.25,2.76,164.0,1006.24,
2014,10,11,20,16.31,69.8,0.0,0.0,0.0,322.25,2.61,166.0,1006.41,
2014,10,11,21,15.71,71.54,0.0,0.0,0.0,320.25,2.46,168.0,1006.57,
2014,10,11,22,15.38,73.02,0.0,0.0,0.0,319.17,2.36,166.0,1006.48,
2014,10,11,23,15.05,74.5,0.0,0.0,0.0,318.08,2.26,164.0,1006.38,
2014,10,12,0,14.72,75.98,0.0,0.0,0.0,317.0,2.17,162.0,1006.28,
2014,10,12,1,14.13,77.3,0.0,0.0,0.0,314.9,2.14,158.0,1006.31,
2014,10,12,2,13.55,78.61,0.0,0.0,0.0,312.8,2.11,154.0,1006.34,
2014,10,12,3,12.97,79.93,0.0,0.0,0.0,310.7,2.08,150.0,1006.38,
2014,10,12,4,13.15,80.43,0.0,0.0,0.0,309.25,2.06,151.0,1006.54,
2014,10,12,5,13.32,80.92,0.0,0.0,0.0,307.8,2.05,151.0,1006.71,
2014,10,12,6,13.5,81.42,21.0,95.47,16.0,306.35,2.03,151.0,1006.87,
2014,10,12,7,15.58,74.98,164.0,382.63,80.0,311.08,1.98,153.0,1007.1,
2014,10,12,8,17.65,68.54,327.0,610.26,104.0,315.82,1.94,154.0,1007.33,
2014,10,12,9,19.73,62.1,454.0,687.38,124.0,320.55,1.89,156.0,1007.56,
2014,10,12,10,20.82,58.64,550.0,768.37,123.0,325.07,1.85,158.0,1007.17,
2014,10,12,11,21.91,55.17,593.0,812.37,116.0,329.58,1.82,161.0,1006.77,
2014,10,12,12,23.0,51.71,570.0,777.58,125.0,334.1,1.78,164.0,1006.38,
2014,10,12,13,22.55,57.25,497.0,734.24,121.0,335.72,1.65,176.0,1006.01,
2014,10,12,14,22.1,62.78,388.0,708.57,97.0,337.33,1.51,189.0,1005.65,
2014,10,12,15,21.65,68.32,231.0,530.96,85.0,338.95,1.38,202.0,1005.29,
2014,10,12,16,19.88,73.09,77.0,332.72,39.0,335.92,1.94,191.0,1005.49,
2014,10,12,17,18.11,77.87,0.0,0.0,0.0,332.88,2.49,180.0,1005.68,
2014,10,12,18,16.34,82.64,0.0,0.0,0.0,329.85,3.05,170.0,1005.88,
2014,10,12,19,15.69,85.0,0.0,0.0,0.0,328.98,2.97,174.0,1005.98,
2014,10,12,20,15.04,87.37,0.0,0.0,0.0,328.12,2.88,178.0,1006.08,
2014,10,12,21,14.39,89.73,0.0,0.0,0.0,327.25,2.8,183.0,1006.18,
2014,10,12,22,14.15,90.88,0.0,0.0,0.0,326.37,2.65,178.0,1006.18,
2014,10,12,23,13.9,92.02,0.0,0.0,0.0,325.48,2.51,174.0,1006.18,
2014,10,13,0,13.66,93.17,0.0,0.0,0.0,324.6,2.36,169.0,1006.18,
2014,10,13,1,13.36,93.32,0.0,0.0,0.0,323.18,2.21,162.0,1005.91,
2014,10,13,2,13.06,93.48,0.0,0.0,0.0,321.77,2.06,155.0,1005.65,
2014,10,13,3,12.76,93.63,0.0,0.0,0.0,320.35,1.9,147.0,1005.39,
2014,10,13,4,13.13,92.6,0.0,0.0,0.0,318.9,2.04,148.0,1005.39,
2014,10,13,5,13.49,91.56,0.0,0.0,0.0,317.45,2.17,150.0,1005.39,
2014,10,13,6,13.86,90.53,19.0,83.0,15.0,316.0,2.3,151.0,1005.39,
2014,10,13,7,16.1,82.92,168.0,450.85,71.0,318.97,2.19,154.0,1005.55,
2014,10,13,8,18.33,75.3,329.0,654.1,93.0,321.93,2.07,158.0,1005.72,
2014,10,13,9,20.57,67.69,459.0,734.37,110.0,324.9,1.96,161.0,1005.88,
2014,10,13,10,21.42,63.68,544.0,766.38,122.0,329.93,2.55,167.0,1005.45,
2014,10,13,11,22.27,59.66,584.0,795.69,121.0,334.97,3.14,172.0,1005.02,
2014,10,13,12,23.12,55.65,564.0,776.23,124.0,340.0,3.72,177.0,1004.59,
2014,10,13,13,22.88,56.75,491.0,730.46,121.0,341.75,3.3,177.0,1003.9,
2014,10,13,14,22.65,57.86,382.0,703.59,97.0,343.5,2.88,176.0,1003.21,
2014,10,13,15,22.41,58.96,225.0,516.05,86.0,345.25,2.46,175.0,1002.52,
2014,10,13,16,21.15,62.77,70.0,294.52,38.0,343.2,2.48,174.0,1002.68,
2014,10,13,17,19.88,66.58,0.0,0.0,0.0,341.15,2.51,172.0,1002.85,
2014,10,13,18,18.61,70.39,0.0,0.0,0.0,339.1,2.54,170.0,1003.01,
2014,10,13,19,18.22,71.61,0.0,0.0,0.0,338.47,2.57,170.0,1003.01,
2014,10,13,20,17.82,72.84,0.0,0.0,0.0,337.83,2.59,170.0,1003.01,
2014,10,13,21,17.42,74.06,0.0,0.0,0.0,337.2,2.62,170.0,1003.01,
2014,10,13,22,17.27,74.53,0.0,0.0,0.0,336.37,2.77,169.0,1002.78,
2014,10,13,23,17.11,75.01,0.0,0.0,0.0,335.53,2.91,168.0,1002.55,
2014,10,14,0,16.96,75.48,0.0,0.0,0.0,334.7,3.06,167.0,1002.32,
2014,10,14,1,16.92,75.68,0.0,0.0,0.0,337.72,3.04,169.0,1002.02,
2014,10,14,2,16.89,75.87,0.0,0.0,0.0,340.73,3.02,171.0,1001.72,
2014,10,14,3,16.86,76.07,0.0,0.0,0.0,343.75,2.99,173.0,1001.43,
2014,10,14,4,16.93,76.96,0.0,0.0,0.0,340.33,3.1,179.0,1001.56,
2014,10,14,5,17.0,77.85,0.0,0.0,0.0,336.92,3.21,185.0,1001.69,
2014,10,14,6,17.07,78.74,15.0,45.45,13.0,333.5,3.32,191.0,1001.82,
2014,10,14,7,18.79,73.81,156.0,374.86,77.0,336.18,3.22,199.0,1001.99,
2014,10,14,8,20.5,68.89,312.0,572.75,108.0,338.87,3.11,206.0,1002.15,
2014,10,14,9,22.21,63.96,449.0,707.95,116.0,341.55,3.01,213.0,1002.32,
2014,10,14,10,22.94,61.42,538.0,764.36,121.0,348.3,3.19,218.0,1002.02,
2014,10,14,11,23.67,58.87,578.0,794.3,120.0,355.05,3.37,224.0,1001.72,
2014,10,14,12,24.4,56.33,558.0,773.06,124.0,361.8,3.56,229.0,1001.43,
2014,10,14,13,23.77,57.3,483.0,714.59,125.0,359.33,3.01,227.0,1001.33,
2014,10,14,14,23.15,58.27,361.0,605.81,119.0,356.87,2.46,225.0,1001.23,
2014,10,14,15,22.52,59.24,182.0,261.59,113.0,354.4,1.9,223.0,1001.13,
2014,10,14,16,21.27,63.49,71.0,378.12,32.0,357.62,2.15,220.0,1001.49,
2014,10,14,17,20.02,67.74,0.0,0.0,0.0,360.83,2.4,216.0,1001.86,
2014,10,14,18,18.76,71.99,0.0,0.0,0.0,364.05,2.65,212.0,1002.22,
2014,10,14,19,18.12,76.02,0.0,0.0,0.0,362.13,2.67,208.0,1002.32,
2014,10,14,20,17.48,80.06,0.0,0.0,0.0,360.22,2.69,203.0,1002.42,
2014,10,14,21,16.84,84.09,0.0,0.0,0.0,358.3,2.7,198.0,1002.52,
2014,10,14,22,16.49,86.45,0.0,0.0,0.0,353.75,2.37,190.0,1002.45,
2014,10,14,23,16.15,88.81,0.0,0.0,0.0,349.2,2.04,183.0,1002.38,
2014,10,15,0,15.8,91.17,0.0,0.0,0.0,344.65,1.71,176.0,1002.32,
2014,10,15,1,15.61,90.39,0.0,0.0,0.0,344.82,1.79,176.0,1002.05,
2014,10,15,2,15.42,89.61,0.0,0.0,0.0,344.98,1.87,176.0,1001.79,
2014,10,15,3,15.24,88.83,0.0,0.0,0.0,345.15,1.94,176.0,1001.53,
2014,10,15,4,15.52,89.16,0.0,0.0,0.0,349.88,1.86,174.0,1001.59,
2014,10,15,5,15.8,89.49,0.0,0.0,0.0,354.62,1.78,173.0,1001.66,
2014,10,15,6,16.08,89.82,2.0,0.0,2.0,359.35,1.7,171.0,1001.72,
2014,10,15,7,16.89,88.84,46.0,0.0,46.0,362.53,1.6,167.0,1001.62,
2014,10,15,8,17.7,87.86,263.0,327.14,148.0,365.72,1.49,164.0,1001.53,
2014,10,15,9,18.51,86.88,85.0,0.0,85.0,368.9,1.39,160.0,1001.43,
2014,10,15,10,18.94,85.97,72.0,0.0,72.0,368.98,1.11,161.0,1001.0,
2014,10,15,11,19.37,85.05,83.0,0.0,83.0,369.07,0.83,163.0,1000.57,
2014,10,15,12,19.8,84.14,194.0,3.6,192.0,369.15,0.55,164.0,1000.14,
2014,10,15,13,19.49,86.31,92.0,0.0,92.0,371.33,1.06,179.0,999.61,
2014,10,15,14,19.18,88.47,71.0,0.0,71.0,373.52,1.57,195.0,999.08,
2014,10,15,15,18.87,90.64,77.0,3.87,76.0,375.7,2.08,210.0,998.56,
2014,10,15,16,18.48,91.58,23.0,0.0,23.0,376.72,2.18,214.0,998.72,
2014,10,15,17,18.08,92.53,0.0,0.0,0.0,377.73,2.28,217.0,998.89,
2014,10,15,18,17.68,93.47,0.0,0.0,0.0,378.75,2.37,221.0,999.05,
2014,10,15,19,17.47,94.09,0.0,0.0,0.0,376.05,2.26,230.0,999.15,
2014,10,15,20,17.26,94.7,0.0,0.0,0.0,373.35,2.14,239.0,999.25,
2014,10,15,21,17.05,95.32,0.0,0.0,0.0,370.65,2.03,247.0,999.35,
2014,10,15,22,16.75,96.19,0.0,0.0,0.0,368.63,1.92,238.0,999.15,
2014,10,15,23,16.46,97.05,0.0,0.0,0.0,366.62,1.82,228.0,998.95,
2014,10,16,0,16.16,97.92,0.0,0.0,0.0,364.6,1.71,218.0,998.75,
2014,10,16,1,15.58,98.02,0.0,0.0,0.0,360.55,1.75,218.0,999.05,
2014,10,16,2,15.01,98.11,0.0,0.0,0.0,356.5,1.79,218.0,999.35,
2014,10,16,3,14.44,98.21,0.0,0.0,0.0,352.45,1.83,218.0,999.65,
2014,10,16,4,14.77,98.13,0.0,0.0,0.0,357.38,1.83,223.0,999.84,
2014,10,16,5,15.09,98.04,0.0,0.0,0.0,362.32,1.83,227.0,1000.04,
2014,10,16,6,15.42,97.96,0.0,0.0,0.0,367.25,1.82,232.0,1000.24,
2014,10,16,7,15.91,96.53,37.0,0.0,37.0,367.25,2.02,237.0,1000.47,
2014,10,16,8,16.4,95.09,190.0,92.25,158.0,367.25,2.22,242.0,1000.7,
2014,10,16,9,16.89,93.66,145.0,2.17,144.0,367.25,2.41,248.0,1000.93,
2014,10,16,10,17.34,89.58,374.0,212.94,260.0,372.15,2.05,241.0,1000.7,
2014,10,16,11,17.78,85.51,298.0,58.3,265.0,377.05,1.68,235.0,1000.47,
2014,10,16,12,18.23,81.43,318.0,92.63,267.0,381.95,1.31,228.0,1000.24,
2014,10,16,13,17.92,83.84,172.0,4.08,170.0,375.57,1.09,242.0,1000.37,
2014,10,16,14,17.62,86.25,94.0,0.0,94.0,369.18,0.88,256.0,1000.5,
2014,10,16,15,17.32,88.66,97.0,15.83,93.0,362.8,0.66,269.0,1000.64,
2014,10,16,16,16.08,91.3,54.0,216.75,34.0,354.32,1.22,261.0,1001.26,
2014,10,16,17,14.84,93.94,0.0,0.0,0.0,345.83,1.77,252.0,1001.89,
2014,10,16,18,13.59,96.58,0.0,0.0,0.0,337.35,2.33,244.0,1002.52,
2014,10,16,19,13.5,97.02,0.0,0.0,0.0,338.42,2.26,232.0,1002.68,
2014,10,16,20,13.41,97.47,0.0,0.0,0.0,339.48,2.18,220.0,1002.85,
2014,10,16,21,13.32,97.91,0.0,0.0,0.0,340.55,2.11,208.0,1003.01,
2014,10,16,22,13.57,97.73,0.0,0.0,0.0,343.35,2.17,204.0,1002.94,
2014,10,16,23,13.81,97.56,0.0,0.0,0.0,346.15,2.24,200.0,1002.88,
2014,10,17,0,14.06,97.38,0.0,0.0,0.0,348.95,2.3,195.0,1002.81,
2014,10,17,1,14.32,96.99,0.0,0.0,0.0,351.33,2.78,196.0,1002.58,
2014,10,17,2,14.58,96.61,0.0,0.0,0.0,353.72,3.26,197.0,1002.35,
2014,10,17,3,14.85,96.22,0.0,0.0,0.0,356.1,3.74,198.0,1002.12,
2014,10,17,4,15.12,95.84,0.0,0.0,0.0,353.67,3.89,198.0,1002.09,
2014,10,17,5,15.39,95.45,0.0,0.0,0.0,351.23,4.03,199.0,1002.05,
2014,10,17,6,15.66,95.07,0.0,0.0,0.0,348.8,4.18,199.0,1002.02,
2014,10,17,7,16.33,93.22,56.0,0.0,56.0,351.53,3.98,206.0,1002.12,
2014,10,17,8,16.99,91.36,110.0,2.92,109.0,354.27,3.78,212.0,1002.22,
2014,10,17,9,17.65,89.51,97.0,0.0,97.0,357.0,3.59,219.0,1002.32,
2014,10,17,10,17.22,91.94,100.0,0.0,100.0,365.45,3.15,222.0,1001.89,
2014,10,17,11,16.79,94.36,74.0,0.0,74.0,373.9,2.72,226.0,1001.46,
2014,10,17,12,16.36,96.79,53.0,0.0,53.0,382.35,2.29,229.0,1001.03,
2014,10,17,13,16.23,97.1,52.0,0.0,52.0,383.65,2.57,262.0,1000.77,
2014,10,17,14,16.11,97.42,47.0,0.0,47.0,384.95,2.86,295.0,1000.5,
2014,10,17,15,15.99,97.73,114.0,48.53,102.0,386.25,3.14,327.0,1000.24,
2014,10,17,16,15.26,96.55,35.0,57.52,30.0,388.5,3.34,331.0,1001.23,
2014,10,17,17,14.53,95.36,0.0,0.0,0.0,390.75,3.54,336.0,1002.22,
2014,10,17,18,13.8,94.18,0.0,0.0,0.0,393.0,3.74,340.0,1003.21,
2014,10,17,19,13.22,93.45,0.0,0.0,0.0,380.7,3.66,334.0,1004.26,
2014,10,17,20,12.64,92.72,0.0,0.0,0.0,368.4,3.59,328.0,1005.32,
2014,10,17,21,12.05,91.99,0.0,0.0,0.0,356.1,3.52,322.0,1006.38,
2014,10,17,22,11.83,92.0,0.0,0.0,0.0,343.62,3.26,321.0,1007.04,
2014,10,17,23,11.62,92.02,0.0,0.0,0.0,331.13,2.99,319.0,1007.7,
2014,10,18,0,11.4,92.03,0.0,0.0,0.0,318.65,2.73,317.0,1008.36,
2014,10,18,1,11.25,92.6,0.0,0.0,0.0,317.95,2.66,315.0,1008.82,
2014,10,18,2,11.1,93.16,0.0,0.0,0.0,317.25,2.58,312.0,1009.28,
2014,10,18,3,10.96,93.73,0.0,0.0,0.0,316.55,2.51,310.0,1009.74,
2014,10,18,4,11.16,93.98,0.0,0.0,0.0,316.62,2.57,310.0,1010.34,
2014,10,18,5,11.37,94.24,0.0,0.0,0.0,316.68,2.63,311.0,1010.93,
2014,10,18,6,11.57,94.49,0.0,0.0,0.0,316.75,2.69,311.0,1011.52,
2014,10,18,7,12.95,88.29,149.0,450.72,62.0,318.63,2.25,321.0,1012.15,
2014,10,18,8,14.32,82.1,304.0,634.02,90.0,320.52,1.82,330.0,1012.78,
2014,10,18,9,15.69,75.9,421.0,661.03,123.0,322.4,1.38,340.0,1013.4,
2014,10,18,10,16.25,71.52,292.0,79.98,250.0,328.62,1.21,340.0,1013.47,
2014,10,18,11,16.81,67.15,503.0,559.86,192.0,334.83,1.05,341.0,1013.54,
2014,10,18,12,17.37,62.77,514.0,672.53,151.0,341.05,0.88,341.0,1013.6,
2014,10,18,13,16.97,64.81,463.0,728.58,114.0,338.6,1.01,350.0,1013.97,
2014,10,18,14,16.58,66.84,334.0,572.32,118.0,336.15,1.13,358.0,1014.33,
2014,10,18,15,16.18,68.88,212.0,628.43,60.0,333.7,1.26,7.0,1014.69,
2014,10,18,16,14.74,74.26,51.0,294.01,27.0,325.28,1.69,16.0,1015.28,
2014,10,18,17,13.29,79.63,0.0,0.0,0.0,316.87,2.13,25.0,1015.88,
2014,10,18,18,11.84,85.01,0.0,0.0,0.0,308.45,2.57,34.0,1016.47,
2014,10,18,19,11.09,87.85,0.0,0.0,0.0,303.48,2.69,45.0,1016.97,
2014,10,18,20,10.33,90.7,0.0,0.0,0.0,298.52,2.8,56.0,1017.46,
2014,10,18,21,9.57,93.54,0.0,0.0,0.0,293.55,2.92,66.0,1017.96,
2014,10,18,22,9.14,94.82,0.0,0.0,0.0,290.98,2.46,76.0,1018.12,
2014,10,18,23,8.71,96.1,0.0,0.0,0.0,288.42,2.0,86.0,1018.29,
2014,10,19,0,8.28,97.38,0.0,0.0,0.0,285.85,1.54,96.0,1018.45,
2014,10,19,1,7.91,97.07,0.0,0.0,0.0,284.45,1.79,104.0,1018.29,
2014,10,19,2,7.54,96.76,0.0,0.0,0.0,283.05,2.03,113.0,1018.12,
2014,10,19,3,7.18,96.45,0.0,0.0,0.0,281.65,2.28,122.0,1017.96,
2014,10,19,4,7.41,97.01,0.0,0.0,0.0,285.62,1.95,125.0,1018.09,
2014,10,19,5,7.63,97.57,0.0,0.0,0.0,289.58,1.62,129.0,1018.22,
2014,10,19,6,7.86,98.13,0.0,0.0,0.0,293.55,1.3,133.0,1018.35,
2014,10,19,7,10.09,91.02,114.0,190.91,78.0,300.45,1.29,145.0,1018.58,
2014,10,19,8,12.31,83.92,250.0,333.49,139.0,307.35,1.29,157.0,1018.82,
2014,10,19,9,14.54,76.81,367.0,426.1,177.0,314.25,1.28,170.0,1019.05,
2014,10,19,10,15.4,69.78,502.0,713.39,131.0,313.92,1.59,176.0,1018.58,
2014,10,19,11,16.25,62.76,554.0,810.57,108.0,313.58,1.9,182.0,1018.12,
2014,10,19,12,17.11,55.73,533.0,787.82,112.0,313.25,2.21,188.0,1017.66,
2014,10,19,13,16.76,59.31,460.0,739.03,110.0,309.6,2.04,183.0,1016.74,
2014,10,19,14,16.41,62.88,349.0,704.31,87.0,305.95,1.88,177.0,1015.81,
2014,10,19,15,16.06,66.46,195.0,511.59,74.0,302.3,1.71,172.0,1014.89,
2014,10,19,16,14.78,70.8,39.0,143.98,28.0,299.67,2.06,175.0,1014.76,
2014,10,19,17,13.5,75.15,0.0,0.0,0.0,297.03,2.42,178.0,1014.62,
2014,10,19,18,12.22,79.49,0.0,0.0,0.0,294.4,2.77,180.0,1014.49,
2014,10,19,19,11.92,80.58,0.0,0.0,0.0,293.75,2.74,181.0,1014.36,
2014,10,19,20,11.61,81.68,0.0,0.0,0.0,293.1,2.7,182.0,1014.23,
2014,10,19,21,11.3,82.77,0.0,0.0,0.0,292.45,2.66,183.0,1014.1,
2014,10,19,22,11.05,84.34,0.0,0.0,0.0,291.63,2.51,181.0,1013.7,
2014,10,19,23,10.8,85.91,0.0,0.0,0.0,290.82,2.36,178.0,1013.31,
2014,10,20,0,10.55,87.48,0.0,0.0,0.0,290.0,2.21,176.0,1012.91,
2014,10,20,1,10.19,88.8,0.0,0.0,0.0,289.35,2.25,177.0,1012.41,
2014,10,20,2,9.83,90.13,0.0,0.0,0.0,288.7,2.29,179.0,1011.92,
2014,10,20,3,9.47,91.45,0.0,0.0,0.0,288.05,2.33,180.0,1011.42,
2014,10,20,4,9.77,90.77,0.0,0.0,0.0,288.15,2.61,182.0,1011.13,
2014,10,20,5,10.06,90.09,0.0,0.0,0.0,288.25,2.88,184.0,1010.83,
2014,10,20,6,10.36,89.41,0.0,0.0,0.0,288.35,3.16,185.0,1010.53,
2014,10,20,7,12.59,82.37,141.0,445.4,59.0,292.7,3.32,193.0,1010.3,
2014,10,20,8,14.81,75.32,265.0,438.82,121.0,297.05,3.48,201.0,1010.07,
2014,10,20,9,17.04,68.28,408.0,643.99,124.0,301.4,3.64,210.0,1009.84,
2014,10,20,10,18.25,66.52,497.0,710.74,131.0,308.22,3.81,218.0,1009.28,
2014,10,20,11,19.45,64.77,532.0,726.63,136.0,315.03,3.98,226.0,1008.72,
2014,10,20,12,20.66,63.01,476.0,551.95,184.0,321.85,4.15,234.0,1008.16,
2014,10,20,13,20.15,65.54,456.0,749.68,105.0,324.2,3.53,235.0,1007.63,
2014,10,20,14,19.65,68.06,340.0,676.45,92.0,326.55,2.9,235.0,1007.1,
2014,10,20,15,19.14,70.59,189.0,506.01,72.0,328.9,2.28,236.0,1006.57,
2014,10,20,16,18.0,75.69,34.0,112.32,26.0,327.43,2.25,233.0,1006.54,
2014,10,20,17,16.85,80.79,0.0,0.0,0.0,325.97,2.23,231.0,1006.51,
2014,10,20,18,15.7,85.89,0.0,0.0,0.0,324.5,2.21,228.0,1006.48,
2014,10,20,19,15.33,87.87,0.0,0.0,0.0,324.37,2.14,225.0,1006.28,
2014,10,20,20,14.96,89.85,0.0,0.0,0.0,324.23,2.08,221.0,1006.08,
2014,10,20,21,14.59,91.83,0.0,0.0,0.0,324.1,2.01,217.0,1005.88,
2014,10,20,22,14.41,92.67,0.0,0.0,0.0,322.58,2.13,213.0,1005.45,
2014,10,20,23,14.22,93.51,0.0,0.0,0.0,321.07,2.25,210.0,1005.02,
2014,10,21,0,14.04,94.35,0.0,0.0,0.0,319.55,2.37,206.0,1004.59,
2014,10,21,1,13.81,92.84,0.0,0.0,0.0,318.4,2.25,200.0,1003.93,
2014,10,21,2,13.59,91.33,0.0,0.0,0.0,317.25,2.12,194.0,1003.27,
2014,10,21,3,13.37,89.82,0.0,0.0,0.0,316.1,2.0,188.0,1002.61,
2014,10,21,4,13.44,89.81,0.0,0.0,0.0,315.4,1.88,195.0,1002.32,
2014,10,21,5,13.52,89.79,0.0,0.0,0.0,314.7,1.76,203.0,1002.02,
2014,10,21,6,13.59,89.78,0.0,0.0,0.0,314.0,1.64,210.0,1001.72,
2014,10,21,7,14.32,89.85,81.0,55.67,71.0,317.92,1.9,247.0,1001.79,
2014,10,21,8,15.05,89.93,138.0,27.82,129.0,321.83,2.17,283.0,1001.86,
2014,10,21,9,15.78,90.0,291.0,190.33,208.0,325.75,2.43,320.0,1001.92,
2014,10,21,10,15.76,90.8,45.0,0.0,45.0,336.93,2.25,329.0,1001.62,
2014,10,21,11,15.74,91.61,152.0,0.0,152.0,348.12,2.07,337.0,1001.33,
2014,10,21,12,15.73,92.41,406.0,320.79,238.0,359.3,1.89,346.0,1001.03,
2014,10,21,13,16.0,89.13,43.0,0.0,43.0,356.45,1.62,316.0,1000.67,
2014,10,21,14,16.27,85.84,43.0,0.0,43.0,353.6,1.36,287.0,1000.31,
2014,10,21,15,16.54,82.56,112.0,70.8,96.0,350.75,1.09,257.0,999.94,
2014,10,21,16,15.28,86.94,28.0,75.62,23.0,346.02,1.62,248.0,999.74,
2014,10,21,17,14.02,91.33,0.0,0.0,0.0,341.28,2.15,239.0,999.55,
2014,10,21,18,12.75,95.71,0.0,0.0,0.0,336.55,2.68,230.0,999.35,
2014,10,21,19,12.45,96.57,0.0,0.0,0.0,334.13,2.64,210.0,998.82,
2014,10,21,20,12.15,97.42,0.0,0.0,0.0,331.72,2.6,191.0,998.29,
2014,10,21,21,11.84,98.28,0.0,0.0,0.0,329.3,2.57,171.0,997.76,
2014,10,21,22,12.2,98.31,0.0,0.0,0.0,336.13,2.61,163.0,996.94,
2014,10,21,23,12.56,98.34,0.0,0.0,0.0,342.97,2.65,155.0,996.11,
2014,10,22,0,12.92,98.37,0.0,0.0,0.0,349.8,2.69,147.0,995.29,
2014,10,22,1,12.99,96.98,0.0,0.0,0.0,349.9,3.25,146.0,994.17,
2014,10,22,2,13.06,95.6,0.0,0.0,0.0,350.0,3.81,144.0,993.05,
2014,10,22,3,13.13,94.21,0.0,0.0,0.0,350.1,4.37,142.0,991.92,
2014,10,22,4,13.35,94.5,0.0,0.0,0.0,353.47,4.15,143.0,990.34,
2014,10,22,5,13.57,94.79,0.0,0.0,0.0,356.83,3.92,145.0,988.76,
2014,10,22,6,13.79,95.08,0.0,0.0,0.0,360.2,3.7,146.0,987.17,
2014,10,22,7,13.79,96.26,47.0,0.0,47.0,362.65,4.38,171.0,986.74,
2014,10,22,8,13.79,97.43,25.0,0.0,25.0,365.1,5.07,196.0,986.32,
2014,10,22,9,13.79,98.61,161.0,6.96,158.0,367.55,5.75,221.0,985.89,
2014,10,22,10,13.32,98.66,69.0,0.0,69.0,368.08,5.55,239.0,985.95,
2014,10,22,11,12.85,98.71,47.0,0.0,47.0,368.62,5.36,257.0,986.02,
2014,10,22,12,12.38,98.76,46.0,0.0,46.0,369.15,5.16,276.0,986.08,
2014,10,22,13,11.05,96.92,76.0,0.0,76.0,361.2,4.86,279.0,988.26,
2014,10,22,14,9.73,95.07,29.0,0.0,29.0,353.25,4.55,283.0,990.44,
2014,10,22,15,8.4,93.23,22.0,0.0,22.0,345.3,4.25,287.0,992.62,
2014,10,22,16,8.16,92.41,3.0,0.0,3.0,342.5,4.09,284.0,992.98,
2014,10,22,17,7.92,91.58,0.0,0.0,0.0,339.7,3.94,282.0,993.34,
2014,10,22,18,7.67,90.76,0.0,0.0,0.0,336.9,3.78,280.0,993.71,
2014,10,22,19,7.67,89.85,0.0,0.0,0.0,334.53,3.66,277.0,993.71,
2014,10,22,20,7.66,88.93,0.0,0.0,0.0,332.17,3.54,275.0,993.71,
2014,10,22,21,7.65,88.02,0.0,0.0,0.0,329.8,3.42,273.0,993.71,
2014,10,22,22,7.68,88.05,0.0,0.0,0.0,323.83,2.86,276.0,993.48,
2014,10,22,23,7.71,88.09,0.0,0.0,0.0,317.87,2.3,279.0,993.24,
2014,10,23,0,7.74,88.12,0.0,0.0,0.0,311.9,1.74,282.0,993.01,
2014,10,23,1,7.3,88.1,0.0,0.0,0.0,316.02,1.64,285.0,993.51,
2014,10,23,2,6.87,88.08,0.0,0.0,0.0,320.13,1.54,289.0,994.0,
2014,10,23,3,6.44,88.06,0.0,0.0,0.0,324.25,1.45,292.0,994.5,
2014,10,23,4,6.48,89.53,0.0,0.0,0.0,319.37,1.22,318.0,994.56,
2014,10,23,5,6.53,91.0,0.0,0.0,0.0,314.48,1.0,344.0,994.63,
2014,10,23,6,6.57,92.47,0.0,0.0,0.0,309.6,0.77,10.0,994.7,
2014,10,23,7,7.14,89.64,87.0,99.6,70.0,312.18,1.53,15.0,994.86,
2014,10,23,8,7.7,86.81,97.0,3.18,96.0,314.77,2.28,19.0,995.03,
2014,10,23,9,8.26,83.98,63.0,0.0,63.0,317.35,3.03,23.0,995.19,
2014,10,23,10,8.47,86.56,52.0,0.0,52.0,322.67,3.08,15.0,994.83,
2014,10,23,11,8.68,89.13,86.0,0.0,86.0,327.98,3.13,7.0,994.47,
2014,10,23,12,8.9,91.71,63.0,0.0,63.0,333.3,3.17,359.0,994.1,
2014,10,23,13,9.16,93.66,43.0,0.0,43.0,336.88,2.81,356.0,994.43,
2014,10,23,14,9.42,95.61,53.0,0.0,53.0,340.47,2.45,353.0,994.76,
2014,10,23,15,9.68,97.56,21.0,0.0,21.0,344.05,2.08,350.0,995.09,
2014,10,23,16,9.93,97.21,10.0,0.0,10.0,344.97,2.99,360.0,994.96,
2014,10,23,17,10.18,96.86,0.0,0.0,0.0,345.88,3.89,9.0,994.83,
2014,10,23,18,10.42,96.51,0.0,0.0,0.0,346.8,4.8,18.0,994.7,
2014,10,23,19,10.46,95.84,0.0,0.0,0.0,347.92,5.33,23.0,994.93,
2014,10,23,20,10.5,95.17,0.0,0.0,0.0,349.03,5.86,28.0,995.16,
2014,10,23,21,10.54,94.5,0.0,0.0,0.0,350.15,6.39,32.0,995.39,
2014,10,23,22,10.45,93.68,0.0,0.0,0.0,351.72,6.05,32.0,995.59,
2014,10,23,23,10.35,92.86,0.0,0.0,0.0,353.28,5.71,32.0,995.78,
2014,10,24,0,10.26,92.04,0.0,0.0,0.0,354.85,5.38,31.0,995.98,
2014,10,24,1,9.73,94.07,0.0,0.0,0.0,351.25,4.55,39.0,997.04,
2014,10,24,2,9.2,96.11,0.0,0.0,0.0,347.65,3.71,47.0,998.09,
2014,10,24,3,8.68,98.14,0.0,0.0,0.0,344.05,2.88,54.0,999.15,
2014,10,24,4,8.86,97.74,0.0,0.0,0.0,342.62,2.59,61.0,999.91,
2014,10,24,5,9.05,97.33,0.0,0.0,0.0,341.18,2.29,68.0,1000.67,
2014,10,24,6,9.23,96.93,0.0,0.0,0.0,339.75,2.0,75.0,1001.43,
2014,10,24,7,9.34,95.97,11.0,0.0,11.0,337.43,1.9,79.0,1002.45,
2014,10,24,8,9.44,95.0,24.0,0.0,24.0,335.12,1.8,83.0,1003.47,
2014,10,24,9,9.54,94.04,115.0,0.0,115.0,332.8,1.7,87.0,1004.5,
2014,10,24,10,9.92,91.99,156.0,0.0,156.0,328.67,1.51,81.0,1004.83,
2014,10,24,11,10.29,89.95,61.0,0.0,61.0,324.53,1.32,75.0,1005.16,
2014,10,24,12,10.67,87.9,125.0,0.0,125.0,320.4,1.13,69.0,1005.49,
2014,10,24,13,10.19,88.99,79.0,0.0,79.0,317.22,1.05,63.0,1006.05,
2014,10,24,14,9.72,90.08,91.0,0.0,91.0,314.03,0.97,58.0,1006.61,
2014,10,24,15,9.25,91.17,178.0,584.04,55.0,310.85,0.9,52.0,1007.17,
2014,10,24,16,8.94,92.23,25.0,156.19,17.0,312.73,1.22,48.0,1007.6,
2014,10,24,17,8.63,93.29,0.0,0.0,0.0,314.62,1.55,44.0,1008.03,
2014,10,24,18,8.32,94.35,0.0,0.0,0.0,316.5,1.88,40.0,1008.45,
2014,10,24,19,8.04,94.5,0.0,0.0,0.0,317.9,1.95,37.0,1008.98,
2014,10,24,20,7.75,94.66,0.0,0.0,0.0,319.3,2.02,34.0,1009.51,
2014,10,24,21,7.46,94.81,0.0,0.0,0.0,320.7,2.1,30.0,1010.04,
2014,10,24,22,7.29,94.72,0.0,0.0,0.0,320.12,2.29,34.0,1010.34,
2014,10,24,23,7.11,94.62,0.0,0.0,0.0,319.53,2.49,37.0,1010.63,
2014,10,25,0,6.94,94.53,0.0,0.0,0.0,318.95,2.69,40.0,1010.93,
2014,10,25,1,6.2,94.77,0.0,0.0,0.0,306.1,2.65,38.0,1011.19,
2014,10,25,2,5.46,95.01,0.0,0.0,0.0,293.25,2.61,36.0,1011.46,
2014,10,25,3,4.72,95.25,0.0,0.0,0.0,280.4,2.57,33.0,1011.72,
2014,10,25,4,4.71,95.05,0.0,0.0,0.0,278.68,2.04,36.0,1011.99,
2014,10,25,5,4.69,94.85,0.0,0.0,0.0,276.97,1.51,38.0,1012.25,
2014,10,25,6,4.68,94.65,0.0,0.0,0.0,275.25,0.98,40.0,1012.51,
2014,10,25,7,5.91,89.46,48.0,6.18,47.0,277.48,0.81,45.0,1012.91,
2014,10,25,8,7.14,84.27,145.0,49.24,130.0,279.72,0.65,49.0,1013.31,
2014,10,25,9,8.37,79.08,241.0,105.65,197.0,281.95,0.48,54.0,1013.7,
2014,10,25,10,9.23,74.95,415.0,453.45,193.0,286.73,0.43,56.0,1013.64,
2014,10,25,11,10.09,70.82,453.0,495.2,196.0,291.52,0.37,58.0,1013.57,
2014,10,25,12,10.96,66.69,403.0,366.03,219.0,296.3,0.32,60.0,1013.5,
2014,10,25,13,10.78,69.03,418.0,683.57,116.0,306.52,0.39,69.0,1013.8,
2014,10,25,14,10.61,71.37,269.0,390.64,136.0,316.73,0.46,78.0,1014.1,
2014,10,25,15,10.43,73.71,98.0,63.23,85.0,326.95,0.54,87.0,1014.39,
2014,10,25,16,9.49,77.74,16.0,43.11,14.0,323.83,0.66,87.0,1014.59,
2014,10,25,17,8.54,81.77,0.0,0.0,0.0,320.72,0.78,86.0,1014.79,
2014,10,25,18,7.59,85.8,0.0,0.0,0.0,317.6,0.9,86.0,1014.99,
2014,10,25,19,7.0,87.85,0.0,0.0,0.0,312.15,1.12,105.0,1015.38,
2014,10,25,20,6.41,89.89,0.0,0.0,0.0,306.7,1.35,124.0,1015.78,
2014,10,25,21,5.82,91.94,0.0,0.0,0.0,301.25,1.57,143.0,1016.18,
2014,10,25,22,5.72,92.78,0.0,0.0,0.0,302.6,1.53,144.0,1016.41,
2014,10,25,23,5.63,93.63,0.0,0.0,0.0,303.95,1.49,145.0,1016.64,
2014,10,26,0,5.53,94.47,0.0,0.0,0.0,305.3,1.45,146.0,1016.87,
2014,10,26,1,4.76,95.16,0.0,0.0,0.0,293.95,1.53,135.0,1017.1,
2014,10,26,2,3.99,95.86,0.0,0.0,0.0,282.6,1.6,124.0,1017.33,
2014,10,26,3,3.22,96.55,0.0,0.0,0.0,271.25,1.68,114.0,1017.56,
2014,10,26,4,3.38,96.09,0.0,0.0,0.0,272.93,1.7,117.0,1017.86,
2014,10,26,5,3.53,95.62,0.0,0.0,0.0,274.62,1.72,120.0,1018.16,
2014,10,26,6,3.69,95.16,0.0,0.0,0.0,276.3,1.74,123.0,1018.45,
2014,10,26,7,5.22,87.7,105.0,286.15,60.0,279.5,1.55,125.0,1018.85,
2014,10,26,8,6.75,80.23,221.0,320.05,125.0,282.7,1.37,127.0,1019.24,
2014,10,26,9,8.28,72.77,167.0,14.58,161.0,285.9,1.19,129.0,1019.64,
2014,10,26,10,8.82,68.26,354.0,260.04,228.0,293.77,1.11,122.0,1019.48,
2014,10,26,11,9.36,63.76,466.0,568.26,174.0,301.63,1.03,115.0,1019.31,
2014,10,26,12,9.9,59.25,451.0,572.85,166.0,309.5,0.95,108.0,1019.15,
2014,10,26,13,9.63,63.4,317.0,263.37,202.0,307.3,0.77,104.0,1019.24,
2014,10,26,14,9.36,67.56,300.0,608.22,96.0,305.1,0.58,101.0,1019.34,
2014,10,26,15,9.09,71.71,77.0,19.93,73.0,302.9,0.4,98.0,1019.44,
2014,10,26,16,8.17,74.1,4.0,0.0,4.0,301.25,0.71,93.0,1019.61,
2014,10,26,17,7.24,76.48,0.0,0.0,0.0,299.6,1.02,89.0,1019.77,
2014,10,26,18,6.31,78.87,0.0,0.0,0.0,297.95,1.32,85.0,1019.94,
2014,10,26,19,5.65,81.37,0.0,0.0,0.0,293.8,1.57,89.0,1020.14,
2014,10,26,20,4.99,83.87,0.0,0.0,0.0,289.65,1.81,94.0,1020.33,
2014,10,26,21,4.33,86.37,0.0,0.0,0.0,285.5,2.06,98.0,1020.53,
2014,10,26,22,3.79,88.55,0.0,0.0,0.0,277.58,2.02,94.0,1020.53,
2014,10,26,23,3.24,90.73,0.0,0.0,0.0,269.67,1.98,90.0,1020.53,
2014,10,27,0,2.7,92.91,0.0,0.0,0.0,261.75,1.94,85.0,1020.53,
2014,10,27,1,2.27,93.8,0.0,0.0,0.0,260.28,1.47,86.0,1020.7,
2014,10,27,2,1.85,94.68,0.0,0.0,0.0,258.82,0.99,86.0,1020.86,
2014,10,27,3,1.43,95.57,0.0,0.0,0.0,257.35,0.51,87.0,1021.03,
2014,10,27,4,1.35,95.78,0.0,0.0,0.0,252.58,0.63,89.0,1020.96,
2014,10,27,5,1.27,95.98,0.0,0.0,0.0,247.82,0.74,92.0,1020.89,
2014,10,27,6,1.19,96.19,0.0,0.0,0.0,243.05,0.86,95.0,1020.83,
2014,10,27,7,3.54,87.93,91.0,196.35,61.0,245.58,0.85,101.0,1020.99,
2014,10,27,8,5.89,79.66,187.0,179.5,134.0,248.12,0.85,108.0,1021.16,
2014,10,27,9,8.24,71.4,283.0,228.66,190.0,250.65,0.84,115.0,1021.32,
2014,10,27,10,9.01,66.58,439.0,598.51,152.0,253.03,1.08,83.0,1020.93,
2014,10,27,11,9.78,61.77,500.0,748.9,119.0,255.42,1.31,52.0,1020.53,
2014,10,27,12,10.56,56.95,481.0,741.3,116.0,257.8,1.54,21.0,1020.14,
2014,10,27,13,10.11,61.34,413.0,713.71,105.0,260.45,1.3,16.0,1019.84,
2014,10,27,14,9.67,65.74,294.0,602.31,95.0,263.1,1.06,10.0,1019.54,
2014,10,27,15,9.22,70.13,148.0,398.34,70.0,265.75,0.81,5.0,1019.24,
2014,10,27,16,7.8,74.38,9.0,0.0,9.0,262.68,0.81,10.0,1019.18,
2014,10,27,17,6.38,78.64,0.0,0.0,0.0,259.62,0.81,14.0,1019.11,
2014,10,27,18,4.96,82.89,0.0,0.0,0.0,256.55,0.81,19.0,1019.05,
2014,10,27,19,4.41,84.85,0.0,0.0,0.0,255.1,1.05,28.0,1018.95,
2014,10,27,20,3.85,86.8,0.0,0.0,0.0,253.65,1.28,37.0,1018.85,
2014,10,27,21,3.29,88.76,0.0,0.0,0.0,252.2,1.52,46.0,1018.75,
2014,10,27,22,2.7,90.78,0.0,0.0,0.0,250.43,1.55,58.0,1018.52,
2014,10,27,23,2.12,92.8,0.0,0.0,0.0,248.67,1.59,69.0,1018.29,
2014,10,28,0,1.53,94.82,0.0,0.0,0.0,246.9,1.63,81.0,1018.06,
2014,10,28,1,0.98,95.04,0.0,0.0,0.0,244.37,2.07,93.0,1018.16,
2014,10,28,2,0.44,95.26,0.0,0.0,0.0,241.83,2.51,105.0,1018.25,
2014,10,28,3,-0.1,95.48,0.0,0.0,0.0,239.3,2.95,118.0,1018.35,
2014,10,28,4,0.0,95.03,0.0,0.0,0.0,238.73,2.62,117.0,1018.29,
2014,10,28,5,0.09,94.59,0.0,0.0,0.0,238.17,2.28,116.0,1018.22,
2014,10,28,6,0.19,94.14,0.0,0.0,0.0,237.6,1.94,115.0,1018.16,
2014,10,28,7,2.82,86.22,91.0,222.48,58.0,242.0,1.5,123.0,1018.19,
2014,10,28,8,5.44,78.3,251.0,564.38,87.0,246.4,1.05,131.0,1018.22,
2014,10,28,9,8.06,70.38,374.0,666.92,106.0,250.8,0.61,139.0,1018.25,
2014,10,28,10,8.91,64.91,471.0,794.48,94.0,255.55,0.64,138.0,1017.59,
2014,10,28,11,9.76,59.43,192.0,7.94,188.0,260.3,0.68,138.0,1016.93,
2014,10,28,12,10.62,53.96,438.0,558.19,166.0,265.05,0.72,137.0,1016.27,
2014,10,28,13,10.42,56.25,407.0,710.43,104.0,265.57,0.73,133.0,1015.94,
2014,10,28,14,10.23,58.54,283.0,556.15,102.0,266.08,0.74,130.0,1015.61,
2014,10,28,15,10.04,60.83,85.0,47.11,76.0,266.6,0.76,127.0,1015.28,
2014,10,28,16,8.99,64.55,0.0,0.0,0.0,265.65,0.83,128.0,1015.15,
2014,10,28,17,7.94,68.26,0.0,0.0,0.0,264.7,0.91,129.0,1015.02,
2014,10,28,18,6.88,71.98,0.0,0.0,0.0,263.75,0.98,130.0,1014.89,
2014,10,28,19,5.48,78.02,0.0,0.0,0.0,262.95,1.45,139.0,1014.86,
2014,10,28,20,4.07,84.07,0.0,0.0,0.0,262.15,1.92,149.0,1014.82,
2014,10,28,21,2.66,90.11,0.0,0.0,0.0,261.35,2.39,158.0,1014.79,
2014,10,28,22,2.51,90.25,0.0,0.0,0.0,261.12,2.18,161.0,1014.62,
2014,10,28,23,2.35,90.4,0.0,0.0,0.0,260.88,1.98,165.0,1014.46,
2014,10,29,0,2.2,90.54,0.0,0.0,0.0,260.65,1.78,168.0,1014.29,
2014,10,29,1,2.17,89.46,0.0,0.0,0.0,259.78,1.88,162.0,1014.03,
2014,10,29,2,2.15,88.38,0.0,0.0,0.0,258.92,1.98,156.0,1013.77,
2014,10,29,3,2.13,87.3,0.0,0.0,0.0,258.05,2.08,151.0,1013.5,
2014,10,29,4,2.15,87.7,0.0,0.0,0.0,257.28,1.76,144.0,1013.44,
2014,10,29,5,2.17,88.1,0.0,0.0,0.0,256.52,1.44,138.0,1013.37,
2014,10,29,6,2.19,88.5,0.0,0.0,0.0,255.75,1.12,132.0,1013.31,
2014,10,29,7,4.16,80.76,65.0,69.51,55.0,258.3,0.97,131.0,1013.37,
2014,10,29,8,6.13,73.01,123.0,31.48,114.0,260.85,0.83,131.0,1013.44,
2014,10,29,9,8.1,65.27,267.0,201.51,187.0,263.4,0.69,131.0,1013.5,
2014,10,29,10,8.91,62.56,447.0,687.89,124.0,266.93,0.6,128.0,1013.11,
2014,10,29,11,9.72,59.84,473.0,667.84,140.0,270.47,0.51,126.0,1012.71,
2014,10,29,12,10.53,57.13,281.0,99.54,233.0,274.0,0.43,123.0,1012.32,
2014,10,29,13,10.37,59.68,182.0,21.35,173.0,276.07,0.43,122.0,1012.18,
2014,10,29,14,10.21,62.23,133.0,21.84,126.0,278.13,0.44,120.0,1012.05,
2014,10,29,15,10.05,64.78,79.0,37.57,72.0,280.2,0.44,119.0,1011.92,
2014,10,29,16,8.68,70.46,0.0,0.0,0.0,277.03,0.85,101.0,1011.92,
2014,10,29,17,7.31,76.14,0.0,0.0,0.0,273.87,1.26,84.0,1011.92,
2014,10,29,18,5.93,81.82,0.0,0.0,0.0,270.7,1.67,66.0,1011.92,
2014,10,29,19,5.1,85.32,0.0,0.0,0.0,271.0,2.08,66.0,1012.15,
2014,10,29,20,4.27,88.82,0.0,0.0,0.0,271.3,2.5,66.0,1012.38,
2014,10,29,21,3.44,92.32,0.0,0.0,0.0,271.6,2.91,67.0,1012.61,
2014,10,29,22,3.2,93.75,0.0,0.0,0.0,272.23,2.78,67.0,1012.65,
2014,10,29,23,2.95,95.19,0.0,0.0,0.0,272.87,2.65,68.0,1012.68,
2014,10,30,0,2.71,96.62,0.0,0.0,0.0,273.5,2.52,69.0,1012.71,
2014,10,30,1,2.55,96.64,0.0,0.0,0.0,269.23,2.01,72.0,1012.94,
2014,10,30,2,2.39,96.67,0.0,0.0,0.0,264.97,1.5,74.0,1013.17,
2014,10,30,3,2.24,96.69,0.0,0.0,0.0,260.7,0.99,77.0,1013.4,
2014,10,30,4,2.23,96.98,0.0,0.0,0.0,259.8,1.2,64.0,1013.5,
2014,10,30,5,2.22,97.27,0.0,0.0,0.0,258.9,1.4,51.0,1013.6,
2014,10,30,6,2.21,97.56,0.0,0.0,0.0,258.0,1.6,37.0,1013.7,
2014,10,30,7,4.67,89.73,79.0,164.98,56.0,261.87,1.83,25.0,1014.0,
2014,10,30,8,7.13,81.9,202.0,295.11,119.0,265.73,2.05,13.0,1014.29,
2014,10,30,9,9.59,74.07,355.0,604.33,118.0,269.6,2.28,1.0,1014.59,
2014,10,30,10,10.4,70.19,426.0,602.67,146.0,272.18,2.52,359.0,1014.33,
2014,10,30,11,11.21,66.31,475.0,702.98,128.0,274.77,2.77,356.0,1014.06,
2014,10,30,12,12.02,62.43,457.0,693.58,126.0,277.35,3.02,353.0,1013.8,
2014,10,30,13,11.16,66.06,392.0,681.76,108.0,279.05,2.59,349.0,1014.03,
2014,10,30,14,10.31,69.68,264.0,490.89,109.0,280.75,2.17,345.0,1014.26,
2014,10,30,15,9.45,73.31,135.0,385.32,65.0,282.45,1.74,341.0,1014.49,
2014,10,30,16,8.29,77.3,0.0,0.0,0.0,281.57,1.97,344.0,1014.76,
2014,10,30,17,7.13,81.28,0.0,0.0,0.0,280.68,2.2,347.0,1015.02,
2014,10,30,18,5.97,85.27,0.0,0.0,0.0,279.8,2.43,350.0,1015.28,
2014,10,30,19,5.4,87.14,0.0,0.0,0.0,277.78,2.39,352.0,1015.45,
2014,10,30,20,4.82,89.01,0.0,0.0,0.0,275.77,2.34,355.0,1015.61,
2014,10,30,21,4.24,90.88,0.0,0.0,0.0,273.75,2.3,357.0,1015.78,
2014,10,30,22,3.79,92.29,0.0,0.0,0.0,270.98,2.45,353.0,1015.78,
2014,10,30,23,3.35,93.7,0.0,0.0,0.0,268.22,2.59,350.0,1015.78,
2014,10,31,0,2.9,95.11,0.0,0.0,0.0,265.45,2.73,346.0,1015.78,
2014,10,31,1,2.59,95.68,0.0,0.0,0.0,264.4,2.64,347.0,1015.98,
2014,10,31,2,2.28,96.25,0.0,0.0,0.0,263.35,2.56,348.0,1016.18,
2014,10,31,3,1.98,96.82,0.0,0.0,0.0,262.3,2.47,350.0,1016.37,
2014,10,31,4,1.95,97.05,0.0,0.0,0.0,260.53,2.25,352.0,1016.34,
2014,10,31,5,1.93,97.27,0.0,0.0,0.0,258.77,2.03,353.0,1016.31,
2014,10,31,6,1.9,97.5,0.0,0.0,0.0,257.0,1.81,355.0,1016.27,
2014,10,31,7,4.21,90.85,74.0,148.18,54.0,260.38,1.78,353.0,1016.47,
2014,10,31,8,6.51,84.21,193.0,267.53,119.0,263.77,1.75,350.0,1016.67,
2014,10,31,9,8.81,77.56,280.0,271.07,175.0,267.15,1.72,347.0,1016.87,
2014,10,31,10,9.75,72.87,402.0,513.4,166.0,269.48,1.7,348.0,1016.6,
2014,10,31,11,10.68,68.17,470.0,699.9,128.0,271.82,1.67,348.0,1016.34,
2014,10,31,12,11.62,63.48,454.0,705.1,121.0,274.15,1.64,349.0,1016.08,
2014,10,31,13,10.73,68.2,389.0,689.85,105.0,273.1,1.84,344.0,1016.11,
2014,10,31,14,9.85,72.91,272.0,575.54,93.0,272.05,2.05,339.0,1016.14,
2014,10,31,15,8.96,77.63,104.0,169.39,74.0,271.0,2.25,334.0,1016.18,
2014,10,31,16,7.58,82.26,0.0,0.0,0.0,268.93,2.42,342.0,1016.21,
2014,10,31,17,4.06,98.53,0.0,0.0,0.0,263.95,2.55,349.0,1016.24,
2014,10,31,18,3.91,96.09,0.0,0.0,0.0,262.3,2.58,357.0,1016.27,
2014,10,31,19,3.76,93.66,0.0,0.0,0.0,260.64,2.61,1.0,1016.44,
2014,10,31,20,3.6,91.23,0.0,0.0,0.0,258.98,2.63,5.0,1016.6,
2014,10,31,21,3.45,88.79,0.0,0.0,0.0,257.32,2.66,9.0,1016.77,
2014,10,31,22,3.3,86.36,0.0,0.0,0.0,255.66,2.68,15.0,1016.77,
2014,10,31,23,3.15,83.92,0.0,0.0,0.0,254.0,2.71,21.0,1016.77,
2006,11,1,0,3.0,81.49,0.0,0.0,0.0,252.35,2.73,27.0,1016.77,
2006,11,1,1,2.84,79.06,0.0,0.0,0.0,250.69,2.76,167.0,1003.51,
2006,11,1,2,2.69,76.62,0.0,0.0,0.0,249.03,2.79,167.0,1002.81,
2006,11,1,3,2.54,74.19,0.0,0.0,0.0,247.37,2.81,166.0,1002.12,
2006,11,1,4,2.39,71.75,0.0,0.0,0.0,245.71,2.84,166.0,1001.46,
2006,11,1,5,2.23,69.32,0.0,0.0,0.0,244.05,2.86,166.0,1000.8,
2006,11,1,6,2.08,66.88,0.0,0.0,0.0,242.4,2.89,166.0,1000.14,
2006,11,1,7,1.93,64.45,38.0,7.66,37.0,240.74,2.91,172.0,1000.07,
2006,11,1,8,1.78,62.02,128.0,47.8,115.0,239.08,2.94,178.0,1000.01,
2006,11,1,9,6.43,56.61,134.0,5.23,132.0,262.8,2.83,184.0,999.94,
2006,11,1,10,7.28,54.79,143.0,0.0,143.0,269.7,2.51,197.0,999.58,
2006,11,1,11,8.12,52.97,138.0,0.0,138.0,276.6,2.2,209.0,999.22,
2006,11,1,12,8.96,51.15,118.0,0.0,118.0,283.5,1.89,222.0,998.85,
2006,11,1,13,7.84,61.37,125.0,0.0,125.0,293.73,1.8,251.0,999.22,
2006,11,1,14,6.72,71.59,45.0,0.0,45.0,303.97,1.71,281.0,999.58,
2006,11,1,15,5.6,81.81,19.0,0.0,19.0,314.2,1.63,311.0,999.94,
2006,11,1,16,5.3,86.49,0.0,0.0,0.0,321.92,1.74,300.0,1000.17,
2006,11,1,17,5.0,91.18,0.0,0.0,0.0,329.63,1.86,290.0,1000.4,
2006,11,1,18,4.71,95.86,0.0,0.0,0.0,337.35,1.97,279.0,1000.64,
2006,11,1,19,4.93,94.94,0.0,0.0,0.0,334.43,2.09,278.0,1000.64,
2006,11,1,20,5.15,94.02,0.0,0.0,0.0,331.52,2.2,276.0,1000.64,
2006,11,1,21,5.38,93.1,0.0,0.0,0.0,328.6,2.32,274.0,1000.64,
2006,11,1,22,5.35,90.83,0.0,0.0,0.0,324.63,2.61,280.0,1000.6,
2006,11,1,23,5.33,88.55,0.0,0.0,0.0,320.67,2.9,285.0,1000.57,
2006,11,2,0,5.3,86.28,0.0,0.0,0.0,316.7,3.19,290.0,1000.54,
2006,11,2,1,4.76,85.49,0.0,0.0,0.0,311.4,3.44,296.0,1001.16,
2006,11,2,2,4.21,84.69,0.0,0.0,0.0,306.1,3.7,302.0,1001.79,
2006,11,2,3,3.67,83.9,0.0,0.0,0.0,300.8,3.96,308.0,1002.42,
2006,11,2,4,3.22,83.4,0.0,0.0,0.0,297.85,3.9,310.0,1002.85,
2006,11,2,5,2.78,82.9,0.0,0.0,0.0,294.9,3.85,312.0,1003.27,
2006,11,2,6,2.33,82.4,0.0,0.0,0.0,291.95,3.79,314.0,1003.7,
2006,11,2,7,3.11,74.99,89.0,372.64,42.0,287.23,4.31,316.0,1004.03,
2006,11,2,8,3.89,67.57,220.0,471.27,94.0,282.52,4.83,317.0,1004.36,
2006,11,2,9,4.66,60.16,365.0,735.82,87.0,277.8,5.35,319.0,1004.69,
2006,11,2,10,4.87,56.4,443.0,744.56,108.0,272.95,5.44,319.0,1004.56,
2006,11,2,11,5.08,52.64,381.0,342.51,217.0,268.1,5.53,320.0,1004.43,
2006,11,2,12,5.29,48.88,92.0,0.0,92.0,263.25,5.61,320.0,1004.3,
2006,11,2,13,4.73,51.52,69.0,0.0,69.0,261.57,5.56,322.0,1004.89,
2006,11,2,14,4.16,54.16,49.0,0.0,49.0,259.88,5.5,323.0,1005.49,
2006,11,2,15,3.6,56.8,75.0,47.56,67.0,258.2,5.45,325.0,1006.08,
2006,11,2,16,2.92,56.19,0.0,0.0,0.0,258.72,5.67,327.0,1006.81,
2006,11,2,17,2.24,55.59,0.0,0.0,0.0,259.23,5.89,329.0,1007.53,
2006,11,2,18,1.57,54.98,0.0,0.0,0.0,259.75,6.11,330.0,1008.26,
2006,11,2,19,1.12,52.74,0.0,0.0,0.0,253.75,5.75,329.0,1008.62,
2006,11,2,20,0.68,50.49,0.0,0.0,0.0,247.75,5.39,328.0,1008.98,
2006,11,2,21,0.24,48.25,0.0,0.0,0.0,241.75,5.03,327.0,1009.35,
2006,11,2,22,-0.04,48.51,0.0,0.0,0.0,237.2,4.84,326.0,1009.41,
2006,11,2,23,-0.31,48.78,0.0,0.0,0.0,232.65,4.64,325.0,1009.48,
2006,11,3,0,-0.59,49.04,0.0,0.0,0.0,228.1,4.44,324.0,1009.54,
2006,11,3,1,-0.95,50.8,0.0,0.0,0.0,230.53,4.37,325.0,1009.44,
2006,11,3,2,-1.32,52.57,0.0,0.0,0.0,232.97,4.29,326.0,1009.35,
2006,11,3,3,-1.68,54.33,0.0,0.0,0.0,235.4,4.22,328.0,1009.25,
2006,11,3,4,-1.87,55.61,0.0,0.0,0.0,234.17,4.12,325.0,1009.61,
2006,11,3,5,-2.05,56.89,0.0,0.0,0.0,232.93,4.02,323.0,1009.97,
2006,11,3,6,-2.23,58.17,0.0,0.0,0.0,231.7,3.92,320.0,1010.34,
2006,11,3,7,-0.91,55.83,34.0,0.0,34.0,229.13,4.04,320.0,1010.4,
2006,11,3,8,0.41,53.49,65.0,0.0,65.0,226.57,4.17,319.0,1010.47,
2006,11,3,9,1.73,51.15,76.0,0.0,76.0,224.0,4.29,319.0,1010.53,
2006,11,3,10,2.2,48.0,88.0,0.0,88.0,227.4,4.61,321.0,1010.04,
2006,11,3,11,2.67,44.86,109.0,0.0,109.0,230.8,4.92,323.0,1009.54,
2006,11,3,12,3.13,41.71,120.0,0.0,120.0,234.2,5.24,326.0,1009.05,
2006,11,3,13,2.59,45.77,185.0,32.71,172.0,236.77,4.68,324.0,1009.54,
2006,11,3,14,2.05,49.82,202.0,222.07,136.0,239.33,4.11,322.0,1010.04,
2006,11,3,15,1.51,53.88,83.0,91.52,68.0,241.9,3.54,321.0,1010.53,
2006,11,3,16,0.76,58.71,0.0,0.0,0.0,239.37,3.28,323.0,1011.03,
2006,11,3,17,0.02,63.54,0.0,0.0,0.0,236.83,3.02,325.0,1011.52,
2006,11,3,18,-0.72,68.37,0.0,0.0,0.0,234.3,2.76,327.0,1012.02,
2006,11,3,19,-1.13,69.94,0.0,0.0,0.0,231.63,2.79,328.0,1012.58,
2006,11,3,20,-1.54,71.5,0.0,0.0,0.0,228.97,2.81,329.0,1013.14,
2006,11,3,21,-1.94,73.07,0.0,0.0,0.0,226.3,2.84,330.0,1013.7,
2006,11,3,22,-2.06,73.1,0.0,0.0,0.0,223.8,2.94,328.0,1014.03,
2006,11,3,23,-2.18,73.14,0.0,0.0,0.0,221.3,3.03,325.0,1014.36,
2006,11,4,0,-2.3,73.17,0.0,0.0,0.0,218.8,3.13,322.0,1014.69,
2006,11,4,1,-2.75,74.38,0.0,0.0,0.0,217.57,3.03,319.0,1014.95,
2006,11,4,2,-3.2,75.59,0.0,0.0,0.0,216.33,2.93,316.0,1015.22,
2006,11,4,3,-3.65,76.8,0.0,0.0,0.0,215.1,2.83,313.0,1015.48,
2006,11,4,4,-3.68,76.93,0.0,0.0,0.0,215.72,2.92,309.0,1015.78,
2006,11,4,5,-3.7,77.07,0.0,0.0,0.0,216.33,3.01,306.0,1016.08,
2006,11,4,6,-3.73,77.2,0.0,0.0,0.0,216.95,3.1,302.0,1016.37,
2006,11,4,7,-2.25,71.36,56.0,85.22,46.0,220.28,3.39,301.0,1016.57,
2006,11,4,8,-0.77,65.51,136.0,81.33,115.0,223.62,3.68,301.0,1016.77,
2006,11,4,9,0.71,59.67,194.0,65.15,170.0,226.95,3.97,300.0,1016.97,
2006,11,4,10,1.31,54.02,233.0,61.32,206.0,231.53,4.26,301.0,1016.6,
2006,11,4,11,1.9,48.36,264.0,78.86,227.0,236.12,4.55,302.0,1016.24,
2006,11,4,12,2.49,42.71,270.0,108.17,221.0,240.7,4.84,303.0,1015.88,
2006,11,4,13,1.67,46.72,251.0,155.3,190.0,237.22,4.21,292.0,1015.75,
2006,11,4,14,0.86,50.72,160.0,88.81,134.0,233.73,3.58,280.0,1015.61,
2006,11,4,15,0.04,54.73,122.0,432.14,53.0,230.25,2.95,268.0,1015.48,
2006,11,4,16,-0.15,59.22,0.0,0.0,0.0,233.7,3.2,260.0,1015.25,
2006,11,4,17,-0.34,63.71,0.0,0.0,0.0,237.15,3.45,252.0,1015.02,
2006,11,4,18,-0.53,68.2,0.0,0.0,0.0,240.6,3.7,244.0,1014.79,
2006,11,4,19,-0.34,76.0,0.0,0.0,0.0,253.35,4.09,243.0,1014.13,
2006,11,4,20,-0.15,83.81,0.0,0.0,0.0,266.1,4.49,243.0,1013.47,
2006,11,4,21,0.04,91.61,0.0,0.0,0.0,278.85,4.88,243.0,1012.81,
2006,11,4,22,0.78,93.3,0.0,0.0,0.0,289.95,4.73,253.0,1012.08,
2006,11,4,23,1.52,94.99,0.0,0.0,0.0,301.05,4.57,263.0,1011.36,
2006,11,5,0,2.25,96.68,0.0,0.0,0.0,312.15,4.41,274.0,1010.63,
2006,11,5,1,2.33,95.24,0.0,0.0,0.0,312.87,4.32,276.0,1010.47,
2006,11,5,2,2.41,93.79,0.0,0.0,0.0,313.58,4.22,278.0,1010.3,
2006,11,5,3,2.49,92.35,0.0,0.0,0.0,314.3,4.12,280.0,1010.14,
2006,11,5,4,2.63,92.51,0.0,0.0,0.0,310.68,4.42,280.0,1010.01,
2006,11,5,5,2.78,92.67,0.0,0.0,0.0,307.07,4.72,279.0,1009.87,
2006,11,5,6,2.93,92.83,0.0,0.0,0.0,303.45,5.02,279.0,1009.74,
2006,11,5,7,3.42,93.58,25.0,0.0,25.0,306.67,5.05,278.0,1009.87,
2006,11,5,8,3.91,94.34,39.0,0.0,39.0,309.88,5.08,277.0,1010.01,
2006,11,5,9,4.39,95.09,123.0,2.75,122.0,313.1,5.1,277.0,1010.14,
2006,11,5,10,4.64,94.99,204.0,32.14,190.0,316.4,5.13,275.0,1009.87,
2006,11,5,11,4.89,94.89,150.0,0.0,150.0,319.7,5.15,273.0,1009.61,
2006,11,5,12,5.14,94.79,146.0,2.23,145.0,323.0,5.17,271.0,1009.35,
2006,11,5,13,5.29,94.03,155.0,12.88,150.0,325.2,5.26,269.0,1009.05,
2006,11,5,14,5.43,93.28,154.0,83.22,130.0,327.4,5.36,267.0,1008.75,
2006,11,5,15,5.58,92.52,78.0,90.02,64.0,329.6,5.45,265.0,1008.45,
2006,11,5,16,5.6,93.39,0.0,0.0,0.0,332.13,5.8,264.0,1007.99,
2006,11,5,17,5.62,94.27,0.0,0.0,0.0,334.67,6.16,264.0,1007.53,
2006,11,5,18,5.65,95.14,0.0,0.0,0.0,337.2,6.51,263.0,1007.07,
2006,11,5,19,5.77,95.26,0.0,0.0,0.0,337.73,6.79,266.0,1006.38,
2006,11,5,20,5.89,95.39,0.0,0.0,0.0,338.27,7.07,269.0,1005.68,
2006,11,5,21,6.02,95.51,0.0,0.0,0.0,338.8,7.35,272.0,1004.99,
2006,11,5,22,6.31,95.19,0.0,0.0,0.0,338.62,7.2,278.0,1004.79,
2006,11,5,23,6.61,94.88,0.0,0.0,0.0,338.43,7.04,284.0,1004.59,
2006,11,6,0,6.9,94.56,0.0,0.0,0.0,338.25,6.88,290.0,1004.4,
2006,11,6,1,7.05,92.93,0.0,0.0,0.0,337.63,6.57,299.0,1004.76,
2006,11,6,2,7.2,91.31,0.0,0.0,0.0,337.02,6.25,308.0,1005.12,
2006,11,6,3,7.36,89.68,0.0,0.0,0.0,336.4,5.93,317.0,1005.49,
2006,11,6,4,7.05,90.36,0.0,0.0,0.0,336.57,5.2,324.0,1006.31,
2006,11,6,5,6.75,91.03,0.0,0.0,0.0,336.73,4.47,330.0,1007.14,
2006,11,6,6,6.45,91.71,0.0,0.0,0.0,336.9,3.74,336.0,1007.96,
2006,11,6,7,6.69,90.52,80.0,441.8,32.0,334.37,3.42,340.0,1008.65,
2006,11,6,8,6.93,89.33,173.0,260.9,108.0,331.83,3.1,343.0,1009.35,
2006,11,6,9,7.17,88.14,248.0,220.03,169.0,329.3,2.79,347.0,1010.04,
2006,11,6,10,7.39,85.79,329.0,304.03,198.0,329.15,2.76,332.0,1010.07,
2006,11,6,11,7.61,83.43,265.0,91.36,223.0,329.0,2.73,317.0,1010.1,
2006,11,6,12,7.82,81.08,187.0,15.78,180.0,328.85,2.7,302.0,1010.14,
2006,11,6,13,7.24,84.0,93.0,0.0,93.0,330.15,2.61,298.0,1010.14,
2006,11,6,14,6.67,86.92,23.0,0.0,23.0,331.45,2.51,293.0,1010.14,
2006,11,6,15,6.09,89.84,30.0,0.0,30.0,332.75,2.41,288.0,1010.14,
2006,11,6,16,6.27,90.38,0.0,0.0,0.0,326.98,2.71,287.0,1010.24,
2006,11,6,17,6.46,90.93,0.0,0.0,0.0,321.22,3.0,285.0,1010.34,
2006,11,6,18,6.65,91.47,0.0,0.0,0.0,315.45,3.3,283.0,1010.43,
2006,11,6,19,6.81,90.45,0.0,0.0,0.0,321.12,3.75,286.0,1010.53,
2006,11,6,20,6.97,89.44,0.0,0.0,0.0,326.78,4.2,288.0,1010.63,
2006,11,6,21,7.13,88.42,0.0,0.0,0.0,332.45,4.65,290.0,1010.73,
2006,11,6,22,7.1,87.73,0.0,0.0,0.0,326.53,4.63,291.0,1010.93,
2006,11,6,23,7.08,87.04,0.0,0.0,0.0,320.62,4.62,293.0,1011.13,
2006,11,7,0,7.05,86.35,0.0,0.0,0.0,314.7,4.61,295.0,1011.33,
2006,11,7,1,6.77,85.64,0.0,0.0,0.0,309.7,4.24,298.0,1011.52,
2006,11,7,2,6.48,84.93,0.0,0.0,0.0,304.7,3.87,301.0,1011.72,
2006,11,7,3,6.2,84.22,0.0,0.0,0.0,299.7,3.5,304.0,1011.92,
2006,11,7,4,5.9,85.91,0.0,0.0,0.0,296.35,3.23,300.0,1012.18,
2006,11,7,5,5.61,87.6,0.0,0.0,0.0,293.0,2.96,296.0,1012.45,
2006,11,7,6,5.32,89.29,0.0,0.0,0.0,289.65,2.69,292.0,1012.71,
2006,11,7,7,6.69,86.37,72.0,364.23,34.0,288.87,2.99,290.0,1013.17,
2006,11,7,8,8.07,83.45,216.0,609.05,67.0,288.08,3.29,288.0,1013.64,
2006,11,7,9,9.44,80.53,337.0,705.36,87.0,287.3,3.59,285.0,1014.1,
2006,11,7,10,10.03,78.12,425.0,788.34,89.0,289.52,3.65,283.0,1014.06,
2006,11,7,11,10.62,75.7,450.0,749.29,109.0,291.73,3.71,281.0,1014.03,
2006,11,7,12,11.2,73.29,180.0,13.66,174.0,293.95,3.77,279.0,1014.0,
2006,11,7,13,10.62,73.99,39.0,0.0,39.0,293.38,3.21,275.0,1013.9,
2006,11,7,14,10.05,74.68,55.0,0.0,55.0,292.82,2.65,271.0,1013.8,
2006,11,7,15,9.47,75.38,93.0,230.51,59.0,292.25,2.1,266.0,1013.7,
2006,11,7,16,8.34,79.08,0.0,0.0,0.0,289.7,1.98,259.0,1013.97,
2006,11,7,17,7.21,82.78,0.0,0.0,0.0,287.15,1.86,252.0,1014.23,
2006,11,7,18,6.09,86.48,0.0,0.0,0.0,284.6,1.74,245.0,1014.49,
2006,11,7,19,5.49,88.01,0.0,0.0,0.0,280.77,1.75,236.0,1014.72,
2006,11,7,20,4.89,89.54,0.0,0.0,0.0,276.93,1.77,228.0,1014.95,
2006,11,7,21,4.3,91.07,0.0,0.0,0.0,273.1,1.78,219.0,1015.19,
2006,11,7,22,4.05,91.76,0.0,0.0,0.0,270.8,1.71,211.0,1015.28,
2006,11,7,23,3.8,92.46,0.0,0.0,0.0,268.5,1.65,203.0,1015.38,
2006,11,8,0,3.55,93.15,0.0,0.0,0.0,266.2,1.59,195.0,1015.48,
2006,11,8,1,3.07,94.11,0.0,0.0,0.0,267.92,1.62,189.0,1015.35,
2006,11,8,2,2.59,95.08,0.0,0.0,0.0,269.63,1.65,184.0,1015.22,
2006,11,8,3,2.11,96.04,0.0,0.0,0.0,271.35,1.68,178.0,1015.09,
2006,11,8,4,2.18,96.09,0.0,0.0,0.0,273.27,1.78,175.0,1015.12,
2006,11,8,5,2.26,96.14,0.0,0.0,0.0,275.18,1.89,172.0,1015.15,
2006,11,8,6,2.33,96.19,0.0,0.0,0.0,277.1,1.99,169.0,1015.19,
2006,11,8,7,4.64,90.61,65.0,299.89,35.0,280.43,2.15,171.0,1015.38,
2006,11,8,8,6.95,85.04,172.0,291.45,102.0,283.77,2.31,174.0,1015.58,
2006,11,8,9,9.26,79.46,328.0,674.55,92.0,287.1,2.47,176.0,1015.78,
2006,11,8,10,10.62,74.81,411.0,728.18,104.0,287.23,2.45,181.0,1015.45,
2006,11,8,11,11.97,70.16,442.0,732.5,112.0,287.37,2.43,185.0,1015.12,
2006,11,8,12,13.32,65.51,440.0,823.7,82.0,287.5,2.41,190.0,1014.79,
2006,11,8,13,11.94,69.24,341.0,594.63,118.0,285.18,2.25,182.0,1014.53,
2006,11,8,14,10.56,72.96,253.0,670.86,68.0,282.87,2.08,175.0,1014.26,
2006,11,8,15,9.18,76.69,93.0,250.66,57.0,280.55,1.92,168.0,1014.0,
2006,11,8,16,8.32,79.53,0.0,0.0,0.0,280.78,1.99,176.0,1014.03,
2006,11,8,17,7.47,82.36,0.0,0.0,0.0,281.02,2.06,183.0,1014.06,
2006,11,8,18,6.62,85.2,0.0,0.0,0.0,281.25,2.12,191.0,1014.1,
2006,11,8,19,6.4,85.96,0.0,0.0,0.0,281.95,2.11,198.0,1013.93,
2006,11,8,20,6.19,86.72,0.0,0.0,0.0,282.65,2.09,206.0,1013.77,
2006,11,8,21,5.98,87.48,0.0,0.0,0.0,283.35,2.07,213.0,1013.6,
2006,11,8,22,5.83,88.96,0.0,0.0,0.0,282.87,1.98,220.0,1013.5,
2006,11,8,23,5.68,90.43,0.0,0.0,0.0,282.38,1.89,227.0,1013.4,
2006,11,9,0,5.52,91.91,0.0,0.0,0.0,281.9,1.81,235.0,1013.31,
2006,11,9,1,5.17,92.27,0.0,0.0,0.0,280.57,1.78,229.0,1013.4,
2006,11,9,2,4.82,92.62,0.0,0.0,0.0,279.23,1.76,223.0,1013.5,
2006,11,9,3,4.47,92.98,0.0,0.0,0.0,277.9,1.74,218.0,1013.6,
2006,11,9,4,4.55,93.33,0.0,0.0,0.0,276.47,1.85,216.0,1013.31,
2006,11,9,5,4.64,93.67,0.0,0.0,0.0,275.03,1.96,214.0,1013.01,
2006,11,9,6,4.73,94.02,0.0,0.0,0.0,273.6,2.07,212.0,1012.71,
2006,11,9,7,6.89,89.77,59.0,261.03,34.0,276.95,2.47,217.0,1012.61,
2006,11,9,8,9.05,85.51,107.0,42.42,97.0,280.3,2.87,222.0,1012.51,
2006,11,9,9,11.21,81.26,331.0,723.94,81.0,283.65,3.27,227.0,1012.41,
2006,11,9,10,12.16,79.16,94.0,0.0,94.0,288.4,3.56,231.0,1011.69,
2006,11,9,11,13.11,77.05,148.0,2.24,147.0,293.15,3.85,234.0,1010.96,
2006,11,9,12,14.05,74.95,162.0,6.97,159.0,297.9,4.14,238.0,1010.24,
2006,11,9,13,13.45,75.72,78.0,0.0,78.0,299.47,3.9,240.0,1009.64,
2006,11,9,14,12.86,76.48,61.0,0.0,61.0,301.03,3.66,243.0,1009.05,
2006,11,9,15,12.26,77.25,24.0,0.0,24.0,302.6,3.42,245.0,1008.45,
2006,11,9,16,11.81,81.26,0.0,0.0,0.0,311.6,3.75,257.0,1008.69,
2006,11,9,17,11.37,85.26,0.0,0.0,0.0,320.6,4.07,270.0,1008.92,
2006,11,9,18,10.93,89.27,0.0,0.0,0.0,329.6,4.4,282.0,1009.15,
2006,11,9,19,10.51,90.53,0.0,0.0,0.0,333.33,4.71,287.0,1009.44,
2006,11,9,20,10.09,91.78,0.0,0.0,0.0,337.07,5.03,292.0,1009.74,
2006,11,9,21,9.68,93.04,0.0,0.0,0.0,340.8,5.34,297.0,1010.04,
2006,11,9,22,8.9,91.88,0.0,0.0,0.0,329.22,5.49,301.0,1010.57,
2006,11,9,23,8.12,90.72,0.0,0.0,0.0,317.63,5.65,305.0,1011.09,
2006,11,10,0,7.34,89.56,0.0,0.0,0.0,306.05,5.81,309.0,1011.62,
2006,11,10,1,6.87,85.5,0.0,0.0,0.0,295.12,5.34,310.0,1012.08,
2006,11,10,2,6.4,81.43,0.0,0.0,0.0,284.18,4.87,311.0,1012.55,
2006,11,10,3,5.94,77.37,0.0,0.0,0.0,273.25,4.4,312.0,1013.01,
2006,11,10,4,5.55,77.68,0.0,0.0,0.0,271.37,4.19,310.0,1013.54,
2006,11,10,5,5.17,78.0,0.0,0.0,0.0,269.48,3.99,309.0,1014.06,
2006,11,10,6,4.78,78.31,0.0,0.0,0.0,267.6,3.78,307.0,1014.59,
2006,11,10,7,5.79,74.9,60.0,327.72,30.0,267.8,4.25,311.0,1015.09,
2006,11,10,8,6.8,71.5,201.0,583.5,66.0,268.0,4.72,315.0,1015.58,
2006,11,10,9,7.81,68.09,324.0,707.07,83.0,268.2,5.19,320.0,1016.08,
2006,11,10,10,8.05,67.18,342.0,416.94,170.0,273.02,5.17,325.0,1016.21,
2006,11,10,11,8.29,66.26,403.0,570.75,151.0,277.83,5.15,330.0,1016.34,
2006,11,10,12,8.52,65.35,377.0,516.61,157.0,282.65,5.13,335.0,1016.47,
2006,11,10,13,8.16,63.75,134.0,5.46,132.0,280.08,4.59,341.0,1017.03,
2006,11,10,14,7.81,62.15,247.0,687.12,63.0,277.52,4.06,347.0,1017.59,
2006,11,10,15,7.45,60.55,88.0,257.07,53.0,274.95,3.52,353.0,1018.16,
2006,11,10,16,6.51,63.0,0.0,0.0,0.0,269.68,3.09,350.0,1018.65,
2006,11,10,17,5.57,65.45,0.0,0.0,0.0,264.42,2.65,348.0,1019.15,
2006,11,10,18,4.63,67.9,0.0,0.0,0.0,259.15,2.22,346.0,1019.64,
2006,11,10,19,3.84,70.91,0.0,0.0,0.0,252.6,2.52,340.0,1020.17,
2006,11,10,20,3.05,73.92,0.0,0.0,0.0,246.05,2.82,335.0,1020.7,
2006,11,10,21,2.26,76.93,0.0,0.0,0.0,239.5,3.12,330.0,1021.22,
2006,11,10,22,1.79,79.31,0.0,0.0,0.0,237.37,3.0,318.0,1021.19,
2006,11,10,23,1.33,81.68,0.0,0.0,0.0,235.23,2.89,306.0,1021.16,
2006,11,11,0,0.86,84.06,0.0,0.0,0.0,233.1,2.77,295.0,1021.12,
2006,11,11,1,0.31,85.84,0.0,0.0,0.0,231.52,2.69,287.0,1020.86,
2006,11,11,2,-0.24,87.63,0.0,0.0,0.0,229.93,2.62,280.0,1020.6,
2006,11,11,3,-0.79,89.41,0.0,0.0,0.0,228.35,2.54,272.0,1020.33,
2006,11,11,4,-1.06,90.37,0.0,0.0,0.0,227.2,2.26,258.0,1020.0,
2006,11,11,5,-1.32,91.34,0.0,0.0,0.0,226.05,1.98,244.0,1019.67,
2006,11,11,6,-1.59,92.3,0.0,0.0,0.0,224.9,1.7,230.0,1019.34,
2006,11,11,7,0.34,87.19,37.0,68.7,31.0,232.12,1.9,223.0,1019.15,
2006,11,11,8,2.27,82.08,180.0,431.7,82.0,239.33,2.1,215.0,1018.95,
2006,11,11,9,4.19,76.97,296.0,546.96,112.0,246.55,2.3,207.0,1018.75,
2006,11,11,10,5.21,72.18,393.0,705.76,105.0,250.47,2.69,207.0,1017.83,
2006,11,11,11,6.22,67.38,391.0,535.32,157.0,254.38,3.09,207.0,1016.9,
2006,11,11,12,7.23,62.59,414.0,742.44,101.0,258.3,3.48,208.0,1015.98,
2006,11,11,13,6.49,63.54,217.0,121.38,173.0,257.62,3.36,200.0,1014.86,
2006,11,11,14,5.76,64.49,154.0,125.03,121.0,256.93,3.24,192.0,1013.73,
2006,11,11,15,5.02,65.44,24.0,0.0,24.0,256.25,3.12,184.0,1012.61,
2006,11,11,16,4.82,65.46,0.0,0.0,0.0,261.72,3.23,184.0,1011.92,
2006,11,11,17,4.62,65.47,0.0,0.0,0.0,267.18,3.35,185.0,1011.23,
2006,11,11,18,4.42,65.49,0.0,0.0,0.0,272.65,3.46,185.0,1010.53,
2006,11,11,19,4.61,63.3,0.0,0.0,0.0,279.9,3.55,186.0,1009.71,
2006,11,11,20,4.8,61.12,0.0,0.0,0.0,287.15,3.64,187.0,1008.88,
2006,11,11,21,5.0,58.93,0.0,0.0,0.0,294.4,3.72,187.0,1008.06,
2006,11,11,22,5.42,56.4,0.0,0.0,0.0,298.67,3.75,192.0,1007.3,
2006,11,11,23,5.84,53.88,0.0,0.0,0.0,302.93,3.78,196.0,1006.54,
2006,11,12,0,6.25,51.35,0.0,0.0,0.0,307.2,3.81,201.0,1005.78,
2006,11,12,1,5.82,56.82,0.0,0.0,0.0,309.03,3.37,204.0,1005.02,
2006,11,12,2,5.38,62.28,0.0,0.0,0.0,310.87,2.93,207.0,1004.26,
2006,11,12,3,4.95,67.75,0.0,0.0,0.0,312.7,2.5,210.0,1003.51,
2006,11,12,4,5.02,69.96,0.0,0.0,0.0,313.25,2.63,210.0,1002.75,
2006,11,12,5,5.09,72.16,0.0,0.0,0.0,313.8,2.75,210.0,1001.99,
2006,11,12,6,5.16,74.37,0.0,0.0,0.0,314.35,2.88,210.0,1001.23,
2006,11,12,7,5.61,76.81,11.0,0.0,11.0,315.55,3.26,216.0,1000.97,
2006,11,12,8,6.07,79.26,19.0,0.0,19.0,316.75,3.64,222.0,1000.7,
2006,11,12,9,6.52,81.7,56.0,0.0,56.0,317.95,4.01,228.0,1000.44,
2006,11,12,10,6.64,85.53,123.0,0.0,123.0,317.88,4.29,233.0,999.78,
2006,11,12,11,6.76,89.36,99.0,0.0,99.0,317.82,4.56,238.0,999.12,
2006,11,12,12,6.87,93.19,148.0,4.79,146.0,317.75,4.83,243.0,998.46,
2006,11,12,13,6.76,93.88,67.0,0.0,67.0,321.08,4.35,239.0,998.46,
2006,11,12,14,6.64,94.56,67.0,0.0,67.0,324.42,3.88,234.0,998.46,
2006,11,12,15,6.53,95.25,43.0,15.5,41.0,327.75,3.41,230.0,998.46,
2006,11,12,16,6.18,95.72,0.0,0.0,0.0,322.27,3.43,241.0,998.52,
2006,11,12,17,5.83,96.19,0.0,0.0,0.0,316.78,3.46,253.0,998.59,
2006,11,12,18,5.49,96.66,0.0,0.0,0.0,311.3,3.49,264.0,998.66,
2006,11,12,19,5.13,96.05,0.0,0.0,0.0,307.72,3.63,269.0,998.62,
2006,11,12,20,4.77,95.44,0.0,0.0,0.0,304.13,3.77,274.0,998.59,
2006,11,12,21,4.41,94.83,0.0,0.0,0.0,300.55,3.9,280.0,998.56,
2006,11,12,22,4.21,94.12,0.0,0.0,0.0,298.72,3.78,281.0,998.59,
2006,11,12,23,4.01,93.4,0.0,0.0,0.0,296.88,3.66,282.0,998.62,
2006,11,13,0,3.8,92.69,0.0,0.0,0.0,295.05,3.54,283.0,998.66,
2006,11,13,1,3.56,91.71,0.0,0.0,0.0,287.47,3.49,285.0,999.08,
2006,11,13,2,3.32,90.72,0.0,0.0,0.0,279.88,3.43,287.0,999.51,
2006,11,13,3,3.08,89.74,0.0,0.0,0.0,272.3,3.38,288.0,999.94,
2006,11,13,4,3.0,89.95,0.0,0.0,0.0,275.25,3.51,289.0,1000.11,
2006,11,13,5,2.92,90.15,0.0,0.0,0.0,278.2,3.64,290.0,1000.27,
2006,11,13,6,2.84,90.36,0.0,0.0,0.0,281.15,3.77,291.0,1000.44,
2006,11,13,7,3.75,87.05,52.0,354.24,24.0,278.63,4.3,295.0,1000.93,
2006,11,13,8,4.66,83.75,190.0,599.76,59.0,276.12,4.83,299.0,1001.43,
2006,11,13,9,5.57,80.44,311.0,711.09,78.0,273.6,5.37,303.0,1001.92,
2006,11,13,10,6.0,75.04,396.0,783.82,83.0,279.18,5.29,305.0,1001.95,
2006,11,13,11,6.43,69.64,356.0,413.05,179.0,284.77,5.22,307.0,1001.99,
2006,11,13,12,6.86,64.24,368.0,534.77,147.0,290.35,5.14,309.0,1002.02,
2006,11,13,13,6.81,62.83,243.0,211.51,168.0,289.5,4.61,304.0,1002.61,
2006,11,13,14,6.75,61.41,159.0,163.75,117.0,288.65,4.08,298.0,1003.21,
2006,11,13,15,6.7,60.0,80.0,246.68,49.0,287.8,3.54,293.0,1003.8,
2006,11,13,16,6.15,62.1,0.0,0.0,0.0,286.4,3.27,280.0,1003.97,
2006,11,13,17,5.6,64.2,0.0,0.0,0.0,285.0,2.99,267.0,1004.13,
2006,11,13,18,5.05,66.3,0.0,0.0,0.0,283.6,2.72,253.0,1004.3,
2006,11,13,19,4.98,67.09,0.0,0.0,0.0,282.58,2.93,241.0,1004.17,
2006,11,13,20,4.91,67.89,0.0,0.0,0.0,281.57,3.15,229.0,1004.03,
2006,11,13,21,4.85,68.68,0.0,0.0,0.0,280.55,3.37,216.0,1003.9,
2006,11,13,22,5.22,69.48,0.0,0.0,0.0,287.55,3.72,215.0,1003.54,
2006,11,13,23,5.59,70.27,0.0,0.0,0.0,294.55,4.07,214.0,1003.18,
2006,11,14,0,5.95,71.07,0.0,0.0,0.0,301.55,4.43,212.0,1002.81,
2006,11,14,1,6.36,72.33,0.0,0.0,0.0,311.4,4.71,223.0,1002.38,
2006,11,14,2,6.76,73.58,0.0,0.0,0.0,321.25,5.0,234.0,1001.95,
2006,11,14,3,7.17,74.84,0.0,0.0,0.0,331.1,5.28,246.0,1001.53,
2006,11,14,4,7.55,75.66,0.0,0.0,0.0,331.98,4.96,253.0,1001.76,
2006,11,14,5,7.93,76.49,0.0,0.0,0.0,332.87,4.64,260.0,1001.99,
2006,11,14,6,8.31,77.31,0.0,0.0,0.0,333.75,4.32,267.0,1002.22,
2006,11,14,7,9.31,75.36,25.0,26.69,23.0,329.62,4.46,269.0,1002.81,
2006,11,14,8,10.31,73.42,97.0,46.69,87.0,325.48,4.59,272.0,1003.41,
2006,11,14,9,11.3,71.47,109.0,3.09,108.0,321.35,4.73,274.0,1004.0,
2006,11,14,10,11.96,69.68,120.0,0.0,120.0,323.3,4.64,275.0,1004.07,
2006,11,14,11,12.62,67.9,123.0,0.0,123.0,325.25,4.56,276.0,1004.13,
2006,11,14,12,13.28,66.11,84.0,0.0,84.0,327.2,4.47,277.0,1004.2,
2006,11,14,13,12.63,68.41,156.0,28.51,146.0,324.8,3.95,271.0,1004.53,
2006,11,14,14,11.99,70.72,132.0,79.08,112.0,322.4,3.44,265.0,1004.86,
2006,11,14,15,11.34,73.02,93.0,482.12,34.0,320.0,2.92,259.0,1005.19,
2006,11,14,16,10.8,74.69,0.0,0.0,0.0,316.82,2.75,258.0,1005.82,
2006,11,14,17,10.26,76.36,0.0,0.0,0.0,313.63,2.58,257.0,1006.44,
2006,11,14,18,9.73,78.03,0.0,0.0,0.0,310.45,2.41,256.0,1007.07,
2006,11,14,19,9.29,79.87,0.0,0.0,0.0,307.47,2.4,254.0,1007.47,
2006,11,14,20,8.85,81.71,0.0,0.0,0.0,304.48,2.39,253.0,1007.86,
2006,11,14,21,8.42,83.55,0.0,0.0,0.0,301.5,2.37,251.0,1008.26,
2006,11,14,22,8.16,84.99,0.0,0.0,0.0,298.1,2.37,251.0,1008.69,
2006,11,14,23,7.9,86.43,0.0,0.0,0.0,294.7,2.36,251.0,1009.11,
2006,11,15,0,7.63,87.87,0.0,0.0,0.0,291.3,2.36,251.0,1009.54,
2006,11,15,1,7.63,88.14,0.0,0.0,0.0,293.28,2.26,245.0,1009.77,
2006,11,15,2,7.63,88.41,0.0,0.0,0.0,295.27,2.16,238.0,1010.01,
2006,11,15,3,7.63,88.68,0.0,0.0,0.0,297.25,2.06,232.0,1010.24,
2006,11,15,4,7.27,90.29,0.0,0.0,0.0,295.77,1.96,225.0,1010.47,
2006,11,15,5,6.91,91.91,0.0,0.0,0.0,294.28,1.86,217.0,1010.7,
2006,11,15,6,6.55,93.52,0.0,0.0,0.0,292.8,1.77,209.0,1010.93,
2006,11,15,7,8.24,88.55,37.0,169.26,25.0,291.68,2.04,209.0,1011.16,
2006,11,15,8,9.93,83.59,174.0,519.01,65.0,290.57,2.31,208.0,1011.39,
2006,11,15,9,11.62,78.62,296.0,664.29,84.0,289.45,2.58,207.0,1011.62,
2006,11,15,10,12.55,75.32,376.0,708.75,99.0,291.65,2.69,210.0,1011.36,
2006,11,15,11,13.48,72.02,321.0,302.23,194.0,293.85,2.81,212.0,1011.09,
2006,11,15,12,14.4,68.72,378.0,626.75,124.0,296.05,2.92,214.0,1010.83,
2006,11,15,13,13.41,70.18,219.0,152.73,166.0,294.67,2.63,208.0,1010.86,
2006,11,15,14,12.42,71.64,120.0,52.12,107.0,293.28,2.34,201.0,1010.9,
2006,11,15,15,11.43,73.1,18.0,0.0,18.0,291.9,2.06,195.0,1010.93,
2006,11,15,16,10.65,75.39,0.0,0.0,0.0,290.88,2.05,195.0,1011.19,
2006,11,15,17,9.88,77.68,0.0,0.0,0.0,289.87,2.04,195.0,1011.46,
2006,11,15,18,9.11,79.97,0.0,0.0,0.0,288.85,2.03,195.0,1011.72,
2006,11,15,19,8.68,81.06,0.0,0.0,0.0,288.13,2.0,194.0,1011.85,
2006,11,15,20,8.26,82.16,0.0,0.0,0.0,287.42,1.96,193.0,1011.99,
2006,11,15,21,7.84,83.25,0.0,0.0,0.0,286.7,1.93,192.0,1012.12,
2006,11,15,22,7.64,84.27,0.0,0.0,0.0,285.67,1.99,190.0,1012.15,
2006,11,15,23,7.44,85.3,0.0,0.0,0.0,284.63,2.04,189.0,1012.18,
2006,11,16,0,7.24,86.32,0.0,0.0,0.0,283.6,2.1,187.0,1012.22,
2006,11,16,1,7.5,87.11,0.0,0.0,0.0,285.42,2.22,190.0,1011.82,
2006,11,16,2,7.76,87.89,0.0,0.0,0.0,287.23,2.34,192.0,1011.42,
2006,11,16,3,8.03,88.68,0.0,0.0,0.0,289.05,2.47,194.0,1011.03,
2006,11,16,4,7.92,89.84,0.0,0.0,0.0,287.48,2.4,194.0,1011.03,
2006,11,16,5,7.81,91.0,0.0,0.0,0.0,285.92,2.33,195.0,1011.03,
2006,11,16,6,7.7,92.16,0.0,0.0,0.0,284.35,2.26,195.0,1011.03,
2006,11,16,7,9.44,86.44,25.0,44.85,22.0,285.95,2.44,196.0,1011.19,
2006,11,16,8,11.18,80.73,74.0,9.71,72.0,287.55,2.62,198.0,1011.36,
2006,11,16,9,12.91,75.01,158.0,57.15,140.0,289.15,2.8,199.0,1011.52,
2006,11,16,10,13.87,71.05,178.0,31.03,166.0,292.02,2.88,201.0,1011.16,
2006,11,16,11,14.83,67.09,136.0,2.4,135.0,294.88,2.96,203.0,1010.8,
2006,11,16,12,15.78,63.13,248.0,129.55,196.0,297.75,3.03,206.0,1010.43,
2006,11,16,13,14.49,64.79,166.0,43.68,151.0,295.68,2.81,197.0,1010.07,
2006,11,16,14,13.19,66.45,101.0,24.38,95.0,293.62,2.58,188.0,1009.71,
2006,11,16,15,11.9,68.11,69.0,206.73,45.0,291.55,2.36,179.0,1009.35,
2006,11,16,16,11.09,70.22,0.0,0.0,0.0,289.88,2.28,181.0,1009.54,
2006,11,16,17,10.28,72.33,0.0,0.0,0.0,288.22,2.19,182.0,1009.74,
2006,11,16,18,9.47,74.44,0.0,0.0,0.0,286.55,2.11,183.0,1009.94,
2006,11,16,19,9.16,74.92,0.0,0.0,0.0,286.43,2.14,185.0,1010.01,
2006,11,16,20,8.85,75.39,0.0,0.0,0.0,286.32,2.17,186.0,1010.07,
2006,11,16,21,8.55,75.87,0.0,0.0,0.0,286.2,2.21,188.0,1010.14,
2006,11,16,22,8.5,76.59,0.0,0.0,0.0,285.87,2.23,187.0,1010.14,
2006,11,16,23,8.45,77.31,0.0,0.0,0.0,285.53,2.24,187.0,1010.14,
2006,11,17,0,8.4,78.03,0.0,0.0,0.0,285.2,2.26,186.0,1010.14,
2006,11,17,1,8.88,75.81,0.0,0.0,0.0,287.8,2.32,187.0,1009.87,
2006,11,17,2,9.35,73.6,0.0,0.0,0.0,290.4,2.38,189.0,1009.61,
2006,11,17,3,9.83,71.38,0.0,0.0,0.0,293.0,2.44,190.0,1009.35,
2006,11,17,4,9.69,72.42,0.0,0.0,0.0,292.07,2.48,188.0,1009.35,
2006,11,17,5,9.55,73.45,0.0,0.0,0.0,291.13,2.52,187.0,1009.35,
2006,11,17,6,9.41,74.49,0.0,0.0,0.0,290.2,2.57,186.0,1009.35,
2006,11,17,7,10.9,70.76,15.0,0.0,15.0,295.92,2.88,187.0,1009.48,
2006,11,17,8,12.4,67.02,54.0,0.0,54.0,301.63,3.19,189.0,1009.61,
2006,11,17,9,13.89,63.29,94.0,0.0,94.0,307.35,3.5,190.0,1009.74,
2006,11,17,10,14.6,61.26,165.0,20.91,157.0,312.63,3.35,192.0,1009.48,
2006,11,17,11,15.31,59.23,66.0,0.0,66.0,317.92,3.19,194.0,1009.21,
2006,11,17,12,16.02,57.2,121.0,0.0,121.0,323.2,3.03,196.0,1008.95,
2006,11,17,13,15.21,57.88,119.0,5.89,117.0,313.6,2.8,193.0,1008.85,
2006,11,17,14,14.4,58.56,99.0,20.59,94.0,304.0,2.56,189.0,1008.75,
2006,11,17,15,13.59,59.24,28.0,0.0,28.0,294.4,2.32,186.0,1008.65,
2006,11,17,16,12.83,60.93,0.0,0.0,0.0,293.45,2.37,185.0,1008.92,
2006,11,17,17,12.07,62.63,0.0,0.0,0.0,292.5,2.42,184.0,1009.18,
2006,11,17,18,11.31,64.32,0.0,0.0,0.0,291.55,2.47,183.0,1009.44,
2006,11,17,19,10.92,65.17,0.0,0.0,0.0,291.55,2.51,182.0,1009.61,
2006,11,17,20,10.54,66.01,0.0,0.0,0.0,291.55,2.54,181.0,1009.77,
2006,11,17,21,10.16,66.86,0.0,0.0,0.0,291.55,2.58,180.0,1009.94,
2006,11,17,22,10.04,67.46,0.0,0.0,0.0,291.4,2.6,178.0,1010.01,
2006,11,17,23,9.92,68.06,0.0,0.0,0.0,291.25,2.62,177.0,1010.07,
2006,11,18,0,9.79,68.66,0.0,0.0,0.0,291.1,2.63,175.0,1010.14,
2006,11,18,1,9.87,69.62,0.0,0.0,0.0,291.33,2.64,175.0,1010.14,
2006,11,18,2,9.95,70.58,0.0,0.0,0.0,291.57,2.64,175.0,1010.14,
2006,11,18,3,10.03,71.54,0.0,0.0,0.0,291.8,2.65,175.0,1010.14,
2006,11,18,4,9.71,73.28,0.0,0.0,0.0,290.4,2.66,174.0,1010.34,
2006,11,18,5,9.4,75.01,0.0,0.0,0.0,289.0,2.67,172.0,1010.53,
2006,11,18,6,9.08,76.75,0.0,0.0,0.0,287.6,2.68,171.0,1010.73,
2006,11,18,7,10.56,73.16,25.0,101.7,19.0,288.42,2.92,172.0,1011.09,
2006,11,18,8,12.04,69.57,158.0,465.17,66.0,289.23,3.17,173.0,1011.46,
2006,11,18,9,13.52,65.98,277.0,606.29,91.0,290.05,3.42,174.0,1011.82,
2006,11,18,10,14.47,62.95,363.0,699.96,98.0,292.58,3.31,177.0,1011.69,
2006,11,18,11,15.41,59.92,403.0,764.13,91.0,295.12,3.2,180.0,1011.56,
2006,11,18,12,16.35,56.89,384.0,738.76,93.0,297.65,3.09,183.0,1011.42,
2006,11,18,13,15.33,57.77,314.0,665.95,90.0,296.4,2.82,182.0,1011.49,
2006,11,18,14,14.31,58.64,202.0,521.69,77.0,295.15,2.55,181.0,1011.56,
2006,11,18,15,13.29,59.52,75.0,344.74,37.0,293.9,2.28,180.0,1011.62,
2006,11,18,16,12.55,61.83,0.0,0.0,0.0,294.37,2.35,176.0,1011.99,
2006,11,18,17,11.82,64.15,0.0,0.0,0.0,294.83,2.42,174.0,1012.35,
2006,11,18,18,11.09,66.46,0.0,0.0,0.0,295.3,2.5,170.0,1012.71,
2006,11,18,19,10.79,67.56,0.0,0.0,0.0,296.33,2.59,171.0,1012.98,
2006,11,18,20,10.49,68.67,0.0,0.0,0.0,297.37,2.69,171.0,1013.24,
2006,11,18,21,10.19,69.77,0.0,0.0,0.0,298.4,2.79,171.0,1013.5,
2006,11,18,22,10.05,70.88,0.0,0.0,0.0,298.78,2.8,171.0,1013.67,
2006,11,18,23,9.91,72.0,0.0,0.0,0.0,299.17,2.82,170.0,1013.83,
2006,11,19,0,9.77,73.11,0.0,0.0,0.0,299.55,2.84,169.0,1014.0,
2006,11,19,1,9.82,73.27,0.0,0.0,0.0,301.92,2.8,168.0,1013.93,
2006,11,19,2,9.87,73.44,0.0,0.0,0.0,304.28,2.76,167.0,1013.87,
2006,11,19,3,9.93,73.6,0.0,0.0,0.0,306.65,2.72,166.0,1013.8,
2006,11,19,4,9.77,74.56,0.0,0.0,0.0,309.23,2.77,164.0,1013.8,
2006,11,19,5,9.62,75.51,0.0,0.0,0.0,311.82,2.82,162.0,1013.8,
2006,11,19,6,9.46,76.47,0.0,0.0,0.0,314.4,2.87,161.0,1013.8,
2006,11,19,7,10.25,75.02,5.0,0.0,5.0,316.3,2.96,162.0,1014.03,
2006,11,19,8,11.04,73.58,50.0,0.0,50.0,318.2,3.05,163.0,1014.26,
2006,11,19,9,11.82,72.13,172.0,102.38,141.0,320.1,3.14,164.0,1014.49,
2006,11,19,10,12.48,69.88,189.0,50.71,170.0,320.45,2.99,166.0,1014.2,
2006,11,19,11,13.14,67.62,203.0,46.97,184.0,320.8,2.84,167.0,1013.9,
2006,11,19,12,13.8,65.37,227.0,102.49,187.0,321.15,2.69,169.0,1013.6,
2006,11,19,13,12.98,68.75,252.0,315.31,147.0,314.82,2.3,164.0,1013.37,
2006,11,19,14,12.16,72.14,35.0,0.0,35.0,308.48,1.91,159.0,1013.14,
2006,11,19,15,11.34,75.52,56.0,130.29,42.0,302.15,1.52,154.0,1012.91,
2006,11,19,16,10.52,79.12,0.0,0.0,0.0,298.47,1.75,155.0,1012.88,
2006,11,19,17,9.7,82.73,0.0,0.0,0.0,294.78,1.98,156.0,1012.84,
2006,11,19,18,8.89,86.33,0.0,0.0,0.0,291.1,2.21,157.0,1012.81,
2006,11,19,19,8.46,87.81,0.0,0.0,0.0,287.67,2.35,158.0,1012.74,
2006,11,19,20,8.03,89.3,0.0,0.0,0.0,284.23,2.49,159.0,1012.68,
2006,11,19,21,7.6,90.78,0.0,0.0,0.0,280.8,2.63,161.0,1012.61,
2006,11,19,22,7.35,91.72,0.0,0.0,0.0,279.97,2.64,161.0,1012.32,
2006,11,19,23,7.1,92.67,0.0,0.0,0.0,279.13,2.64,160.0,1012.02,
2006,11,20,0,6.85,93.61,0.0,0.0,0.0,278.3,2.65,160.0,1011.72,
2006,11,20,1,6.81,93.1,0.0,0.0,0.0,282.2,2.59,161.0,1011.39,
2006,11,20,2,6.77,92.59,0.0,0.0,0.0,286.1,2.54,162.0,1011.06,
2006,11,20,3,6.74,92.08,0.0,0.0,0.0,290.0,2.48,163.0,1010.73,
2006,11,20,4,6.56,92.53,0.0,0.0,0.0,289.17,2.54,161.0,1010.6,
2006,11,20,5,6.39,92.97,0.0,0.0,0.0,288.33,2.59,159.0,1010.47,
2006,11,20,6,6.22,93.42,0.0,0.0,0.0,287.5,2.65,157.0,1010.34,
2006,11,20,7,7.49,88.58,18.0,38.98,16.0,290.15,2.7,159.0,1010.3,
2006,11,20,8,8.77,83.73,113.0,157.98,83.0,292.8,2.76,161.0,1010.27,
2006,11,20,9,10.04,78.89,256.0,511.94,103.0,295.45,2.81,163.0,1010.24,
2006,11,20,10,10.92,75.77,316.0,469.26,142.0,297.0,2.65,167.0,1009.77,
2006,11,20,11,11.79,72.66,295.0,266.98,188.0,298.55,2.49,171.0,1009.31,
2006,11,20,12,12.66,69.54,242.0,137.03,189.0,300.1,2.33,176.0,1008.85,
2006,11,20,13,11.67,73.43,271.0,427.61,130.0,296.63,2.16,167.0,1008.72,
2006,11,20,14,10.67,77.32,95.0,21.41,90.0,293.17,1.99,159.0,1008.59,
2006,11,20,15,9.68,81.21,20.0,0.0,20.0,289.7,1.82,151.0,1008.45,
2006,11,20,16,8.94,84.32,0.0,0.0,0.0,287.68,1.86,152.0,1008.29,
2006,11,20,17,8.2,87.42,0.0,0.0,0.0,285.67,1.9,153.0,1008.12,
2006,11,20,18,7.47,90.53,0.0,0.0,0.0,283.65,1.94,154.0,1007.96,
2006,11,20,19,7.22,91.24,0.0,0.0,0.0,285.43,2.06,155.0,1007.7,
2006,11,20,20,6.98,91.96,0.0,0.0,0.0,287.22,2.17,155.0,1007.43,
2006,11,20,21,6.74,92.67,0.0,0.0,0.0,289.0,2.28,156.0,1007.17,
2006,11,20,22,6.75,92.55,0.0,0.0,0.0,292.5,2.39,154.0,1006.84,
2006,11,20,23,6.76,92.42,0.0,0.0,0.0,296.0,2.51,151.0,1006.51,
2006,11,21,0,6.76,92.3,0.0,0.0,0.0,299.5,2.62,149.0,1006.18,
2006,11,21,1,7.11,89.93,0.0,0.0,0.0,305.37,2.66,152.0,1005.75,
2006,11,21,2,7.46,87.55,0.0,0.0,0.0,311.23,2.69,154.0,1005.32,
2006,11,21,3,7.81,85.18,0.0,0.0,0.0,317.1,2.73,156.0,1004.89,
2006,11,21,4,7.79,85.4,0.0,0.0,0.0,318.4,2.84,156.0,1004.43,
2006,11,21,5,7.78,85.61,0.0,0.0,0.0,319.7,2.95,155.0,1003.97,
2006,11,21,6,7.76,85.83,0.0,0.0,0.0,321.0,3.06,155.0,1003.51,
2006,11,21,7,8.46,85.78,6.0,0.0,6.0,317.4,3.27,157.0,1003.21,
2006,11,21,8,9.17,85.74,94.0,80.63,79.0,313.8,3.48,159.0,1002.91,
2006,11,21,9,9.87,85.69,177.0,132.2,138.0,310.2,3.68,161.0,1002.61,
2006,11,21,10,10.56,83.03,136.0,8.17,133.0,308.23,3.67,163.0,1001.82,
2006,11,21,11,11.24,80.37,211.0,65.47,185.0,306.27,3.66,165.0,1001.03,
2006,11,21,12,11.92,77.71,79.0,0.0,79.0,304.3,3.66,166.0,1000.24,
2006,11,21,13,11.18,80.04,51.0,0.0,51.0,308.12,3.4,166.0,999.84,
2006,11,21,14,10.45,82.36,204.0,619.86,61.0,311.93,3.15,166.0,999.45,
2006,11,21,15,9.71,84.69,23.0,0.0,23.0,315.75,2.9,166.0,999.05,
2006,11,21,16,9.59,84.6,0.0,0.0,0.0,318.05,3.2,167.0,998.66,
2006,11,21,17,9.47,84.5,0.0,0.0,0.0,320.35,3.49,167.0,998.26,
2006,11,21,18,9.35,84.41,0.0,0.0,0.0,322.65,3.79,167.0,997.86,
2006,11,21,19,9.3,84.39,0.0,0.0,0.0,322.83,3.93,168.0,997.53,
2006,11,21,20,9.26,84.36,0.0,0.0,0.0,323.02,4.07,168.0,997.2,
2006,11,21,21,9.22,84.34,0.0,0.0,0.0,323.2,4.21,169.0,996.87,
2006,11,21,22,9.14,85.65,0.0,0.0,0.0,318.93,4.23,169.0,996.38,
2006,11,21,23,9.07,86.95,0.0,0.0,0.0,314.67,4.24,169.0,995.88,
2006,11,22,0,8.99,88.26,0.0,0.0,0.0,310.4,4.26,168.0,995.39,
2006,11,22,1,8.87,89.3,0.0,0.0,0.0,309.95,4.19,166.0,994.76,
2006,11,22,2,8.75,90.34,0.0,0.0,0.0,309.5,4.12,163.0,994.14,
2006,11,22,3,8.64,91.38,0.0,0.0,0.0,309.05,4.06,161.0,993.51,
2006,11,22,4,8.53,90.96,0.0,0.0,0.0,307.37,4.13,157.0,993.05,
2006,11,22,5,8.42,90.53,0.0,0.0,0.0,305.68,4.21,154.0,992.58,
2006,11,22,6,8.31,90.11,0.0,0.0,0.0,304.0,4.29,150.0,992.12,
2006,11,22,7,8.94,88.44,12.0,22.81,11.0,304.77,4.51,150.0,991.99,
2006,11,22,8,9.57,86.76,101.0,120.71,79.0,305.53,4.73,150.0,991.86,
2006,11,22,9,10.2,85.09,223.0,343.38,123.0,306.3,4.95,149.0,991.73,
2006,11,22,10,10.97,81.99,332.0,602.8,113.0,307.6,5.09,150.0,991.17,
2006,11,22,11,11.74,78.88,278.0,228.66,188.0,308.9,5.24,150.0,990.6,
2006,11,22,12,12.51,75.78,336.0,528.91,135.0,310.2,5.38,151.0,990.04,
2006,11,22,13,12.11,75.31,191.0,120.55,152.0,308.87,5.04,148.0,990.14,
2006,11,22,14,11.71,74.85,54.0,0.0,54.0,307.53,4.7,144.0,990.24,
2006,11,22,15,11.31,74.38,36.0,30.06,33.0,306.2,4.36,141.0,990.34,
2006,11,22,16,11.06,74.81,0.0,0.0,0.0,306.2,4.48,140.0,990.34,
2006,11,22,17,10.81,75.23,0.0,0.0,0.0,306.2,4.6,139.0,990.34,
2006,11,22,18,10.56,75.66,0.0,0.0,0.0,306.2,4.72,138.0,990.34,
2006,11,22,19,10.53,74.42,0.0,0.0,0.0,309.32,4.77,137.0,990.31,
2006,11,22,20,10.5,73.19,0.0,0.0,0.0,312.43,4.82,136.0,990.27,
2006,11,22,21,10.47,71.95,0.0,0.0,0.0,315.55,4.87,135.0,990.24,
2006,11,22,22,10.5,71.74,0.0,0.0,0.0,320.65,4.74,132.0,990.21,
2006,11,22,23,10.53,71.54,0.0,0.0,0.0,325.75,4.6,130.0,990.18,
2006,11,23,0,10.55,71.33,0.0,0.0,0.0,330.85,4.47,127.0,990.14,
2006,11,23,1,10.26,71.68,0.0,0.0,0.0,330.23,4.09,125.0,990.7,
2006,11,23,2,9.96,72.03,0.0,0.0,0.0,329.62,3.71,122.0,991.26,
2006,11,23,3,9.67,72.38,0.0,0.0,0.0,329.0,3.32,120.0,991.83,
2006,11,23,4,9.41,76.1,0.0,0.0,0.0,330.77,3.34,116.0,992.06,
2006,11,23,5,9.16,79.82,0.0,0.0,0.0,332.53,3.36,112.0,992.29,
2006,11,23,6,8.91,83.54,0.0,0.0,0.0,334.3,3.38,108.0,992.52,
2006,11,23,7,9.23,85.68,2.0,0.0,2.0,333.1,3.3,112.0,993.18,
2006,11,23,8,9.55,87.83,22.0,0.0,22.0,331.9,3.21,115.0,993.84,
2006,11,23,9,9.86,89.97,55.0,0.0,55.0,330.7,3.13,118.0,994.5,
2006,11,23,10,10.49,88.28,277.0,325.28,160.0,326.25,2.91,128.0,994.73,
2006,11,23,11,11.11,86.6,385.0,766.39,86.0,321.8,2.69,138.0,994.96,
2006,11,23,12,11.73,84.91,345.0,597.13,120.0,317.35,2.47,148.0,995.19,
2006,11,23,13,11.07,87.02,294.0,630.12,92.0,319.85,2.21,167.0,996.21,
2006,11,23,14,10.42,89.13,177.0,421.67,82.0,322.35,1.94,185.0,997.24,
2006,11,23,15,9.76,91.24,28.0,10.26,27.0,324.85,1.68,203.0,998.26,
2006,11,23,16,9.03,93.0,0.0,0.0,0.0,315.92,1.73,201.0,998.75,
2006,11,23,17,8.3,94.75,0.0,0.0,0.0,306.98,1.77,199.0,999.25,
2006,11,23,18,7.58,96.51,0.0,0.0,0.0,298.05,1.82,197.0,999.74,
2006,11,23,19,7.38,97.14,0.0,0.0,0.0,296.25,1.7,196.0,1000.31,
2006,11,23,20,7.19,97.78,0.0,0.0,0.0,294.45,1.58,194.0,1000.87,
2006,11,23,21,7.0,98.41,0.0,0.0,0.0,292.65,1.46,193.0,1001.43,
2006,11,23,22,6.89,98.76,0.0,0.0,0.0,293.57,1.38,186.0,1001.95,
2006,11,23,23,6.79,99.1,0.0,0.0,0.0,294.48,1.3,179.0,1002.48,
2006,11,24,0,6.68,99.45,0.0,0.0,0.0,295.4,1.21,173.0,1003.01,
2006,11,24,1,6.2,98.98,0.0,0.0,0.0,292.3,1.08,170.0,1003.64,
2006,11,24,2,5.72,98.52,0.0,0.0,0.0,289.2,0.94,167.0,1004.26,
2006,11,24,3,5.25,98.05,0.0,0.0,0.0,286.1,0.8,164.0,1004.89,
2006,11,24,4,5.32,97.82,0.0,0.0,0.0,293.75,1.25,156.0,1005.22,
2006,11,24,5,5.39,97.6,0.0,0.0,0.0,301.4,1.7,148.0,1005.55,
2006,11,24,6,5.46,97.37,0.0,0.0,0.0,309.05,2.15,141.0,1005.88,
2006,11,24,7,6.06,95.42,0.0,0.0,0.0,317.53,2.16,142.0,1006.57,
2006,11,24,8,6.67,93.46,66.0,17.16,63.0,326.02,2.17,143.0,1007.27,
2006,11,24,9,7.27,91.51,118.0,21.14,112.0,334.5,2.18,144.0,1007.96,
2006,11,24,10,8.05,88.61,262.0,275.17,164.0,334.37,1.95,143.0,1007.96,
2006,11,24,11,8.83,85.71,148.0,7.76,145.0,334.23,1.73,143.0,1007.96,
2006,11,24,12,9.61,82.81,83.0,0.0,83.0,334.1,1.5,142.0,1007.96,
2006,11,24,13,8.97,85.5,65.0,0.0,65.0,318.23,1.59,133.0,1008.19,
2006,11,24,14,8.33,88.18,83.0,13.47,80.0,302.37,1.67,123.0,1008.42,
2006,11,24,15,7.69,90.87,33.0,21.0,31.0,286.5,1.75,113.0,1008.65,
2006,11,24,16,7.13,92.51,0.0,0.0,0.0,282.62,1.67,113.0,1008.95,
2006,11,24,17,6.57,94.15,0.0,0.0,0.0,278.73,1.59,114.0,1009.25,
2006,11,24,18,6.01,95.79,0.0,0.0,0.0,274.85,1.5,114.0,1009.54,
2006,11,24,19,5.87,96.02,0.0,0.0,0.0,275.83,1.57,122.0,1009.81,
2006,11,24,20,5.73,96.25,0.0,0.0,0.0,276.82,1.63,129.0,1010.07,
2006,11,24,21,5.59,96.48,0.0,0.0,0.0,277.8,1.7,137.0,1010.34,
2006,11,24,22,5.64,96.59,0.0,0.0,0.0,279.67,1.77,138.0,1010.6,
2006,11,24,23,5.7,96.69,0.0,0.0,0.0,281.53,1.83,138.0,1010.86,
2006,11,25,0,5.75,96.8,0.0,0.0,0.0,283.4,1.9,139.0,1011.13,
2006,11,25,1,5.71,97.45,0.0,0.0,0.0,288.25,2.12,145.0,1010.96,
2006,11,25,2,5.66,98.1,0.0,0.0,0.0,293.1,2.34,151.0,1010.8,
2006,11,25,3,5.62,98.75,0.0,0.0,0.0,297.95,2.57,156.0,1010.63,
2006,11,25,4,5.64,98.75,0.0,0.0,0.0,300.33,2.75,155.0,1010.9,
2006,11,25,5,5.66,98.74,0.0,0.0,0.0,302.72,2.93,154.0,1011.16,
2006,11,25,6,5.68,98.74,0.0,0.0,0.0,305.1,3.12,152.0,1011.42,
2006,11,25,7,6.81,95.56,0.0,0.0,0.0,306.7,3.27,153.0,1011.56,
2006,11,25,8,7.94,92.37,144.0,572.14,46.0,308.3,3.42,154.0,1011.69,
2006,11,25,9,9.07,89.19,254.0,631.43,77.0,309.9,3.57,155.0,1011.82,
2006,11,25,10,10.29,84.29,343.0,748.51,79.0,307.82,3.47,157.0,1011.66,
2006,11,25,11,11.51,79.39,381.0,787.46,79.0,305.73,3.37,159.0,1011.49,
2006,11,25,12,12.72,74.49,358.0,723.06,90.0,303.65,3.27,162.0,1011.33,
2006,11,25,13,12.0,74.73,292.0,660.34,84.0,298.0,3.14,162.0,1011.23,
2006,11,25,14,11.27,74.96,176.0,440.26,79.0,292.35,3.01,163.0,1011.13,
2006,11,25,15,10.55,75.2,47.0,118.14,36.0,286.7,2.88,164.0,1011.03,
2006,11,25,16,10.01,77.18,0.0,0.0,0.0,283.77,3.07,164.0,1011.42,
2006,11,25,17,9.48,79.17,0.0,0.0,0.0,280.83,3.26,164.0,1011.82,
2006,11,25,18,8.95,81.15,0.0,0.0,0.0,277.9,3.45,165.0,1012.22,
2006,11,25,19,8.69,82.1,0.0,0.0,0.0,277.23,3.47,165.0,1012.58,
2006,11,25,20,8.43,83.05,0.0,0.0,0.0,276.57,3.49,165.0,1012.94,
2006,11,25,21,8.18,84.0,0.0,0.0,0.0,275.9,3.52,165.0,1013.31,
2006,11,25,22,8.14,84.72,0.0,0.0,0.0,275.88,3.53,165.0,1013.54,
2006,11,25,23,8.1,85.43,0.0,0.0,0.0,275.87,3.54,165.0,1013.77,
2006,11,26,0,8.06,86.15,0.0,0.0,0.0,275.85,3.54,165.0,1014.0,
2006,11,26,1,8.04,85.69,0.0,0.0,0.0,277.38,3.47,165.0,1013.97,
2006,11,26,2,8.02,85.23,0.0,0.0,0.0,278.92,3.39,166.0,1013.93,
2006,11,26,3,8.0,84.77,0.0,0.0,0.0,280.45,3.31,167.0,1013.9,
2006,11,26,4,7.72,86.49,0.0,0.0,0.0,284.6,3.35,164.0,1014.06,
2006,11,26,5,7.45,88.21,0.0,0.0,0.0,288.75,3.38,162.0,1014.23,
2006,11,26,6,7.18,89.93,0.0,0.0,0.0,292.9,3.42,160.0,1014.39,
2006,11,26,7,8.31,86.28,0.0,0.0,0.0,296.27,3.44,160.0,1014.89,
2006,11,26,8,9.44,82.62,129.0,429.15,57.0,299.63,3.47,160.0,1015.38,
2006,11,26,9,10.56,78.97,239.0,534.61,91.0,303.0,3.49,161.0,1015.88,
2006,11,26,10,11.56,75.53,332.0,692.74,90.0,304.7,3.17,162.0,1015.71,
2006,11,26,11,12.56,72.1,365.0,702.01,98.0,306.4,2.86,163.0,1015.55,
2006,11,26,12,13.56,68.66,360.0,761.44,80.0,308.1,2.54,164.0,1015.38,
2006,11,26,13,12.52,72.48,302.0,765.15,63.0,300.6,2.29,155.0,1015.55,
2006,11,26,14,11.47,76.3,183.0,527.51,68.0,293.1,2.03,147.0,1015.71,
2006,11,26,15,10.43,80.12,50.0,175.62,34.0,285.6,1.78,138.0,1015.88,
2006,11,26,16,9.59,83.96,0.0,0.0,0.0,282.83,1.94,141.0,1016.01,
2006,11,26,17,8.75,87.81,0.0,0.0,0.0,280.07,2.11,144.0,1016.14,
2006,11,26,18,7.91,91.65,0.0,0.0,0.0,277.3,2.28,148.0,1016.27,
2006,11,26,19,7.38,92.74,0.0,0.0,0.0,275.8,2.2,149.0,1016.47,
2006,11,26,20,6.85,93.84,0.0,0.0,0.0,274.3,2.12,150.0,1016.67,
2006,11,26,21,6.32,94.93,0.0,0.0,0.0,272.8,2.04,152.0,1016.87,
2006,11,26,22,6.08,95.64,0.0,0.0,0.0,273.05,2.05,147.0,1016.97,
2006,11,26,23,5.84,96.34,0.0,0.0,0.0,273.3,2.06,143.0,1017.07,
2006,11,27,0,5.59,97.05,0.0,0.0,0.0,273.55,2.07,139.0,1017.17,
2006,11,27,1,5.48,97.82,0.0,0.0,0.0,275.95,1.99,139.0,1017.07,
2006,11,27,2,5.36,98.58,0.0,0.0,0.0,278.35,1.91,140.0,1016.97,
2006,11,27,3,5.25,99.35,0.0,0.0,0.0,280.75,1.83,140.0,1016.87,
2006,11,27,4,5.04,99.47,0.0,0.0,0.0,281.0,1.85,140.0,1016.9,
2006,11,27,5,4.84,99.58,0.0,0.0,0.0,281.25,1.87,141.0,1016.93,
2006,11,27,6,4.64,99.7,0.0,0.0,0.0,281.5,1.89,141.0,1016.97,
2006,11,27,7,6.13,96.14,0.0,0.0,0.0,283.22,1.89,145.0,1017.23,
2006,11,27,8,7.62,92.57,112.0,279.92,66.0,284.93,1.88,148.0,1017.5,
2006,11,27,9,9.1,89.01,223.0,442.51,102.0,286.65,1.88,152.0,1017.76,
2006,11,27,10,10.15,85.95,286.0,427.66,138.0,292.03,1.42,150.0,1017.53,
2006,11,27,11,11.19,82.89,350.0,622.9,115.0,297.42,0.97,147.0,1017.3,
2006,11,27,12,12.23,79.83,355.0,745.4,83.0,302.8,0.51,145.0,1017.07,
2006,11,27,13,12.05,79.39,291.0,693.92,76.0,296.2,0.52,114.0,1017.07,
2006,11,27,14,11.86,78.95,177.0,495.82,70.0,289.6,0.54,83.0,1017.07,
2006,11,27,15,11.68,78.51,43.0,112.09,33.0,283.0,0.55,52.0,1017.07,
2006,11,27,16,10.18,83.98,0.0,0.0,0.0,283.43,0.68,60.0,1017.2,
2006,11,27,17,8.68,89.45,0.0,0.0,0.0,283.87,0.8,67.0,1017.33,
2006,11,27,18,7.19,94.92,0.0,0.0,0.0,284.3,0.92,75.0,1017.46,
2006,11,27,19,6.42,96.34,0.0,0.0,0.0,287.25,0.93,78.0,1017.53,
2006,11,27,20,5.65,97.75,0.0,0.0,0.0,290.2,0.93,81.0,1017.59,
2006,11,27,21,4.88,99.17,0.0,0.0,0.0,293.15,0.94,84.0,1017.66,
2006,11,27,22,4.92,99.14,0.0,0.0,0.0,295.98,0.91,78.0,1017.73,
2006,11,27,23,4.96,99.11,0.0,0.0,0.0,298.82,0.88,72.0,1017.79,
2006,11,28,0,5.0,99.08,0.0,0.0,0.0,301.65,0.86,66.0,1017.86,
2006,11,28,1,4.29,98.93,0.0,0.0,0.0,310.13,0.96,74.0,1017.89,
2006,11,28,2,3.58,98.77,0.0,0.0,0.0,318.62,1.07,82.0,1017.92,
2006,11,28,3,2.88,98.62,0.0,0.0,0.0,327.1,1.17,90.0,1017.96,
2006,11,28,4,3.01,98.59,0.0,0.0,0.0,327.03,1.4,92.0,1017.89,
2006,11,28,5,3.14,98.56,0.0,0.0,0.0,326.97,1.62,94.0,1017.83,
2006,11,28,6,3.27,98.53,0.0,0.0,0.0,326.9,1.85,96.0,1017.76,
2006,11,28,7,4.08,97.67,0.0,0.0,0.0,327.77,1.77,90.0,1017.99,
2006,11,28,8,4.89,96.8,72.0,49.7,64.0,328.63,1.69,84.0,1018.22,
2006,11,28,9,5.7,95.94,146.0,88.85,122.0,329.5,1.61,78.0,1018.45,
2006,11,28,10,6.59,93.67,167.0,43.75,152.0,331.93,1.41,67.0,1018.09,
2006,11,28,11,7.48,91.4,160.0,18.7,153.0,334.37,1.21,56.0,1017.73,
2006,11,28,12,8.37,89.13,163.0,27.61,153.0,336.8,1.01,45.0,1017.36,
2006,11,28,13,8.44,88.81,175.0,104.09,143.0,322.12,1.18,50.0,1017.1,
2006,11,28,14,8.52,88.5,144.0,243.32,92.0,307.43,1.35,56.0,1016.84,
2006,11,28,15,8.59,88.18,33.0,34.31,30.0,292.75,1.52,61.0,1016.57,
2006,11,28,16,7.47,91.73,0.0,0.0,0.0,299.07,1.46,69.0,1016.64,
2006,11,28,17,6.35,95.29,0.0,0.0,0.0,305.38,1.4,78.0,1016.7,
2006,11,28,18,5.24,98.84,0.0,0.0,0.0,311.7,1.34,86.0,1016.77,
2006,11,28,19,4.89,98.74,0.0,0.0,0.0,311.75,1.48,94.0,1016.77,
2006,11,28,20,4.55,98.65,0.0,0.0,0.0,311.8,1.62,103.0,1016.77,
2006,11,28,21,4.21,98.55,0.0,0.0,0.0,311.85,1.77,112.0,1016.77,
2006,11,28,22,4.2,98.77,0.0,0.0,0.0,310.77,1.83,119.0,1016.7,
2006,11,28,23,4.19,99.0,0.0,0.0,0.0,309.68,1.89,127.0,1016.64,
2006,11,29,0,4.17,99.22,0.0,0.0,0.0,308.6,1.94,135.0,1016.57,
2006,11,29,1,4.04,99.25,0.0,0.0,0.0,312.52,1.96,142.0,1016.84,
2006,11,29,2,3.9,99.27,0.0,0.0,0.0,316.43,1.98,149.0,1017.1,
2006,11,29,3,3.77,99.3,0.0,0.0,0.0,320.35,2.0,156.0,1017.36,
2006,11,29,4,3.69,99.38,0.0,0.0,0.0,318.77,2.03,140.0,1017.5,
2006,11,29,5,3.61,99.47,0.0,0.0,0.0,317.18,2.06,124.0,1017.63,
2006,11,29,6,3.53,99.55,0.0,0.0,0.0,315.6,2.08,108.0,1017.76,
2006,11,29,7,4.18,98.34,0.0,0.0,0.0,314.28,2.0,107.0,1017.96,
2006,11,29,8,4.83,97.13,85.0,114.16,67.0,312.97,1.91,107.0,1018.16,
2006,11,29,9,5.48,95.92,120.0,37.47,110.0,311.65,1.82,106.0,1018.35,
2006,11,29,10,6.24,92.13,140.0,17.66,134.0,309.58,1.51,100.0,1018.22,
2006,11,29,11,6.99,88.35,174.0,35.0,161.0,307.52,1.2,93.0,1018.09,
2006,11,29,12,7.74,84.56,152.0,19.47,145.0,305.45,0.9,87.0,1017.96,
2006,11,29,13,7.0,87.52,74.0,0.0,74.0,306.12,0.85,44.0,1018.52,
2006,11,29,14,6.27,90.48,33.0,0.0,33.0,306.78,0.8,1.0,1019.08,
2006,11,29,15,5.53,93.44,15.0,0.0,15.0,307.45,0.76,317.0,1019.64,
2006,11,29,16,5.21,94.41,0.0,0.0,0.0,304.3,0.77,339.0,1019.94,
2006,11,29,17,4.9,95.38,0.0,0.0,0.0,301.15,0.78,1.0,1020.23,
2006,11,29,18,4.59,96.35,0.0,0.0,0.0,298.0,0.79,22.0,1020.53,
2006,11,29,19,4.49,96.68,0.0,0.0,0.0,299.2,0.71,16.0,1020.89,
2006,11,29,20,4.4,97.0,0.0,0.0,0.0,300.4,0.64,10.0,1021.26,
2006,11,29,21,4.31,97.33,0.0,0.0,0.0,301.6,0.57,3.0,1021.62,
2006,11,29,22,4.37,97.35,0.0,0.0,0.0,302.65,0.51,1.0,1022.02,
2006,11,29,23,4.43,97.36,0.0,0.0,0.0,303.7,0.46,360.0,1022.41,
2006,11,30,0,4.48,97.38,0.0,0.0,0.0,304.75,0.4,358.0,1022.81,
2006,11,30,1,4.22,97.71,0.0,0.0,0.0,312.05,0.42,302.0,1023.24,
2006,11,30,2,3.95,98.04,0.0,0.0,0.0,319.35,0.44,247.0,1023.67,
2006,11,30,3,3.69,98.37,0.0,0.0,0.0,326.65,0.46,192.0,1024.09,
2006,11,30,4,3.74,98.56,0.0,0.0,0.0,326.58,0.37,177.0,1024.23,
2006,11,30,5,3.79,98.76,0.0,0.0,0.0,326.52,0.29,163.0,1024.36,
2006,11,30,6,3.84,98.95,0.0,0.0,0.0,326.45,0.21,148.0,1024.49,
2006,11,30,7,4.51,97.31,0.0,0.0,0.0,326.82,0.23,132.0,1024.85,
2006,11,30,8,5.19,95.67,57.0,19.42,54.0,327.18,0.24,116.0,1025.22,
2006,11,30,9,5.86,94.03,90.0,7.58,88.0,327.55,0.26,100.0,1025.58,
2006,11,30,10,6.22,90.13,72.0,0.0,72.0,328.08,0.63,76.0,1025.55,
2006,11,30,11,6.58,86.24,61.0,0.0,61.0,328.62,0.99,51.0,1025.51,
2006,11,30,12,6.93,82.34,39.0,0.0,39.0,329.15,1.35,26.0,1025.48,
2006,11,30,13,6.82,84.36,79.0,0.0,79.0,330.12,1.27,28.0,1025.71,
2006,11,30,14,6.72,86.37,27.0,0.0,27.0,331.08,1.19,30.0,1025.94,
2006,11,30,15,6.61,88.39,10.0,0.0,10.0,332.05,1.1,32.0,1026.17,
2006,11,30,16,6.48,89.61,0.0,0.0,0.0,333.42,1.19,31.0,1026.27,
2006,11,30,17,6.99,92.94,0.0,0.0,0.0,337.5,0.67,31.0,1026.37,
2006,11,30,18,6.62,93.39,0.0,0.0,0.0,336.05,0.83,30.0,1026.47,
2006,11,30,19,6.24,93.83,0.0,0.0,0.0,334.59,1.0,30.0,1026.64,
2006,11,30,20,5.86,94.28,0.0,0.0,0.0,333.13,1.16,31.0,1026.8,
2006,11,30,21,5.48,94.73,0.0,0.0,0.0,331.68,1.32,31.0,1026.97,
2006,11,30,22,5.11,95.18,0.0,0.0,0.0,330.22,1.48,32.0,1027.03,
2006,11,30,23,4.73,95.63,0.0,0.0,0.0,328.76,1.65,32.0,1027.1,
2005,12,1,0,4.35,96.08,0.0,0.0,0.0,327.31,1.81,32.0,1027.16,
2005,12,1,1,3.97,96.53,0.0,0.0,0.0,325.85,1.97,302.0,1001.92,
2005,12,1,2,3.6,96.97,0.0,0.0,0.0,324.39,2.14,270.0,1001.92,
2005,12,1,3,3.22,97.42,0.0,0.0,0.0,322.93,2.3,238.0,1001.92,
2005,12,1,4,2.84,97.87,0.0,0.0,0.0,321.48,2.46,238.0,1002.28,
2005,12,1,5,2.46,98.32,0.0,0.0,0.0,320.02,2.62,238.0,1002.65,
2005,12,1,6,2.09,98.77,0.0,0.0,0.0,318.56,2.79,237.0,1003.01,
2005,12,1,7,1.71,99.22,0.0,0.0,0.0,317.11,2.95,236.0,1003.47,
2005,12,1,8,1.33,99.66,23.0,0.0,23.0,315.65,3.11,235.0,1003.93,
2005,12,1,9,2.21,96.41,69.0,0.0,69.0,316.45,3.13,234.0,1004.4,
2005,12,1,10,2.43,94.49,93.0,0.0,93.0,315.55,3.09,233.0,1004.3,
2005,12,1,11,2.65,92.56,63.0,0.0,63.0,314.65,3.05,232.0,1004.2,
2005,12,1,12,2.86,90.64,58.0,0.0,58.0,313.75,3.01,231.0,1004.1,
2005,12,1,13,2.7,90.65,50.0,0.0,50.0,310.18,2.83,223.0,1004.33,
2005,12,1,14,2.54,90.65,30.0,0.0,30.0,306.62,2.65,215.0,1004.56,
2005,12,1,15,2.37,90.66,18.0,0.0,18.0,303.05,2.47,207.0,1004.79,
2005,12,1,16,2.3,91.23,0.0,0.0,0.0,296.75,2.44,197.0,1005.12,
2005,12,1,17,2.23,91.81,0.0,0.0,0.0,290.45,2.41,188.0,1005.45,
2005,12,1,18,2.16,92.38,0.0,0.0,0.0,284.15,2.39,178.0,1005.78,
2005,12,1,19,2.05,92.28,0.0,0.0,0.0,278.98,2.4,173.0,1005.78,
2005,12,1,20,1.94,92.18,0.0,0.0,0.0,273.82,2.42,168.0,1005.78,
2005,12,1,21,1.84,92.08,0.0,0.0,0.0,268.65,2.44,163.0,1005.78,
2005,12,1,22,2.14,91.06,0.0,0.0,0.0,272.78,2.57,162.0,1005.72,
2005,12,1,23,2.45,90.04,0.0,0.0,0.0,276.92,2.69,162.0,1005.65,
2005,12,2,0,2.75,89.02,0.0,0.0,0.0,281.05,2.81,161.0,1005.58,
2005,12,2,1,3.18,88.25,0.0,0.0,0.0,294.05,2.97,165.0,1005.02,
2005,12,2,2,3.6,87.48,0.0,0.0,0.0,307.05,3.14,169.0,1004.46,
2005,12,2,3,4.03,86.71,0.0,0.0,0.0,320.05,3.3,173.0,1003.9,
2005,12,2,4,4.27,86.29,0.0,0.0,0.0,320.2,3.37,174.0,1003.9,
2005,12,2,5,4.52,85.87,0.0,0.0,0.0,320.35,3.45,174.0,1003.9,
2005,12,2,6,4.76,85.45,0.0,0.0,0.0,320.5,3.53,175.0,1003.9,
2005,12,2,7,5.32,83.56,0.0,0.0,0.0,317.78,3.66,175.0,1003.93,
2005,12,2,8,5.88,81.67,39.0,20.64,36.0,315.07,3.79,175.0,1003.97,
2005,12,2,9,6.44,79.78,72.0,3.92,71.0,312.35,3.92,174.0,1004.0,
2005,12,2,10,7.03,76.04,123.0,12.18,119.0,313.12,3.88,175.0,1003.47,
2005,12,2,11,7.61,72.31,254.0,232.69,170.0,313.88,3.84,176.0,1002.94,
2005,12,2,12,8.19,68.57,303.0,459.62,142.0,314.65,3.81,177.0,1002.42,
2005,12,2,13,8.19,66.77,145.0,33.66,135.0,311.73,3.6,177.0,1002.05,
2005,12,2,14,8.18,64.97,42.0,0.0,42.0,308.82,3.4,178.0,1001.69,
2005,12,2,15,8.17,63.17,29.0,0.0,29.0,305.9,3.2,178.0,1001.33,
2005,12,2,16,8.1,62.79,0.0,0.0,0.0,311.53,3.33,178.0,1001.16,
2005,12,2,17,8.02,62.41,0.0,0.0,0.0,317.17,3.47,177.0,1001.0,
2005,12,2,18,7.95,62.03,0.0,0.0,0.0,322.8,3.6,177.0,1000.83,
2005,12,2,19,7.73,63.61,0.0,0.0,0.0,320.05,3.66,177.0,1000.54,
2005,12,2,20,7.51,65.18,0.0,0.0,0.0,317.3,3.73,177.0,1000.24,
2005,12,2,21,7.3,66.76,0.0,0.0,0.0,314.55,3.79,178.0,999.94,
2005,12,2,22,6.86,75.55,0.0,0.0,0.0,318.15,3.71,174.0,999.55,
2005,12,2,23,6.43,84.34,0.0,0.0,0.0,321.75,3.63,171.0,999.15,
2005,12,3,0,6.0,93.13,0.0,0.0,0.0,325.35,3.54,168.0,998.75,
2005,12,3,1,5.88,93.54,0.0,0.0,0.0,328.13,3.23,163.0,998.69,
2005,12,3,2,5.76,93.95,0.0,0.0,0.0,330.92,2.92,159.0,998.62,
2005,12,3,3,5.64,94.36,0.0,0.0,0.0,333.7,2.61,154.0,998.56,
2005,12,3,4,5.69,95.25,0.0,0.0,0.0,336.87,2.5,155.0,998.52,
2005,12,3,5,5.75,96.14,0.0,0.0,0.0,340.03,2.4,156.0,998.49,
2005,12,3,6,5.8,97.03,0.0,0.0,0.0,343.2,2.29,157.0,998.46,
2005,12,3,7,6.23,96.28,0.0,0.0,0.0,345.07,2.21,182.0,998.95,
2005,12,3,8,6.66,95.52,17.0,0.0,17.0,346.93,2.12,208.0,999.45,
2005,12,3,9,7.09,94.77,62.0,0.0,62.0,348.8,2.04,234.0,999.94,
2005,12,3,10,7.35,94.42,87.0,0.0,87.0,347.05,2.09,246.0,1000.24,
2005,12,3,11,7.61,94.06,64.0,0.0,64.0,345.3,2.13,258.0,1000.54,
2005,12,3,12,7.86,93.71,34.0,0.0,34.0,343.55,2.18,271.0,1000.83,
2005,12,3,13,7.13,94.33,27.0,0.0,27.0,331.02,2.05,262.0,1001.26,
2005,12,3,14,6.4,94.94,32.0,0.0,32.0,318.48,1.92,253.0,1001.69,
2005,12,3,15,5.66,95.56,22.0,0.0,22.0,305.95,1.79,244.0,1002.12,
2005,12,3,16,5.17,96.29,0.0,0.0,0.0,299.15,1.87,228.0,1002.35,
2005,12,3,17,4.68,97.02,0.0,0.0,0.0,292.35,1.94,211.0,1002.58,
2005,12,3,18,4.19,97.75,0.0,0.0,0.0,285.55,2.01,195.0,1002.81,
2005,12,3,19,3.99,97.85,0.0,0.0,0.0,283.95,2.09,185.0,1002.94,
2005,12,3,20,3.8,97.95,0.0,0.0,0.0,282.35,2.17,176.0,1003.08,
2005,12,3,21,3.61,98.05,0.0,0.0,0.0,280.75,2.25,166.0,1003.21,
2005,12,3,22,3.59,97.81,0.0,0.0,0.0,281.32,2.47,163.0,1002.88,
2005,12,3,23,3.58,97.57,0.0,0.0,0.0,281.88,2.7,159.0,1002.55,
2005,12,4,0,3.56,97.33,0.0,0.0,0.0,282.45,2.92,155.0,1002.22,
2005,12,4,1,3.7,96.7,0.0,0.0,0.0,284.88,3.24,155.0,1001.95,
2005,12,4,2,3.83,96.07,0.0,0.0,0.0,287.32,3.55,155.0,1001.69,
2005,12,4,3,3.97,95.44,0.0,0.0,0.0,289.75,3.86,155.0,1001.43,
2005,12,4,4,3.94,94.97,0.0,0.0,0.0,287.85,4.07,156.0,1001.1,
2005,12,4,5,3.92,94.5,0.0,0.0,0.0,285.95,4.28,156.0,1000.77,
2005,12,4,6,3.89,94.03,0.0,0.0,0.0,284.05,4.48,157.0,1000.44,
2005,12,4,7,4.77,92.29,0.0,0.0,0.0,286.7,4.9,157.0,1000.17,
2005,12,4,8,5.64,90.55,20.0,0.0,20.0,289.35,5.32,157.0,999.91,
2005,12,4,9,6.52,88.81,81.0,8.02,79.0,292.0,5.74,157.0,999.65,
2005,12,4,10,7.34,84.83,267.0,497.84,106.0,292.6,5.71,159.0,998.95,
2005,12,4,11,8.16,80.86,360.0,866.92,51.0,293.2,5.68,160.0,998.26,
2005,12,4,12,8.98,76.88,351.0,799.82,74.0,293.8,5.66,162.0,997.57,
2005,12,4,13,8.73,77.87,295.0,714.85,85.0,296.22,5.28,163.0,997.5,
2005,12,4,14,8.48,78.87,199.0,607.91,76.0,298.63,4.9,164.0,997.43,
2005,12,4,15,8.22,79.86,91.0,702.79,36.0,301.05,4.52,165.0,997.37,
2005,12,4,16,8.08,83.89,0.0,0.0,0.0,309.67,4.71,166.0,997.37,
2005,12,4,17,7.94,87.93,0.0,0.0,0.0,318.28,4.89,168.0,997.37,
2005,12,4,18,7.8,91.96,0.0,0.0,0.0,326.9,5.08,170.0,997.37,
2005,12,4,19,7.88,92.29,0.0,0.0,0.0,327.88,5.13,171.0,997.34,
2005,12,4,20,7.96,92.62,0.0,0.0,0.0,328.87,5.19,171.0,997.3,
2005,12,4,21,8.05,92.95,0.0,0.0,0.0,329.85,5.24,172.0,997.27,
2005,12,4,22,8.09,92.64,0.0,0.0,0.0,326.28,5.19,171.0,997.04,
2005,12,4,23,8.14,92.33,0.0,0.0,0.0,322.72,5.13,169.0,996.81,
2005,12,5,0,8.19,92.02,0.0,0.0,0.0,319.15,5.08,168.0,996.58,
2005,12,5,1,7.99,91.49,0.0,0.0,0.0,313.32,4.92,160.0,995.95,
2005,12,5,2,7.8,90.97,0.0,0.0,0.0,307.48,4.77,153.0,995.32,
2005,12,5,3,7.6,90.44,0.0,0.0,0.0,301.65,4.62,146.0,994.7,
2005,12,5,4,7.73,89.91,0.0,0.0,0.0,303.33,5.09,146.0,993.94,
2005,12,5,5,7.85,89.38,0.0,0.0,0.0,305.02,5.57,146.0,993.18,
2005,12,5,6,7.98,88.85,0.0,0.0,0.0,306.7,6.04,146.0,992.42,
2005,12,5,7,8.52,88.14,0.0,0.0,0.0,310.12,6.57,148.0,991.86,
2005,12,5,8,9.07,87.44,6.0,0.0,6.0,313.53,7.09,150.0,991.3,
2005,12,5,9,9.61,86.73,25.0,0.0,25.0,316.95,7.61,152.0,990.74,
2005,12,5,10,9.97,85.01,170.0,87.22,142.0,318.68,7.94,154.0,989.78,
2005,12,5,11,10.33,83.3,117.0,2.82,116.0,320.42,8.27,155.0,988.82,
2005,12,5,12,10.69,81.58,123.0,2.9,122.0,322.15,8.59,157.0,987.87,
2005,12,5,13,10.19,84.85,27.0,0.0,27.0,323.13,8.45,163.0,987.8,
2005,12,5,14,9.68,88.13,19.0,0.0,19.0,324.12,8.3,169.0,987.73,
2005,12,5,15,9.17,91.4,26.0,0.0,26.0,325.1,8.15,175.0,987.67,
2005,12,5,16,8.97,92.03,0.0,0.0,0.0,321.0,7.97,186.0,988.26,
2005,12,5,17,8.77,92.66,0.0,0.0,0.0,316.9,7.79,197.0,988.86,
2005,12,5,18,8.57,93.29,0.0,0.0,0.0,312.8,7.61,209.0,989.45,
2005,12,5,19,7.5,93.34,0.0,0.0,0.0,313.97,7.68,215.0,990.74,
2005,12,5,20,6.44,93.38,0.0,0.0,0.0,315.13,7.74,222.0,992.02,
2005,12,5,21,5.38,93.43,0.0,0.0,0.0,316.3,7.81,228.0,993.31,
2005,12,5,22,4.85,93.1,0.0,0.0,0.0,309.45,7.18,229.0,994.27,
2005,12,5,23,4.33,92.78,0.0,0.0,0.0,302.6,6.55,231.0,995.22,
2005,12,6,0,3.81,92.45,0.0,0.0,0.0,295.75,5.92,232.0,996.18,
2005,12,6,1,3.5,89.48,0.0,0.0,0.0,288.23,5.52,232.0,997.17,
2005,12,6,2,3.2,86.5,0.0,0.0,0.0,280.72,5.13,231.0,998.16,
2005,12,6,3,2.89,83.53,0.0,0.0,0.0,273.2,4.73,230.0,999.15,
2005,12,6,4,2.7,83.6,0.0,0.0,0.0,270.4,4.17,232.0,999.55,
2005,12,6,5,2.52,83.68,0.0,0.0,0.0,267.6,3.62,233.0,999.94,
2005,12,6,6,2.33,83.75,0.0,0.0,0.0,264.8,3.06,235.0,1000.34,
2005,12,6,7,3.21,81.42,0.0,0.0,0.0,270.33,3.04,236.0,1000.97,
2005,12,6,8,4.1,79.1,38.0,29.76,34.0,275.87,3.03,237.0,1001.59,
2005,12,6,9,4.98,76.77,103.0,49.09,91.0,281.4,3.01,238.0,1002.22,
2005,12,6,10,5.49,73.58,184.0,128.62,143.0,281.93,3.08,249.0,1002.25,
2005,12,6,11,6.0,70.4,355.0,862.83,51.0,282.47,3.14,260.0,1002.28,
2005,12,6,12,6.5,67.21,309.0,530.87,127.0,283.0,3.21,271.0,1002.32,
2005,12,6,13,5.91,72.7,215.0,233.74,147.0,282.8,2.34,271.0,1002.52,
2005,12,6,14,5.32,78.18,132.0,129.9,106.0,282.6,1.48,271.0,1002.71,
2005,12,6,15,4.73,83.67,43.0,39.12,40.0,282.4,0.61,272.0,1002.91,
2005,12,6,16,4.3,85.54,0.0,0.0,0.0,287.7,0.85,276.0,1003.31,
2005,12,6,17,3.86,87.4,0.0,0.0,0.0,293.0,1.09,281.0,1003.7,
2005,12,6,18,3.43,89.27,0.0,0.0,0.0,298.3,1.32,285.0,1004.1,
2005,12,6,19,3.12,89.4,0.0,0.0,0.0,298.18,1.46,290.0,1004.46,
2005,12,6,20,2.81,89.52,0.0,0.0,0.0,298.07,1.59,295.0,1004.83,
2005,12,6,21,2.5,89.65,0.0,0.0,0.0,297.95,1.72,299.0,1005.19,
2005,12,6,22,2.16,89.65,0.0,0.0,0.0,295.1,1.71,296.0,1005.55,
2005,12,6,23,1.82,89.64,0.0,0.0,0.0,292.25,1.7,292.0,1005.91,
2005,12,7,0,1.48,89.64,0.0,0.0,0.0,289.4,1.68,289.0,1006.28,
2005,12,7,1,1.25,89.21,0.0,0.0,0.0,282.03,1.78,282.0,1006.67,
2005,12,7,2,1.02,88.78,0.0,0.0,0.0,274.67,1.88,275.0,1007.07,
2005,12,7,3,0.79,88.35,0.0,0.0,0.0,267.3,1.97,268.0,1007.47,
2005,12,7,4,0.41,88.98,0.0,0.0,0.0,265.37,1.95,262.0,1007.8,
2005,12,7,5,0.04,89.62,0.0,0.0,0.0,263.43,1.94,257.0,1008.12,
2005,12,7,6,-0.34,90.25,0.0,0.0,0.0,261.5,1.92,251.0,1008.45,
2005,12,7,7,0.57,88.05,0.0,0.0,0.0,263.52,2.23,248.0,1008.78,
2005,12,7,8,1.48,85.86,66.0,295.67,27.0,265.53,2.55,246.0,1009.11,
2005,12,7,9,2.39,83.66,190.0,565.94,53.0,267.55,2.87,243.0,1009.44,
2005,12,7,10,3.13,80.74,289.0,716.95,62.0,268.48,3.11,246.0,1009.28,
2005,12,7,11,3.86,77.83,290.0,433.73,138.0,269.42,3.35,249.0,1009.11,
2005,12,7,12,4.59,74.91,334.0,709.13,92.0,270.35,3.59,253.0,1008.95,
2005,12,7,13,4.33,77.39,260.0,486.73,119.0,272.02,3.14,249.0,1009.05,
2005,12,7,14,4.06,79.88,50.0,0.0,50.0,273.68,2.69,246.0,1009.15,
2005,12,7,15,3.79,82.36,30.0,0.0,30.0,275.35,2.25,243.0,1009.25,
2005,12,7,16,3.31,84.31,0.0,0.0,0.0,274.18,2.24,240.0,1009.77,
2005,12,7,17,2.84,86.25,0.0,0.0,0.0,273.02,2.23,237.0,1010.3,
2005,12,7,18,2.36,88.2,0.0,0.0,0.0,271.85,2.22,235.0,1010.83,
2005,12,7,19,1.85,89.29,0.0,0.0,0.0,268.17,2.08,231.0,1011.13,
2005,12,7,20,1.35,90.39,0.0,0.0,0.0,264.48,1.94,226.0,1011.42,
2005,12,7,21,0.85,91.48,0.0,0.0,0.0,260.8,1.81,222.0,1011.72,
2005,12,7,22,0.49,92.43,0.0,0.0,0.0,257.13,1.77,219.0,1011.99,
2005,12,7,23,0.14,93.39,0.0,0.0,0.0,253.47,1.74,215.0,1012.25,
2005,12,8,0,-0.21,94.34,0.0,0.0,0.0,249.8,1.71,212.0,1012.51,
2005,12,8,1,-0.27,94.36,0.0,0.0,0.0,252.78,1.56,216.0,1012.91,
2005,12,8,2,-0.32,94.37,0.0,0.0,0.0,255.77,1.42,219.0,1013.31,
2005,12,8,3,-0.38,94.39,0.0,0.0,0.0,258.75,1.27,223.0,1013.7,
2005,12,8,4,-0.57,94.82,0.0,0.0,0.0,260.72,1.2,213.0,1014.16,
2005,12,8,5,-0.76,95.24,0.0,0.0,0.0,262.68,1.13,203.0,1014.62,
2005,12,8,6,-0.95,95.67,0.0,0.0,0.0,264.65,1.06,194.0,1015.09,
2005,12,8,7,0.1,94.12,0.0,0.0,0.0,266.35,1.3,192.0,1015.65,
2005,12,8,8,1.16,92.56,45.0,77.22,35.0,268.05,1.54,190.0,1016.21,
2005,12,8,9,2.21,91.01,179.0,483.7,63.0,269.75,1.78,188.0,1016.77,
2005,12,8,10,3.14,87.96,285.0,699.35,65.0,269.35,1.67,209.0,1017.0,
2005,12,8,11,4.06,84.92,320.0,625.21,102.0,268.95,1.56,230.0,1017.23,
2005,12,8,12,4.98,81.87,340.0,765.12,80.0,268.55,1.45,250.0,1017.46,
2005,12,8,13,4.08,84.9,295.0,765.84,74.0,262.05,1.68,283.0,1018.02,
2005,12,8,14,3.18,87.93,201.0,665.17,69.0,255.55,1.92,316.0,1018.58,
2005,12,8,15,2.27,90.96,61.0,185.23,47.0,249.05,2.15,348.0,1019.15,
2005,12,8,16,1.94,91.93,0.0,0.0,0.0,248.18,2.19,1.0,1019.61,
2005,12,8,17,1.6,92.9,0.0,0.0,0.0,247.32,2.23,14.0,1020.07,
2005,12,8,18,1.27,93.87,0.0,0.0,0.0,246.45,2.28,27.0,1020.53,
2005,12,8,19,1.08,94.02,0.0,0.0,0.0,246.03,2.33,30.0,1021.26,
2005,12,8,20,0.9,94.18,0.0,0.0,0.0,245.62,2.38,34.0,1021.98,
2005,12,8,21,0.72,94.33,0.0,0.0,0.0,245.2,2.43,37.0,1022.71,
2005,12,8,22,0.52,93.82,0.0,0.0,0.0,247.07,2.48,34.0,1023.1,
2005,12,8,23,0.33,93.32,0.0,0.0,0.0,248.93,2.53,32.0,1023.5,
2005,12,9,0,0.13,92.81,0.0,0.0,0.0,250.8,2.58,30.0,1023.9,
2005,12,9,1,-0.15,92.23,0.0,0.0,0.0,249.13,2.61,30.0,1024.13,
2005,12,9,2,-0.42,91.64,0.0,0.0,0.0,247.47,2.63,30.0,1024.36,
2005,12,9,3,-0.7,91.06,0.0,0.0,0.0,245.8,2.66,29.0,1024.59,
2005,12,9,4,-0.92,90.71,0.0,0.0,0.0,247.15,2.69,29.0,1024.79,
2005,12,9,5,-1.15,90.37,0.0,0.0,0.0,248.5,2.73,28.0,1024.99,
2005,12,9,6,-1.37,90.02,0.0,0.0,0.0,249.85,2.76,28.0,1025.18,
2005,12,9,7,-0.54,87.04,0.0,0.0,0.0,253.97,3.07,30.0,1025.51,
2005,12,9,8,0.29,84.06,60.0,259.45,27.0,258.08,3.38,32.0,1025.84,
2005,12,9,9,1.12,81.08,184.0,551.2,53.0,262.2,3.7,33.0,1026.17,
2005,12,9,10,1.8,78.11,266.0,566.12,89.0,261.95,3.61,34.0,1026.01,
2005,12,9,11,2.47,75.13,327.0,688.68,88.0,261.7,3.53,34.0,1025.84,
2005,12,9,12,3.14,72.16,338.0,762.21,80.0,261.45,3.45,35.0,1025.68,
2005,12,9,13,2.4,73.93,284.0,681.56,88.0,259.9,3.14,31.0,1026.04,
2005,12,9,14,1.65,75.69,200.0,667.42,68.0,258.35,2.84,28.0,1026.4,
2005,12,9,15,0.9,77.46,67.0,265.93,47.0,256.8,2.54,24.0,1026.77,
2005,12,9,16,0.49,77.94,0.0,0.0,0.0,258.9,2.54,25.0,1026.8,
2005,12,9,17,0.09,78.42,0.0,0.0,0.0,261.0,2.55,25.0,1026.83,
2005,12,9,18,-0.32,78.9,0.0,0.0,0.0,263.1,2.55,26.0,1026.87,
2005,12,9,19,-0.49,78.53,0.0,0.0,0.0,265.47,2.62,25.0,1027.03,
2005,12,9,20,-0.66,78.15,0.0,0.0,0.0,267.83,2.68,25.0,1027.2,
2005,12,9,21,-0.83,77.78,0.0,0.0,0.0,270.2,2.74,25.0,1027.36,
2005,12,9,22,-0.77,77.32,0.0,0.0,0.0,274.95,2.7,26.0,1027.39,
2005,12,9,23,-0.7,76.85,0.0,0.0,0.0,279.7,2.66,26.0,1027.43,
2005,12,10,0,-0.63,76.39,0.0,0.0,0.0,284.45,2.62,27.0,1027.46,
2005,12,10,1,-1.3,78.35,0.0,0.0,0.0,268.78,2.45,28.0,1027.59,
2005,12,10,2,-1.97,80.32,0.0,0.0,0.0,253.12,2.28,29.0,1027.72,
2005,12,10,3,-2.64,82.28,0.0,0.0,0.0,237.45,2.11,29.0,1027.86,
2005,12,10,4,-2.93,83.37,0.0,0.0,0.0,233.63,1.97,31.0,1027.82,
2005,12,10,5,-3.21,84.45,0.0,0.0,0.0,229.82,1.83,34.0,1027.79,
2005,12,10,6,-3.5,85.54,0.0,0.0,0.0,226.0,1.68,36.0,1027.76,
2005,12,10,7,-2.2,83.13,0.0,0.0,0.0,227.07,1.58,34.0,1028.02,
2005,12,10,8,-0.91,80.72,51.0,168.02,30.0,228.13,1.48,31.0,1028.28,
2005,12,10,9,0.39,78.31,143.0,233.43,88.0,229.2,1.38,29.0,1028.55,
2005,12,10,10,1.25,76.46,272.0,620.9,79.0,233.25,1.28,26.0,1028.09,
2005,12,10,11,2.11,74.6,314.0,610.68,103.0,237.3,1.19,23.0,1027.62,
2005,12,10,12,2.96,72.75,337.0,761.97,80.0,241.35,1.09,20.0,1027.16,
2005,12,10,13,1.47,77.62,306.0,892.9,50.0,240.25,1.37,21.0,1027.26,
2005,12,10,14,-0.02,82.5,214.0,856.87,45.0,239.15,1.66,23.0,1027.36,
2005,12,10,15,-1.52,87.37,66.0,266.84,46.0,238.05,1.94,24.0,1027.46,
2005,12,10,16,-2.15,88.76,0.0,0.0,0.0,235.22,1.67,26.0,1027.13,
2005,12,10,17,-2.77,90.14,0.0,0.0,0.0,232.38,1.4,28.0,1026.8,
2005,12,10,18,-3.4,91.53,0.0,0.0,0.0,229.55,1.13,30.0,1026.47,
2005,12,10,19,-3.63,91.95,0.0,0.0,0.0,227.2,1.1,32.0,1026.31,
2005,12,10,20,-3.86,92.36,0.0,0.0,0.0,224.85,1.08,35.0,1026.14,
2005,12,10,21,-4.08,92.78,0.0,0.0,0.0,222.5,1.05,38.0,1025.98,
2005,12,10,22,-4.16,92.91,0.0,0.0,0.0,221.93,1.1,38.0,1025.61,
2005,12,10,23,-4.23,93.03,0.0,0.0,0.0,221.37,1.15,38.0,1025.25,
2005,12,11,0,-4.3,93.16,0.0,0.0,0.0,220.8,1.2,38.0,1024.89,
2005,12,11,1,-4.48,92.47,0.0,0.0,0.0,220.5,1.27,37.0,1024.92,
2005,12,11,2,-4.66,91.77,0.0,0.0,0.0,220.2,1.35,37.0,1024.95,
2005,12,11,3,-4.84,91.08,0.0,0.0,0.0,219.9,1.42,36.0,1024.99,
2005,12,11,4,-4.84,91.15,0.0,0.0,0.0,219.93,1.6,44.0,1024.33,
2005,12,11,5,-4.84,91.22,0.0,0.0,0.0,219.97,1.79,51.0,1023.67,
2005,12,11,6,-4.84,91.29,0.0,0.0,0.0,220.0,1.97,59.0,1023.01,
2005,12,11,7,-3.3,87.31,0.0,0.0,0.0,222.13,1.94,60.0,1022.81,
2005,12,11,8,-1.75,83.33,37.0,56.97,30.0,224.27,1.92,62.0,1022.61,
2005,12,11,9,-0.21,79.35,118.0,115.54,91.0,226.4,1.89,64.0,1022.41,
2005,12,11,10,0.76,74.98,160.0,80.87,135.0,230.02,1.59,48.0,1021.78,
2005,12,11,11,1.73,70.62,171.0,49.4,154.0,233.63,1.29,33.0,1021.16,
2005,12,11,12,2.7,66.25,144.0,17.85,138.0,237.25,0.99,17.0,1020.53,
2005,12,11,13,0.93,72.44,99.0,3.5,98.0,240.98,1.2,17.0,1020.47,
2005,12,11,14,-0.84,78.62,81.0,10.16,79.0,244.72,1.4,17.0,1020.4,
2005,12,11,15,-2.62,84.81,41.0,26.73,39.0,248.45,1.6,16.0,1020.33,
2005,12,11,16,-3.08,85.87,0.0,0.0,0.0,248.85,1.49,20.0,1020.04,
2005,12,11,17,-3.54,86.94,0.0,0.0,0.0,249.25,1.37,24.0,1019.74,
2005,12,11,18,-4.0,88.0,0.0,0.0,0.0,249.65,1.26,28.0,1019.44,
2005,12,11,19,-4.13,87.93,0.0,0.0,0.0,249.27,1.25,30.0,1019.48,
2005,12,11,20,-4.26,87.86,0.0,0.0,0.0,248.88,1.24,31.0,1019.51,
2005,12,11,21,-4.38,87.79,0.0,0.0,0.0,248.5,1.23,33.0,1019.54,
2005,12,11,22,-4.42,87.96,0.0,0.0,0.0,250.62,1.17,32.0,1019.38,
2005,12,11,23,-4.46,88.14,0.0,0.0,0.0,252.73,1.11,30.0,1019.21,
2005,12,12,0,-4.5,88.31,0.0,0.0,0.0,254.85,1.05,29.0,1019.05,
2005,12,12,1,-4.13,87.11,0.0,0.0,0.0,256.75,0.9,14.0,1019.15,
2005,12,12,2,-3.77,85.9,0.0,0.0,0.0,258.65,0.74,0.0,1019.24,
2005,12,12,3,-3.4,84.7,0.0,0.0,0.0,260.55,0.59,346.0,1019.34,
2005,12,12,4,-3.37,84.51,0.0,0.0,0.0,256.9,0.77,348.0,1019.21,
2005,12,12,5,-3.33,84.32,0.0,0.0,0.0,253.25,0.94,351.0,1019.08,
2005,12,12,6,-3.3,84.13,0.0,0.0,0.0,249.6,1.12,353.0,1018.95,
2005,12,12,7,-2.21,81.35,0.0,0.0,0.0,246.88,1.13,354.0,1019.11,
2005,12,12,8,-1.13,78.57,35.0,49.64,29.0,244.17,1.14,355.0,1019.28,
2005,12,12,9,-0.04,75.79,131.0,181.15,89.0,241.45,1.14,355.0,1019.44,
2005,12,12,10,0.78,73.04,233.0,377.16,117.0,240.33,1.21,355.0,1018.98,
2005,12,12,11,1.59,70.3,251.0,280.03,155.0,239.22,1.28,354.0,1018.52,
2005,12,12,12,2.4,67.55,144.0,17.9,138.0,238.1,1.35,353.0,1018.06,
2005,12,12,13,0.97,74.99,160.0,70.09,140.0,236.32,1.6,348.0,1018.12,
2005,12,12,14,-0.46,82.44,34.0,0.0,34.0,234.53,1.84,344.0,1018.19,
2005,12,12,15,-1.9,89.88,28.0,0.0,28.0,232.75,2.08,339.0,1018.25,
2005,12,12,16,-2.33,91.35,0.0,0.0,0.0,232.6,1.79,341.0,1018.02,
2005,12,12,17,-2.77,92.81,0.0,0.0,0.0,232.45,1.49,343.0,1017.79,
2005,12,12,18,-3.2,94.28,0.0,0.0,0.0,232.3,1.2,346.0,1017.56,
2005,12,12,19,-3.32,94.7,0.0,0.0,0.0,232.2,1.03,347.0,1017.4,
2005,12,12,20,-3.44,95.12,0.0,0.0,0.0,232.1,0.86,349.0,1017.23,
2005,12,12,21,-3.56,95.54,0.0,0.0,0.0,232.0,0.69,351.0,1017.07,
2005,12,12,22,-3.58,95.71,0.0,0.0,0.0,232.05,0.7,354.0,1016.57,
2005,12,12,23,-3.6,95.87,0.0,0.0,0.0,232.1,0.71,356.0,1016.08,
2005,12,13,0,-3.62,96.04,0.0,0.0,0.0,232.15,0.72,358.0,1015.58,
2005,12,13,1,-3.52,94.04,0.0,0.0,0.0,233.55,0.86,320.0,1015.25,
2005,12,13,2,-3.41,92.04,0.0,0.0,0.0,234.95,1.0,282.0,1014.92,
2005,12,13,3,-3.31,90.04,0.0,0.0,0.0,236.35,1.14,243.0,1014.59,
2005,12,13,4,-3.48,90.68,0.0,0.0,0.0,234.22,1.1,276.0,1013.97,
2005,12,13,5,-3.65,91.31,0.0,0.0,0.0,232.08,1.05,308.0,1013.34,
2005,12,13,6,-3.82,91.95,0.0,0.0,0.0,229.95,1.01,341.0,1012.71,
2005,12,13,7,-2.66,88.63,0.0,0.0,0.0,232.17,0.95,351.0,1012.51,
2005,12,13,8,-1.5,85.3,10.0,0.0,10.0,234.38,0.89,2.0,1012.32,
2005,12,13,9,-0.34,81.98,48.0,0.0,48.0,236.6,0.83,12.0,1012.12,
2005,12,13,10,0.41,79.51,53.0,0.0,53.0,241.97,1.03,12.0,1011.29,
2005,12,13,11,1.15,77.05,39.0,0.0,39.0,247.33,1.24,12.0,1010.47,
2005,12,13,12,1.89,74.58,33.0,0.0,33.0,252.7,1.45,11.0,1009.64,
2005,12,13,13,1.32,79.65,46.0,0.0,46.0,262.67,1.41,11.0,1009.87,
2005,12,13,14,0.74,84.73,46.0,0.0,46.0,272.63,1.37,10.0,1010.1,
2005,12,13,15,0.16,89.8,22.0,0.0,22.0,282.6,1.32,10.0,1010.34,
2005,12,13,16,0.03,90.46,0.0,0.0,0.0,282.35,1.52,12.0,1010.07,
2005,12,13,17,-0.11,91.11,0.0,0.0,0.0,282.1,1.71,13.0,1009.81,
2005,12,13,18,-0.24,91.77,0.0,0.0,0.0,281.85,1.9,14.0,1009.54,
2005,12,13,19,-0.47,92.35,0.0,0.0,0.0,281.45,1.84,14.0,1009.38,
2005,12,13,20,-0.7,92.94,0.0,0.0,0.0,281.05,1.77,13.0,1009.21,
2005,12,13,21,-0.93,93.52,0.0,0.0,0.0,280.65,1.71,13.0,1009.05,
2005,12,13,22,-1.04,93.56,0.0,0.0,0.0,279.88,1.6,9.0,1008.72,
2005,12,13,23,-1.14,93.6,0.0,0.0,0.0,279.12,1.5,6.0,1008.39,
2005,12,14,0,-1.24,93.64,0.0,0.0,0.0,278.35,1.39,3.0,1008.06,
2005,12,14,1,-1.43,92.57,0.0,0.0,0.0,279.92,1.31,354.0,1008.19,
2005,12,14,2,-1.63,91.51,0.0,0.0,0.0,281.48,1.23,346.0,1008.32,
2005,12,14,3,-1.82,90.44,0.0,0.0,0.0,283.05,1.14,338.0,1008.45,
2005,12,14,4,-1.81,90.19,0.0,0.0,0.0,284.92,0.97,321.0,1008.03,
2005,12,14,5,-1.8,89.93,0.0,0.0,0.0,286.78,0.8,304.0,1007.6,
2005,12,14,6,-1.79,89.68,0.0,0.0,0.0,288.65,0.62,288.0,1007.17,
2005,12,14,7,-1.0,87.86,0.0,0.0,0.0,288.85,0.81,275.0,1006.84,
2005,12,14,8,-0.21,86.04,37.0,68.27,29.0,289.05,1.0,262.0,1006.51,
2005,12,14,9,0.58,84.22,156.0,363.17,73.0,289.25,1.19,249.0,1006.18,
2005,12,14,10,1.21,81.58,81.0,0.0,81.0,286.05,1.58,251.0,1005.25,
2005,12,14,11,1.84,78.95,89.0,0.0,89.0,282.85,1.98,253.0,1004.33,
2005,12,14,12,2.47,76.31,46.0,0.0,46.0,279.65,2.37,255.0,1003.41,
2005,12,14,13,1.8,80.12,41.0,0.0,41.0,272.68,2.4,244.0,1003.14,
2005,12,14,14,1.13,83.94,29.0,0.0,29.0,265.72,2.44,233.0,1002.88,
2005,12,14,15,0.46,87.75,10.0,0.0,10.0,258.75,2.47,222.0,1002.61,
2005,12,14,16,0.3,89.25,0.0,0.0,0.0,258.18,2.83,223.0,1002.09,
2005,12,14,17,0.14,90.76,0.0,0.0,0.0,257.62,3.2,224.0,1001.56,
2005,12,14,18,-0.02,92.26,0.0,0.0,0.0,257.05,3.56,226.0,1001.03,
2005,12,14,19,0.13,92.0,0.0,0.0,0.0,263.02,3.91,228.0,1000.5,
2005,12,14,20,0.28,91.74,0.0,0.0,0.0,268.98,4.27,230.0,999.98,
2005,12,14,21,0.43,91.48,0.0,0.0,0.0,274.95,4.62,232.0,999.45,
2005,12,14,22,0.54,91.8,0.0,0.0,0.0,281.75,4.75,236.0,998.82,
2005,12,14,23,0.65,92.13,0.0,0.0,0.0,288.55,4.88,239.0,998.19,
2005,12,15,0,0.76,92.45,0.0,0.0,0.0,295.35,5.01,243.0,997.57,
2005,12,15,1,0.53,91.44,0.0,0.0,0.0,294.45,4.86,244.0,997.17,
2005,12,15,2,0.31,90.42,0.0,0.0,0.0,293.55,4.72,245.0,996.77,
2005,12,15,3,0.08,89.41,0.0,0.0,0.0,292.65,4.58,246.0,996.38,
2005,12,15,4,0.11,89.11,0.0,0.0,0.0,288.95,4.61,246.0,995.69,
2005,12,15,5,0.14,88.82,0.0,0.0,0.0,285.25,4.63,246.0,994.99,
2005,12,15,6,0.17,88.52,0.0,0.0,0.0,281.55,4.66,245.0,994.3,
2005,12,15,7,0.74,88.02,0.0,0.0,0.0,280.38,4.8,243.0,993.81,
2005,12,15,8,1.32,87.51,8.0,0.0,8.0,279.22,4.93,241.0,993.31,
2005,12,15,9,1.89,87.01,32.0,0.0,32.0,278.05,5.06,239.0,992.82,
2005,12,15,10,2.16,87.07,41.0,0.0,41.0,280.62,5.26,237.0,991.69,
2005,12,15,11,2.43,87.14,52.0,0.0,52.0,283.18,5.47,235.0,990.57,
2005,12,15,12,2.69,87.2,45.0,0.0,45.0,285.75,5.67,233.0,989.45,
2005,12,15,13,2.79,86.05,37.0,0.0,37.0,290.03,5.91,223.0,987.93,
2005,12,15,14,2.89,84.91,25.0,0.0,25.0,294.32,6.16,213.0,986.41,
2005,12,15,15,2.98,83.76,13.0,0.0,13.0,298.6,6.4,203.0,984.9,
2005,12,15,16,3.11,86.47,0.0,0.0,0.0,304.6,7.31,214.0,983.84,
2005,12,15,17,3.24,89.18,0.0,0.0,0.0,310.6,8.22,224.0,982.78,
2005,12,15,18,3.37,91.89,0.0,0.0,0.0,316.6,9.13,234.0,981.73,
2005,12,15,19,3.57,90.83,0.0,0.0,0.0,316.17,9.08,243.0,981.66,
2005,12,15,20,3.77,89.76,0.0,0.0,0.0,315.73,9.03,252.0,981.6,
2005,12,15,21,3.97,88.7,0.0,0.0,0.0,315.3,8.98,262.0,981.53,
2005,12,15,22,3.34,86.63,0.0,0.0,0.0,307.2,8.89,267.0,982.09,
2005,12,15,23,2.71,84.56,0.0,0.0,0.0,299.1,8.8,273.0,982.65,
2005,12,16,0,2.08,82.49,0.0,0.0,0.0,291.0,8.72,279.0,983.21,
2005,12,16,1,1.53,78.44,0.0,0.0,0.0,285.25,7.93,281.0,983.68,
2005,12,16,2,0.97,74.38,0.0,0.0,0.0,279.5,7.14,284.0,984.14,
2005,12,16,3,0.42,70.33,0.0,0.0,0.0,273.75,6.36,286.0,984.6,
2005,12,16,4,0.02,71.04,0.0,0.0,0.0,265.32,6.04,284.0,985.13,
2005,12,16,5,-0.39,71.75,0.0,0.0,0.0,256.88,5.72,283.0,985.66,
2005,12,16,6,-0.79,72.46,0.0,0.0,0.0,248.45,5.41,282.0,986.18,
2005,12,16,7,-0.25,71.31,0.0,0.0,0.0,243.85,5.58,282.0,986.88,
2005,12,16,8,0.29,70.17,27.0,26.34,24.0,239.25,5.75,282.0,987.57,
2005,12,16,9,0.83,69.02,78.0,17.72,74.0,234.65,5.92,282.0,988.26,
2005,12,16,10,1.25,64.65,117.0,16.53,112.0,236.97,5.96,286.0,988.16,
2005,12,16,11,1.67,60.29,128.0,8.85,125.0,239.28,6.01,289.0,988.06,
2005,12,16,12,2.09,55.92,139.0,15.03,134.0,241.6,6.06,292.0,987.97,
2005,12,16,13,1.68,58.41,121.0,14.08,117.0,242.9,5.41,288.0,988.66,
2005,12,16,14,1.27,60.89,97.0,30.54,91.0,244.2,4.76,284.0,989.35,
2005,12,16,15,0.85,63.38,35.0,13.18,34.0,245.5,4.11,280.0,990.04,
2005,12,16,16,0.05,68.26,0.0,0.0,0.0,241.92,3.68,274.0,990.44,
2005,12,16,17,-0.76,73.15,0.0,0.0,0.0,238.33,3.26,268.0,990.84,
2005,12,16,18,-1.56,78.03,0.0,0.0,0.0,234.75,2.83,262.0,991.23,
2005,12,16,19,-1.91,80.43,0.0,0.0,0.0,234.78,2.51,262.0,991.69,
2005,12,16,20,-2.25,82.83,0.0,0.0,0.0,234.82,2.19,261.0,992.16,
2005,12,16,21,-2.59,85.23,0.0,0.0,0.0,234.85,1.88,261.0,992.62,
2005,12,16,22,-2.82,86.73,0.0,0.0,0.0,235.28,1.53,278.0,992.88,
2005,12,16,23,-3.04,88.24,0.0,0.0,0.0,235.72,1.19,296.0,993.15,
2005,12,17,0,-3.26,89.74,0.0,0.0,0.0,236.15,0.84,313.0,993.41,
2005,12,17,1,-3.38,86.66,0.0,0.0,0.0,233.95,1.16,325.0,993.9,
2005,12,17,2,-3.51,83.57,0.0,0.0,0.0,231.75,1.49,336.0,994.4,
2005,12,17,3,-3.63,80.49,0.0,0.0,0.0,229.55,1.81,347.0,994.89,
2005,12,17,4,-3.76,79.73,0.0,0.0,0.0,229.35,1.93,348.0,995.52,
2005,12,17,5,-3.9,78.98,0.0,0.0,0.0,229.15,2.05,349.0,996.15,
2005,12,17,6,-4.03,78.22,0.0,0.0,0.0,228.95,2.17,350.0,996.77,
2005,12,17,7,-3.08,75.01,0.0,0.0,0.0,229.25,2.46,350.0,997.67,
2005,12,17,8,-2.14,71.8,31.0,44.47,26.0,229.55,2.76,349.0,998.56,
2005,12,17,9,-1.19,68.59,62.0,4.46,61.0,229.85,3.06,348.0,999.45,
2005,12,17,10,-0.72,64.59,131.0,36.49,120.0,230.52,3.52,349.0,999.71,
2005,12,17,11,-0.25,60.6,153.0,29.56,143.0,231.18,3.97,350.0,999.98,
2005,12,17,12,0.21,56.6,148.0,21.06,141.0,231.85,4.43,350.0,1000.24,
2005,12,17,13,-0.3,59.37,131.0,24.64,124.0,235.35,3.99,341.0,1001.26,
2005,12,17,14,-0.82,62.13,99.0,35.57,92.0,238.85,3.55,331.0,1002.28,
2005,12,17,15,-1.34,64.9,29.0,0.0,29.0,242.35,3.12,322.0,1003.31,
2005,12,17,16,-1.67,65.74,0.0,0.0,0.0,239.62,3.16,315.0,1003.87,
2005,12,17,17,-1.99,66.58,0.0,0.0,0.0,236.88,3.2,307.0,1004.43,
2005,12,17,18,-2.32,67.42,0.0,0.0,0.0,234.15,3.24,300.0,1004.99,
2005,12,17,19,-2.56,68.52,0.0,0.0,0.0,232.78,3.16,289.0,1005.35,
2005,12,17,20,-2.8,69.61,0.0,0.0,0.0,231.42,3.08,279.0,1005.72,
2005,12,17,21,-3.04,70.71,0.0,0.0,0.0,230.05,2.99,268.0,1006.08,
2005,12,17,22,-2.94,70.29,0.0,0.0,0.0,230.37,3.22,261.0,1006.18,
2005,12,17,23,-2.84,69.86,0.0,0.0,0.0,230.68,3.45,255.0,1006.28,
2005,12,18,0,-2.74,69.44,0.0,0.0,0.0,231.0,3.68,248.0,1006.38,
2005,12,18,1,-2.61,70.17,0.0,0.0,0.0,239.53,3.95,254.0,1006.64,
2005,12,18,2,-2.48,70.91,0.0,0.0,0.0,248.07,4.23,260.0,1006.9,
2005,12,18,3,-2.35,71.64,0.0,0.0,0.0,256.6,4.5,266.0,1007.17,
2005,12,18,4,-2.36,73.26,0.0,0.0,0.0,257.55,4.37,272.0,1007.56,
2005,12,18,5,-2.37,74.89,0.0,0.0,0.0,258.5,4.25,277.0,1007.96,
2005,12,18,6,-2.38,76.51,0.0,0.0,0.0,259.45,4.12,283.0,1008.36,
2005,12,18,7,-1.61,75.66,0.0,0.0,0.0,257.27,4.17,287.0,1008.98,
2005,12,18,8,-0.84,74.8,29.0,45.02,24.0,255.08,4.23,291.0,1009.61,
2005,12,18,9,-0.07,73.95,82.0,26.87,76.0,252.9,4.28,296.0,1010.24,
2005,12,18,10,0.37,70.89,131.0,36.6,120.0,252.28,4.51,301.0,1010.4,
2005,12,18,11,0.81,67.82,143.0,20.73,136.0,251.67,4.74,307.0,1010.57,
2005,12,18,12,1.25,64.76,137.0,12.04,133.0,251.05,4.98,313.0,1010.73,
2005,12,18,13,0.66,66.5,121.0,14.07,117.0,250.5,4.27,311.0,1011.42,
2005,12,18,14,0.06,68.23,39.0,0.0,39.0,249.95,3.56,308.0,1012.12,
2005,12,18,15,-0.54,69.97,24.0,0.0,24.0,249.4,2.86,306.0,1012.81,
2005,12,18,16,-0.95,72.1,0.0,0.0,0.0,249.67,2.59,301.0,1013.24,
2005,12,18,17,-1.35,74.23,0.0,0.0,0.0,249.93,2.33,296.0,1013.67,
2005,12,18,18,-1.76,76.36,0.0,0.0,0.0,250.2,2.07,291.0,1014.1,
2005,12,18,19,-2.06,78.45,0.0,0.0,0.0,252.17,1.85,277.0,1014.53,
2005,12,18,20,-2.36,80.53,0.0,0.0,0.0,254.13,1.64,264.0,1014.95,
2005,12,18,21,-2.66,82.62,0.0,0.0,0.0,256.1,1.42,250.0,1015.38,
2005,12,18,22,-2.66,83.86,0.0,0.0,0.0,254.87,1.58,235.0,1015.55,
2005,12,18,23,-2.66,85.11,0.0,0.0,0.0,253.63,1.73,219.0,1015.71,
2005,12,19,0,-2.66,86.35,0.0,0.0,0.0,252.4,1.89,203.0,1015.88,
2005,12,19,1,-2.64,86.79,0.0,0.0,0.0,257.07,2.31,197.0,1015.98,
2005,12,19,2,-2.61,87.24,0.0,0.0,0.0,261.73,2.74,191.0,1016.08,
2005,12,19,3,-2.59,87.68,0.0,0.0,0.0,266.4,3.16,185.0,1016.18,
2005,12,19,4,-2.46,88.78,0.0,0.0,0.0,270.52,2.94,182.0,1016.08,
2005,12,19,5,-2.33,89.87,0.0,0.0,0.0,274.63,2.72,180.0,1015.98,
2005,12,19,6,-2.2,90.97,0.0,0.0,0.0,278.75,2.5,177.0,1015.88,
2005,12,19,7,-1.62,89.41,0.0,0.0,0.0,281.75,2.76,182.0,1016.01,
2005,12,19,8,-1.05,87.85,5.0,0.0,5.0,284.75,3.03,188.0,1016.14,
2005,12,19,9,-0.47,86.29,66.0,9.0,64.0,287.75,3.3,194.0,1016.27,
2005,12,19,10,-0.05,83.81,51.0,0.0,51.0,291.87,3.36,204.0,1015.81,
2005,12,19,11,0.36,81.33,126.0,8.89,123.0,295.98,3.42,214.0,1015.35,
2005,12,19,12,0.77,78.85,154.0,30.12,144.0,300.1,3.48,225.0,1014.89,
2005,12,19,13,0.49,78.85,87.0,0.0,87.0,297.18,3.29,221.0,1014.99,
2005,12,19,14,0.21,78.86,40.0,0.0,40.0,294.27,3.1,217.0,1015.09,
2005,12,19,15,-0.08,78.86,18.0,0.0,18.0,291.35,2.91,214.0,1015.19,
2005,12,19,16,-0.13,79.74,0.0,0.0,0.0,288.73,3.12,217.0,1014.86,
2005,12,19,17,-0.17,80.62,0.0,0.0,0.0,286.12,3.32,221.0,1014.53,
2005,12,19,18,-0.22,81.5,0.0,0.0,0.0,283.5,3.53,224.0,1014.2,
2005,12,19,19,-0.07,83.73,0.0,0.0,0.0,287.65,3.84,228.0,1013.77,
2005,12,19,20,0.08,85.96,0.0,0.0,0.0,291.8,4.15,232.0,1013.34,
2005,12,19,21,0.23,88.19,0.0,0.0,0.0,295.95,4.46,236.0,1012.91,
2005,12,19,22,0.47,90.19,0.0,0.0,0.0,300.1,4.66,240.0,1012.45,
2005,12,19,23,0.72,92.19,0.0,0.0,0.0,304.25,4.87,245.0,1011.99,
2005,12,20,0,0.96,94.19,0.0,0.0,0.0,308.4,5.08,250.0,1011.52,
2005,12,20,1,0.91,94.08,0.0,0.0,0.0,306.85,4.9,254.0,1011.16,
2005,12,20,2,0.85,93.98,0.0,0.0,0.0,305.3,4.73,259.0,1010.8,
2005,12,20,3,0.8,93.87,0.0,0.0,0.0,303.75,4.55,263.0,1010.43,
2005,12,20,4,0.63,94.77,0.0,0.0,0.0,304.57,4.23,270.0,1010.37,
2005,12,20,5,0.45,95.66,0.0,0.0,0.0,305.38,3.91,277.0,1010.3,
2005,12,20,6,0.28,96.56,0.0,0.0,0.0,306.2,3.59,283.0,1010.24,
2005,12,20,7,0.59,95.83,0.0,0.0,0.0,306.03,3.58,296.0,1010.9,
2005,12,20,8,0.9,95.1,38.0,128.83,24.0,305.87,3.57,308.0,1011.56,
2005,12,20,9,1.21,94.37,31.0,0.0,31.0,305.7,3.56,320.0,1012.22,
2005,12,20,10,1.24,93.02,96.0,3.34,95.0,302.27,4.11,330.0,1012.65,
2005,12,20,11,1.26,91.67,108.0,2.97,107.0,298.83,4.66,340.0,1013.07,
2005,12,20,12,1.28,90.32,94.0,0.0,94.0,295.4,5.21,350.0,1013.5,
2005,12,20,13,0.62,89.49,50.0,0.0,50.0,296.3,4.89,351.0,1014.43,
2005,12,20,14,-0.04,88.65,108.0,55.44,97.0,297.2,4.57,352.0,1015.35,
2005,12,20,15,-0.7,87.82,44.0,38.07,41.0,298.1,4.25,354.0,1016.27,
2005,12,20,16,-1.32,87.0,0.0,0.0,0.0,293.4,4.11,356.0,1016.87,
2005,12,20,17,-1.93,86.17,0.0,0.0,0.0,288.7,3.96,359.0,1017.46,
2005,12,20,18,-2.55,85.35,0.0,0.0,0.0,284.0,3.82,1.0,1018.06,
2005,12,20,19,-3.13,85.3,0.0,0.0,0.0,274.58,3.37,1.0,1018.62,
2005,12,20,20,-3.7,85.24,0.0,0.0,0.0,265.17,2.93,1.0,1019.18,
2005,12,20,21,-4.27,85.19,0.0,0.0,0.0,255.75,2.48,1.0,1019.74,
2005,12,20,22,-4.59,85.53,0.0,0.0,0.0,249.75,2.45,359.0,1019.94,
2005,12,20,23,-4.9,85.88,0.0,0.0,0.0,243.75,2.42,357.0,1020.14,
2005,12,21,0,-5.21,86.22,0.0,0.0,0.0,237.75,2.39,354.0,1020.33,
2005,12,21,1,-5.34,86.66,0.0,0.0,0.0,233.15,1.89,321.0,1020.1,
2005,12,21,2,-5.46,87.1,0.0,0.0,0.0,228.55,1.38,288.0,1019.87,
2005,12,21,3,-5.59,87.54,0.0,0.0,0.0,223.95,0.88,255.0,1019.64,
2005,12,21,4,-5.46,87.98,0.0,0.0,0.0,226.8,1.26,239.0,1019.28,
2005,12,21,5,-5.34,88.43,0.0,0.0,0.0,229.65,1.64,222.0,1018.91,
2005,12,21,6,-5.21,88.87,0.0,0.0,0.0,232.5,2.01,206.0,1018.55,
2005,12,21,7,-4.31,87.83,0.0,0.0,0.0,241.82,2.22,209.0,1018.35,
2005,12,21,8,-3.4,86.8,31.0,65.03,24.0,251.13,2.42,212.0,1018.16,
2005,12,21,9,-2.5,85.76,99.0,77.08,82.0,260.45,2.62,215.0,1017.96,
2005,12,21,10,-1.86,84.71,87.0,0.0,87.0,266.08,2.81,220.0,1017.1,
2005,12,21,11,-1.22,83.66,44.0,0.0,44.0,271.72,3.0,224.0,1016.24,
2005,12,21,12,-0.58,82.61,48.0,0.0,48.0,277.35,3.19,229.0,1015.38,
2005,12,21,13,-0.89,85.96,34.0,0.0,34.0,283.2,3.03,223.0,1015.02,
2005,12,21,14,-1.2,89.31,47.0,0.0,47.0,289.05,2.88,217.0,1014.66,
2005,12,21,15,-1.52,92.66,20.0,0.0,20.0,294.9,2.73,211.0,1014.29,
2005,12,21,16,-1.24,93.9,0.0,0.0,0.0,296.93,2.77,219.0,1013.7,
2005,12,21,17,-0.95,95.13,0.0,0.0,0.0,298.97,2.8,227.0,1013.11,
2005,12,21,18,-0.67,96.37,0.0,0.0,0.0,301.0,2.84,235.0,1012.51,
2005,12,21,19,-0.51,96.66,0.0,0.0,0.0,303.98,2.51,247.0,1012.18,
2005,12,21,20,-0.35,96.95,0.0,0.0,0.0,306.97,2.18,259.0,1011.85,
2005,12,21,21,-0.19,97.24,0.0,0.0,0.0,309.95,1.85,272.0,1011.52,
2005,12,21,22,-0.15,96.97,0.0,0.0,0.0,309.33,1.54,285.0,1011.42,
2005,12,21,23,-0.11,96.71,0.0,0.0,0.0,308.72,1.22,299.0,1011.33,
2005,12,22,0,-0.07,96.44,0.0,0.0,0.0,308.1,0.91,312.0,1011.23,
2005,12,22,1,-1.25,95.96,0.0,0.0,0.0,297.73,1.12,325.0,1011.75,
2005,12,22,2,-2.42,95.49,0.0,0.0,0.0,287.37,1.32,338.0,1012.28,
2005,12,22,3,-3.6,95.01,0.0,0.0,0.0,277.0,1.53,350.0,1012.81,
2005,12,22,4,-3.96,94.92,0.0,0.0,0.0,273.23,1.41,333.0,1012.78,
2005,12,22,5,-4.31,94.84,0.0,0.0,0.0,269.47,1.28,315.0,1012.74,
2005,12,22,6,-4.67,94.75,0.0,0.0,0.0,265.7,1.16,298.0,1012.71,
2005,12,22,7,-3.51,94.48,0.0,0.0,0.0,267.73,1.32,293.0,1013.07,
2005,12,22,8,-2.34,94.21,14.0,0.0,14.0,269.77,1.48,289.0,1013.44,
2005,12,22,9,-1.18,93.94,48.0,0.0,48.0,271.8,1.64,284.0,1013.8,
2005,12,22,10,-0.33,92.49,70.0,0.0,70.0,279.73,1.93,289.0,1013.64,
2005,12,22,11,0.52,91.03,28.0,0.0,28.0,287.67,2.21,295.0,1013.47,
2005,12,22,12,1.36,89.58,48.0,0.0,48.0,295.6,2.5,300.0,1013.31,
2005,12,22,13,0.35,89.86,26.0,0.0,26.0,281.9,2.04,284.0,1013.73,
2005,12,22,14,-0.66,90.14,84.0,9.99,82.0,268.2,1.58,269.0,1014.16,
2005,12,22,15,-1.68,90.42,16.0,0.0,16.0,254.5,1.12,253.0,1014.59,
2005,12,22,16,-2.48,92.13,0.0,0.0,0.0,253.67,1.09,247.0,1014.72,
2005,12,22,17,-3.27,93.85,0.0,0.0,0.0,252.83,1.06,240.0,1014.86,
2005,12,22,18,-4.07,95.56,0.0,0.0,0.0,252.0,1.03,234.0,1014.99,
2005,12,22,19,-4.38,95.8,0.0,0.0,0.0,251.93,1.14,224.0,1015.05,
2005,12,22,20,-4.68,96.03,0.0,0.0,0.0,251.87,1.25,214.0,1015.12,
2005,12,22,21,-4.98,96.27,0.0,0.0,0.0,251.8,1.35,205.0,1015.19,
2005,12,22,22,-4.68,96.35,0.0,0.0,0.0,253.22,1.51,205.0,1015.22,
2005,12,22,23,-4.37,96.44,0.0,0.0,0.0,254.63,1.66,205.0,1015.25,
2005,12,23,0,-4.07,96.52,0.0,0.0,0.0,256.05,1.82,205.0,1015.28,
2005,12,23,1,-4.78,96.05,0.0,0.0,0.0,257.73,1.84,198.0,1015.19,
2005,12,23,2,-5.49,95.57,0.0,0.0,0.0,259.42,1.86,191.0,1015.09,
2005,12,23,3,-6.2,95.1,0.0,0.0,0.0,261.1,1.88,183.0,1014.99,
2005,12,23,4,-5.81,95.17,0.0,0.0,0.0,268.33,1.9,184.0,1014.72,
2005,12,23,5,-5.42,95.23,0.0,0.0,0.0,275.57,1.93,185.0,1014.46,
2005,12,23,6,-5.03,95.3,0.0,0.0,0.0,282.8,1.96,186.0,1014.2,
2005,12,23,7,-4.19,95.66,0.0,0.0,0.0,286.4,2.17,189.0,1014.03,
2005,12,23,8,-3.34,96.02,13.0,0.0,13.0,290.0,2.39,192.0,1013.87,
2005,12,23,9,-2.5,96.38,69.0,13.68,66.0,293.6,2.61,195.0,1013.7,
2005,12,23,10,-1.64,95.6,44.0,0.0,44.0,296.05,2.81,202.0,1012.98,
2005,12,23,11,-0.78,94.81,28.0,0.0,28.0,298.5,3.01,209.0,1012.25,
2005,12,23,12,0.08,94.03,103.0,0.0,103.0,300.95,3.21,216.0,1011.52,
2005,12,23,13,0.44,94.65,62.0,0.0,62.0,305.4,3.11,219.0,1011.0,
2005,12,23,14,0.79,95.26,18.0,0.0,18.0,309.85,3.0,222.0,1010.47,
2005,12,23,15,1.14,95.88,17.0,0.0,17.0,314.3,2.9,224.0,1009.94,
2005,12,23,16,1.39,95.88,0.0,0.0,0.0,315.15,2.8,231.0,1009.61,
2005,12,23,17,1.64,95.88,0.0,0.0,0.0,316.0,2.69,237.0,1009.28,
2005,12,23,18,1.89,95.88,0.0,0.0,0.0,316.85,2.59,243.0,1008.95,
2005,12,23,19,2.01,95.86,0.0,0.0,0.0,316.88,2.63,251.0,1008.69,
2005,12,23,20,2.13,95.84,0.0,0.0,0.0,316.92,2.67,258.0,1008.42,
2005,12,23,21,2.26,95.82,0.0,0.0,0.0,316.95,2.7,265.0,1008.16,
2005,12,23,22,2.33,95.62,0.0,0.0,0.0,313.45,2.8,269.0,1007.96,
2005,12,23,23,2.41,95.41,0.0,0.0,0.0,309.95,2.9,272.0,1007.76,
2005,12,24,0,2.48,95.21,0.0,0.0,0.0,306.45,2.99,275.0,1007.56,
2005,12,24,1,2.01,94.45,0.0,0.0,0.0,301.45,3.04,275.0,1007.2,
2005,12,24,2,1.54,93.69,0.0,0.0,0.0,296.45,3.09,276.0,1006.84,
2005,12,24,3,1.07,92.93,0.0,0.0,0.0,291.45,3.14,277.0,1006.48,
2005,12,24,4,0.96,92.69,0.0,0.0,0.0,290.45,3.2,277.0,1006.24,
2005,12,24,5,0.85,92.45,0.0,0.0,0.0,289.45,3.26,278.0,1006.01,
2005,12,24,6,0.74,92.21,0.0,0.0,0.0,288.45,3.32,278.0,1005.78,
2005,12,24,7,1.3,91.53,0.0,0.0,0.0,285.73,3.49,275.0,1005.88,
2005,12,24,8,1.87,90.84,23.0,19.01,21.0,283.02,3.65,272.0,1005.98,
2005,12,24,9,2.43,90.16,83.0,31.97,76.0,280.3,3.81,269.0,1006.08,
2005,12,24,10,2.93,89.18,118.0,20.13,112.0,281.58,3.89,268.0,1005.78,
2005,12,24,11,3.43,88.21,208.0,142.39,160.0,282.87,3.98,268.0,1005.49,
2005,12,24,12,3.92,87.23,48.0,0.0,48.0,284.15,4.07,267.0,1005.19,
2005,12,24,13,3.62,88.01,47.0,0.0,47.0,284.28,3.61,267.0,1005.19,
2005,12,24,14,3.31,88.79,38.0,0.0,38.0,284.42,3.16,267.0,1005.19,
2005,12,24,15,3.0,89.57,15.0,0.0,15.0,284.55,2.7,267.0,1005.19,
2005,12,24,16,2.59,90.68,0.0,0.0,0.0,284.25,2.68,268.0,1005.32,
2005,12,24,17,2.19,91.78,0.0,0.0,0.0,283.95,2.65,269.0,1005.45,
2005,12,24,18,1.78,92.89,0.0,0.0,0.0,283.65,2.62,270.0,1005.58,
2005,12,24,19,1.58,93.37,0.0,0.0,0.0,287.4,2.51,275.0,1005.68,
2005,12,24,20,1.39,93.84,0.0,0.0,0.0,291.15,2.4,279.0,1005.78,
2005,12,24,21,1.2,94.32,0.0,0.0,0.0,294.9,2.29,284.0,1005.88,
2005,12,24,22,0.98,94.69,0.0,0.0,0.0,295.42,1.97,290.0,1006.01,
2005,12,24,23,0.77,95.07,0.0,0.0,0.0,295.93,1.65,296.0,1006.15,
2005,12,25,0,0.55,95.44,0.0,0.0,0.0,296.45,1.32,302.0,1006.28,
2005,12,25,1,-0.29,95.49,0.0,0.0,0.0,281.88,1.26,295.0,1006.11,
2005,12,25,2,-1.14,95.54,0.0,0.0,0.0,267.32,1.19,289.0,1005.95,
2005,12,25,3,-1.98,95.59,0.0,0.0,0.0,252.75,1.12,282.0,1005.78,
2005,12,25,4,-2.19,96.29,0.0,0.0,0.0,255.62,1.11,341.0,1005.65,
2005,12,25,5,-2.4,97.0,0.0,0.0,0.0,258.48,1.11,39.0,1005.52,
2005,12,25,6,-2.61,97.7,0.0,0.0,0.0,261.35,1.1,98.0,1005.39,
2005,12,25,7,-1.83,96.97,0.0,0.0,0.0,271.27,1.43,95.0,1005.25,
2005,12,25,8,-1.04,96.23,7.0,0.0,7.0,281.18,1.76,92.0,1005.12,
2005,12,25,9,-0.26,95.5,29.0,0.0,29.0,291.1,2.08,89.0,1004.99,
2005,12,25,10,0.27,94.72,53.0,0.0,53.0,295.93,2.13,83.0,1004.26,
2005,12,25,11,0.79,93.93,75.0,0.0,75.0,300.77,2.17,76.0,1003.54,
2005,12,25,12,1.31,93.15,121.0,5.98,119.0,305.6,2.22,70.0,1002.81,
2005,12,25,13,1.1,93.91,53.0,0.0,53.0,306.53,2.16,62.0,1002.55,
2005,12,25,14,0.89,94.66,72.0,0.0,72.0,307.47,2.09,54.0,1002.28,
2005,12,25,15,0.67,95.42,19.0,0.0,19.0,308.4,2.03,47.0,1002.02,
2005,12,25,16,0.54,95.16,0.0,0.0,0.0,309.78,2.01,45.0,1001.82,
2005,12,25,17,0.42,94.91,0.0,0.0,0.0,311.17,2.0,44.0,1001.62,
2005,12,25,18,0.29,94.65,0.0,0.0,0.0,312.55,1.99,43.0,1001.43,
2005,12,25,19,0.09,94.7,0.0,0.0,0.0,312.38,1.86,44.0,1001.33,
2005,12,25,20,-0.11,94.74,0.0,0.0,0.0,312.22,1.73,44.0,1001.23,
2005,12,25,21,-0.31,94.79,0.0,0.0,0.0,312.05,1.6,45.0,1001.13,
2005,12,25,22,-0.29,94.92,0.0,0.0,0.0,312.85,1.59,48.0,1000.97,
2005,12,25,23,-0.26,95.04,0.0,0.0,0.0,313.65,1.58,52.0,1000.8,
2005,12,26,0,-0.23,95.17,0.0,0.0,0.0,314.45,1.57,55.0,1000.64,
2005,12,26,1,-0.87,94.59,0.0,0.0,0.0,305.02,1.68,55.0,1000.5,
2005,12,26,2,-1.51,94.01,0.0,0.0,0.0,295.58,1.78,56.0,1000.37,
2005,12,26,3,-2.15,93.43,0.0,0.0,0.0,286.15,1.89,57.0,1000.24,
2005,12,26,4,-1.95,93.42,0.0,0.0,0.0,288.83,2.04,60.0,1000.04,
2005,12,26,5,-1.75,93.4,0.0,0.0,0.0,291.52,2.18,63.0,999.84,
2005,12,26,6,-1.55,93.39,0.0,0.0,0.0,294.2,2.33,66.0,999.65,
2005,12,26,7,-0.64,93.38,0.0,0.0,0.0,297.67,2.57,71.0,999.61,
2005,12,26,8,0.27,93.38,16.0,0.0,16.0,301.13,2.81,77.0,999.58,
2005,12,26,9,1.18,93.37,29.0,0.0,29.0,304.6,3.05,82.0,999.55,
2005,12,26,10,2.14,92.73,37.0,0.0,37.0,299.57,3.04,87.0,998.99,
2005,12,26,11,3.1,92.09,28.0,0.0,28.0,294.53,3.03,91.0,998.42,
2005,12,26,12,4.05,91.45,78.0,0.0,78.0,289.5,3.02,96.0,997.86,
2005,12,26,13,3.9,92.16,66.0,0.0,66.0,293.98,3.07,112.0,997.4,
2005,12,26,14,3.74,92.87,40.0,0.0,40.0,298.47,3.12,127.0,996.94,
2005,12,26,15,3.58,93.58,8.0,0.0,8.0,302.95,3.17,143.0,996.48,
2005,12,26,16,3.62,93.98,0.0,0.0,0.0,303.83,3.25,150.0,996.54,
2005,12,26,17,3.65,94.37,0.0,0.0,0.0,304.72,3.32,157.0,996.61,
2005,12,26,18,3.69,94.77,0.0,0.0,0.0,305.6,3.39,163.0,996.68,
2005,12,26,19,3.54,95.17,0.0,0.0,0.0,304.97,3.19,160.0,996.77,
2005,12,26,20,3.4,95.56,0.0,0.0,0.0,304.33,2.98,156.0,996.87,
2005,12,26,21,3.26,95.96,0.0,0.0,0.0,303.7,2.77,152.0,996.97,
2005,12,26,22,3.4,95.03,0.0,0.0,0.0,310.35,2.86,142.0,996.54,
2005,12,26,23,3.54,94.11,0.0,0.0,0.0,317.0,2.94,133.0,996.11,
2005,12,27,0,3.68,93.18,0.0,0.0,0.0,323.65,3.02,124.0,995.69,
2005,12,27,1,3.92,93.18,0.0,0.0,0.0,325.6,3.62,123.0,994.99,
2005,12,27,2,4.15,93.19,0.0,0.0,0.0,327.55,4.23,123.0,994.3,
2005,12,27,3,4.39,93.19,0.0,0.0,0.0,329.5,4.83,122.0,993.61,
2005,12,27,4,5.13,93.65,0.0,0.0,0.0,334.27,5.47,128.0,992.45,
2005,12,27,5,5.88,94.11,0.0,0.0,0.0,339.03,6.11,134.0,991.3,
2005,12,27,6,6.62,94.57,0.0,0.0,0.0,343.8,6.76,141.0,990.14,
2005,12,27,7,7.24,94.11,0.0,0.0,0.0,342.03,7.12,147.0,989.78,
2005,12,27,8,7.85,93.64,16.0,0.0,16.0,340.27,7.48,153.0,989.42,
2005,12,27,9,8.47,93.18,75.0,18.32,71.0,338.5,7.83,159.0,989.05,
2005,12,27,10,8.91,92.33,142.0,56.97,125.0,336.05,7.57,163.0,988.76,
2005,12,27,11,9.35,91.47,141.0,20.68,134.0,333.6,7.31,166.0,988.46,
2005,12,27,12,9.79,90.62,89.0,0.0,89.0,331.15,7.05,170.0,988.16,
2005,12,27,13,8.98,92.0,211.0,223.47,146.0,324.27,6.22,178.0,988.92,
2005,12,27,14,8.17,93.38,174.0,363.39,99.0,317.38,5.39,187.0,989.68,
2005,12,27,15,7.35,94.76,29.0,0.0,29.0,310.5,4.57,196.0,990.44,
2005,12,27,16,6.97,95.77,0.0,0.0,0.0,311.58,4.34,194.0,990.84,
2005,12,27,17,6.59,96.79,0.0,0.0,0.0,312.67,4.11,193.0,991.23,
2005,12,27,18,6.21,97.8,0.0,0.0,0.0,313.75,3.89,191.0,991.63,
2005,12,27,19,6.1,97.3,0.0,0.0,0.0,310.42,4.21,189.0,992.19,
2005,12,27,20,5.99,96.81,0.0,0.0,0.0,307.08,4.53,188.0,992.75,
2005,12,27,21,5.89,96.31,0.0,0.0,0.0,303.75,4.86,186.0,993.31,
2005,12,27,22,5.97,95.12,0.0,0.0,0.0,299.77,5.03,187.0,993.81,
2005,12,27,23,6.06,93.94,0.0,0.0,0.0,295.78,5.2,188.0,994.3,
2005,12,28,0,6.14,92.75,0.0,0.0,0.0,291.8,5.37,189.0,994.8,
2005,12,28,1,5.41,93.8,0.0,0.0,0.0,298.12,4.89,207.0,996.08,
2005,12,28,2,4.68,94.86,0.0,0.0,0.0,304.43,4.41,225.0,997.37,
2005,12,28,3,3.95,95.91,0.0,0.0,0.0,310.75,3.93,243.0,998.66,
2005,12,28,4,2.87,96.05,0.0,0.0,0.0,300.35,3.26,247.0,999.74,
2005,12,28,5,1.79,96.19,0.0,0.0,0.0,289.95,2.58,252.0,1000.83,
2005,12,28,6,0.71,96.33,0.0,0.0,0.0,279.55,1.9,256.0,1001.92,
2005,12,28,7,1.15,95.34,0.0,0.0,0.0,274.75,1.68,255.0,1003.11,
2005,12,28,8,1.58,94.35,16.0,0.0,16.0,269.95,1.45,254.0,1004.3,
2005,12,28,9,2.02,93.36,96.0,68.67,81.0,265.15,1.23,253.0,1005.49,
2005,12,28,10,2.74,90.67,54.0,0.0,54.0,265.8,1.03,288.0,1005.68,
2005,12,28,11,3.46,87.97,193.0,100.23,159.0,266.45,0.84,323.0,1005.88,
2005,12,28,12,4.17,85.28,213.0,139.47,166.0,267.1,0.65,358.0,1006.08,
2005,12,28,13,2.67,86.79,70.0,0.0,70.0,264.75,1.09,22.0,1006.84,
2005,12,28,14,1.17,88.31,86.0,9.62,84.0,262.4,1.53,45.0,1007.6,
2005,12,28,15,-0.34,89.82,19.0,0.0,19.0,260.05,1.97,68.0,1008.36,
2005,12,28,16,-0.47,90.9,0.0,0.0,0.0,258.2,2.18,71.0,1008.29,
2005,12,28,17,-0.61,91.99,0.0,0.0,0.0,256.35,2.39,73.0,1008.22,
2005,12,28,18,-0.74,93.07,0.0,0.0,0.0,254.5,2.59,76.0,1008.16,
2005,12,28,19,-0.41,93.7,0.0,0.0,0.0,263.95,2.98,75.0,1007.66,
2005,12,28,20,-0.08,94.32,0.0,0.0,0.0,273.4,3.37,74.0,1007.17,
2005,12,28,21,0.25,94.95,0.0,0.0,0.0,282.85,3.77,72.0,1006.67,
2005,12,28,22,0.51,94.78,0.0,0.0,0.0,291.98,4.05,69.0,1005.52,
2005,12,28,23,0.77,94.62,0.0,0.0,0.0,301.12,4.34,65.0,1004.36,
2005,12,29,0,1.03,94.45,0.0,0.0,0.0,310.25,4.62,62.0,1003.21,
2005,12,29,1,2.2,92.11,0.0,0.0,0.0,314.55,5.09,79.0,1001.36,
2005,12,29,2,3.37,89.77,0.0,0.0,0.0,318.85,5.56,96.0,999.51,
2005,12,29,3,4.54,87.43,0.0,0.0,0.0,323.15,6.03,114.0,997.67,
2005,12,29,4,5.24,89.22,0.0,0.0,0.0,328.47,6.41,126.0,996.58,
2005,12,29,5,5.93,91.01,0.0,0.0,0.0,333.78,6.79,138.0,995.49,
2005,12,29,6,6.63,92.8,0.0,0.0,0.0,339.1,7.17,150.0,994.4,
2005,12,29,7,6.14,94.91,0.0,0.0,0.0,339.62,6.83,172.0,994.53,
2005,12,29,8,5.64,97.01,10.0,0.0,10.0,340.13,6.48,194.0,994.66,
2005,12,29,9,5.15,99.12,32.0,0.0,32.0,340.65,6.14,215.0,994.8,
2005,12,29,10,3.33,97.29,41.0,0.0,41.0,329.43,6.69,220.0,995.98,
2005,12,29,11,1.51,95.45,128.0,8.82,125.0,318.22,7.25,225.0,997.17,
2005,12,29,12,-0.31,93.62,34.0,0.0,34.0,307.0,7.81,229.0,998.36,
2005,12,29,13,-1.04,91.24,26.0,0.0,26.0,299.13,7.48,233.0,1000.6,
2005,12,29,14,-1.77,88.86,26.0,0.0,26.0,291.27,7.15,236.0,1002.85,
2005,12,29,15,-2.5,86.48,9.0,0.0,9.0,283.4,6.83,240.0,1005.09,
2005,12,29,16,-2.66,84.38,0.0,0.0,0.0,273.97,6.45,239.0,1005.91,
2005,12,29,17,-2.83,82.28,0.0,0.0,0.0,264.53,6.07,238.0,1006.74,
2005,12,29,18,-2.99,80.18,0.0,0.0,0.0,255.1,5.7,237.0,1007.56,
2005,12,29,19,-3.04,77.74,0.0,0.0,0.0,249.03,5.44,235.0,1007.93,
2005,12,29,20,-3.09,75.3,0.0,0.0,0.0,242.97,5.18,233.0,1008.29,
2005,12,29,21,-3.13,72.86,0.0,0.0,0.0,236.9,4.92,231.0,1008.65,
2005,12,29,22,-3.15,72.84,0.0,0.0,0.0,233.2,4.44,224.0,1008.62,
2005,12,29,23,-3.17,72.81,0.0,0.0,0.0,229.5,3.96,217.0,1008.59,
2005,12,30,0,-3.19,72.79,0.0,0.0,0.0,225.8,3.48,210.0,1008.55,
2005,12,30,1,-3.36,74.0,0.0,0.0,0.0,227.93,3.2,202.0,1008.55,
2005,12,30,2,-3.52,75.22,0.0,0.0,0.0,230.07,2.92,193.0,1008.55,
2005,12,30,3,-3.69,76.43,0.0,0.0,0.0,232.2,2.65,185.0,1008.55,
2005,12,30,4,-3.65,77.2,0.0,0.0,0.0,232.18,2.87,182.0,1008.26,
2005,12,30,5,-3.6,77.96,0.0,0.0,0.0,232.17,3.09,180.0,1007.96,
2005,12,30,6,-3.56,78.73,0.0,0.0,0.0,232.15,3.31,177.0,1007.66,
2005,12,30,7,-2.49,77.63,0.0,0.0,0.0,229.43,3.77,179.0,1007.7,
2005,12,30,8,-1.42,76.53,31.0,96.58,21.0,226.72,4.24,182.0,1007.73,
2005,12,30,9,-0.35,75.43,139.0,306.05,72.0,224.0,4.7,184.0,1007.76,
2005,12,30,10,0.59,72.5,267.0,686.84,61.0,225.75,4.92,186.0,1007.1,
2005,12,30,11,1.53,69.56,314.0,650.96,92.0,227.5,5.14,189.0,1006.44,
2005,12,30,12,2.47,66.63,299.0,500.81,129.0,229.25,5.37,191.0,1005.78,
2005,12,30,13,2.27,68.1,137.0,27.09,129.0,234.68,5.03,194.0,1006.05,
2005,12,30,14,2.06,69.58,101.0,28.36,95.0,240.12,4.7,196.0,1006.31,
2005,12,30,15,1.85,71.05,35.0,0.0,35.0,245.55,4.37,199.0,1006.57,
2005,12,30,16,1.59,72.27,0.0,0.0,0.0,247.42,4.17,197.0,1006.67,
2005,12,30,17,1.34,73.48,0.0,0.0,0.0,249.28,3.98,194.0,1006.77,
2005,12,30,18,1.08,74.7,0.0,0.0,0.0,251.15,3.78,192.0,1006.87,
2005,12,30,19,0.96,75.24,0.0,0.0,0.0,251.78,3.66,189.0,1006.94,
2005,12,30,20,0.85,75.77,0.0,0.0,0.0,252.42,3.54,185.0,1007.0,
2005,12,30,21,0.74,76.31,0.0,0.0,0.0,253.05,3.42,182.0,1007.07,
2005,12,30,22,0.79,72.36,0.0,0.0,0.0,255.3,3.12,182.0,1006.94,
2005,12,30,23,0.84,68.41,0.0,0.0,0.0,257.55,2.81,182.0,1006.81,
2005,12,31,0,0.89,64.46,0.0,0.0,0.0,259.8,2.51,182.0,1006.67,
2005,12,31,1,1.57,63.15,0.0,0.0,0.0,273.87,3.04,172.0,1006.21,
2005,12,31,2,2.25,61.85,0.0,0.0,0.0,287.93,3.57,161.0,1005.75,
2005,12,31,3,2.94,60.54,0.0,0.0,0.0,302.0,4.1,150.0,1005.29,
2005,12,31,4,3.36,59.26,0.0,0.0,0.0,307.28,4.46,150.0,1004.69,
2005,12,31,5,3.79,57.99,0.0,0.0,0.0,312.57,4.81,150.0,1004.1,
2005,12,31,6,4.21,56.71,0.0,0.0,0.0,317.85,5.17,150.0,1003.51,
2005,12,31,7,4.86,58.63,0.0,0.0,0.0,316.65,5.45,152.0,1003.37,
2005,12,31,8,5.5,60.56,17.0,0.0,17.0,315.45,5.72,154.0,1003.24,
2005,12,31,9,6.15,62.48,109.0,184.76,68.45,314.25,6.0,156.0,1003.11,
2005,12,31,10,6.59,65.27,107.0,6.65,105.0,315.33,6.0,156.0,1002.52,
2005,12,31,11,7.02,68.06,145.0,17.52,139.0,316.42,5.99,156.0,1001.92,
2005,12,31,12,7.46,70.85,183.0,67.4,160.0,317.5,5.99,156.0,1001.33,
2005,12,31,13,7.25,71.63,164.0,84.05,139.0,315.6,5.83,155.0,1001.26,
2005,12,31,14,7.04,72.42,145.0,238.35,94.0,313.7,5.67,153.0,1001.2,
2005,12,31,15,6.84,73.2,59.0,248.57,35.0,311.8,5.52,152.0,1001.13,
2005,12,31,16,6.71,74.55,0.0,0.0,0.0,314.22,5.71,153.0,1000.83,
2005,12,31,17,6.53,83.41,0.0,0.0,0.0,311.65,5.89,154.0,1000.54,
2005,12,31,18,6.32,81.59,0.0,0.0,0.0,311.28,5.8,155.0,1000.24,
2005,12,31,19,6.12,79.76,0.0,0.0,0.0,310.91,5.71,157.0,1000.14,
2005,12,31,20,5.91,77.94,0.0,0.0,0.0,310.54,5.62,158.0,1000.04,
2005,12,31,21,5.71,76.11,0.0,0.0,0.0,310.17,5.53,159.0,999.94,
2005,12,31,22,5.5,74.29,0.0,0.0,0.0,309.81,5.45,160.0,999.91,
2005,12,31,23,5.3,72.46,0.0,0.0,0.0,309.44,5.36,160.0,999.88,
