Source,Location ID,City,Region,Country,Latitude,Longitude,Time Zone,Elevation
PVGIS,1929,Troitsk,RUS,Russia,54.105649637,61.5702363676,6,210.0
Year,Month,Day,Hour,Tdry,RH,GHI,DNI,DHI,IR,Wspd,Wdir,Pres,
2005,1,1,0,-29.33,77.44,0.0,0.0,0.0,184.83,2.66,97.0,1006.34,
2005,1,1,1,-28.63,77.33,0.0,0.0,0.0,184.91,2.8,98.0,1006.21,
2005,1,1,2,-27.93,77.21,0.0,0.0,0.0,184.98,2.95,99.0,1006.08,
2005,1,1,3,-27.23,77.09,0.0,0.0,0.0,185.06,3.09,100.0,1005.69,
2005,1,1,4,-26.52,76.97,0.0,0.0,0.0,185.14,3.23,101.0,1005.3,
2005,1,1,5,-25.82,76.85,0.0,0.0,0.0,185.21,3.38,102.0,1004.91,
2005,1,1,6,-25.12,76.73,0.0,0.0,0.0,185.29,3.52,224.0,997.0,
2005,1,1,7,-24.42,76.61,0.0,0.0,0.0,185.37,3.67,224.0,997.0,
2005,1,1,8,-23.71,76.49,0.0,0.0,0.0,185.44,3.81,224.0,997.0,
2005,1,1,9,-23.01,76.37,0.0,0.0,0.0,185.52,3.95,224.0,996.61,
2005,1,1,10,-22.31,76.25,0.0,0.0,0.0,185.59,4.1,225.0,996.22,
2005,1,1,11,-21.61,76.13,9.0,0.0,9.0,185.67,4.24,225.0,995.83,
2005,1,1,12,-20.9,76.01,85.0,198.8,56.0,185.75,4.39,229.0,995.05,
2005,1,1,13,-20.2,75.89,15.0,0.0,15.0,185.82,4.53,232.0,994.27,
2005,1,1,14,-16.21,65.9,20.0,0.0,20.0,179.15,4.47,236.0,993.49,
2005,1,1,15,-16.17,66.36,16.0,0.0,16.0,180.25,4.5,239.0,993.27,
2005,1,1,16,-16.12,66.82,26.0,0.0,26.0,181.35,4.52,242.0,993.04,
2005,1,1,17,-16.08,67.28,4.0,0.0,4.0,182.45,4.55,244.0,992.81,
2005,1,1,18,-15.49,69.26,0.0,0.0,0.0,189.53,4.63,246.0,992.65,
2005,1,1,19,-14.9,71.25,0.0,0.0,0.0,196.62,4.72,248.0,992.49,
2005,1,1,20,-14.31,73.23,0.0,0.0,0.0,203.7,4.8,250.0,992.32,
2005,1,1,21,-14.67,74.46,0.0,0.0,0.0,204.68,4.69,252.0,992.23,
2005,1,1,22,-15.03,75.7,0.0,0.0,0.0,205.67,4.57,253.0,992.13,
2005,1,1,23,-15.38,76.93,0.0,0.0,0.0,206.65,4.46,254.0,992.03,
2005,1,2,0,-15.38,77.32,0.0,0.0,0.0,210.05,4.42,255.0,991.97,
2005,1,2,1,-15.37,77.71,0.0,0.0,0.0,213.45,4.38,256.0,991.9,
2005,1,2,2,-15.37,78.1,0.0,0.0,0.0,216.85,4.34,257.0,991.84,
2005,1,2,3,-15.2,78.33,0.0,0.0,0.0,216.87,4.46,256.0,991.64,
2005,1,2,4,-15.04,78.55,0.0,0.0,0.0,216.88,4.57,255.0,991.45,
2005,1,2,5,-14.87,78.78,0.0,0.0,0.0,216.9,4.69,254.0,991.25,
2005,1,2,6,-14.05,78.43,0.0,0.0,0.0,215.48,4.8,258.0,991.19,
2005,1,2,7,-13.22,78.08,0.0,0.0,0.0,214.07,4.9,262.0,991.12,
2005,1,2,8,-12.4,77.73,0.0,0.0,0.0,212.65,5.01,266.0,991.06,
2005,1,2,9,-11.87,77.37,0.0,0.0,0.0,207.27,5.03,266.0,991.22,
2005,1,2,10,-11.34,77.02,0.0,0.0,0.0,201.88,5.06,266.0,991.38,
2005,1,2,11,-10.81,76.66,4.0,0.0,4.0,196.5,5.09,267.0,991.54,
2005,1,2,12,-9.77,75.29,58.0,34.07,53.0,194.12,5.12,266.0,991.41,
2005,1,2,13,-8.72,73.91,138.0,275.56,82.0,191.73,5.15,266.0,991.28,
2005,1,2,14,-7.68,72.54,77.0,4.46,76.0,189.35,5.19,266.0,991.15,
2005,1,2,15,-8.16,74.26,16.0,0.0,16.0,188.37,5.14,264.0,991.38,
2005,1,2,16,-8.64,75.99,21.0,0.0,21.0,187.38,5.09,262.0,991.61,
2005,1,2,17,-9.13,77.71,4.0,0.0,4.0,186.4,5.05,260.0,991.84,
2005,1,2,18,-9.39,78.81,0.0,0.0,0.0,187.08,5.05,260.0,992.19,
2005,1,2,19,-9.65,79.91,0.0,0.0,0.0,187.77,5.05,260.0,992.55,
2005,1,2,20,-9.9,81.01,0.0,0.0,0.0,188.45,5.05,260.0,992.91,
2005,1,2,21,-10.12,81.42,0.0,0.0,0.0,189.2,4.89,261.0,992.94,
2005,1,2,22,-10.33,81.84,0.0,0.0,0.0,189.95,4.73,263.0,992.97,
2005,1,2,23,-10.54,82.25,0.0,0.0,0.0,190.7,4.57,264.0,993.01,
2005,1,3,0,-10.64,82.6,0.0,0.0,0.0,193.43,4.38,264.0,993.1,
2005,1,3,1,-10.73,82.95,0.0,0.0,0.0,196.17,4.19,263.0,993.2,
2005,1,3,2,-10.82,83.3,0.0,0.0,0.0,198.9,4.0,263.0,993.3,
2005,1,3,3,-10.47,83.22,0.0,0.0,0.0,208.6,3.93,260.0,993.23,
2005,1,3,4,-10.13,83.13,0.0,0.0,0.0,218.3,3.86,258.0,993.17,
2005,1,3,5,-9.78,83.05,0.0,0.0,0.0,228.0,3.79,256.0,993.1,
2005,1,3,6,-10.11,83.79,0.0,0.0,0.0,227.88,3.77,257.0,993.36,
2005,1,3,7,-10.44,84.54,0.0,0.0,0.0,227.77,3.74,258.0,993.62,
2005,1,3,8,-10.77,85.28,0.0,0.0,0.0,227.65,3.71,259.0,993.88,
2005,1,3,9,-10.68,84.95,0.0,0.0,0.0,225.72,3.61,257.0,994.08,
2005,1,3,10,-10.59,84.63,0.0,0.0,0.0,223.78,3.51,255.0,994.27,
2005,1,3,11,-10.49,84.3,17.0,33.63,15.0,221.85,3.41,253.0,994.47,
2005,1,3,12,-9.44,82.1,119.0,629.5,26.0,218.83,3.41,251.0,994.31,
2005,1,3,13,-8.39,79.9,20.0,0.0,20.0,215.82,3.41,250.0,994.14,
2005,1,3,14,-7.34,77.7,18.0,0.0,18.0,212.8,3.41,248.0,993.98,
2005,1,3,15,-8.61,80.21,16.0,0.0,16.0,211.43,3.4,249.0,994.18,
2005,1,3,16,-9.88,82.73,12.0,0.0,12.0,210.07,3.39,249.0,994.37,
2005,1,3,17,-11.16,85.24,4.0,0.0,4.0,208.7,3.38,249.0,994.57,
2005,1,3,18,-12.09,86.14,0.0,0.0,0.0,205.8,3.2,250.0,994.89,
2005,1,3,19,-13.02,87.05,0.0,0.0,0.0,202.9,3.01,250.0,995.22,
2005,1,3,20,-13.94,87.95,0.0,0.0,0.0,200.0,2.83,251.0,995.54,
2005,1,3,21,-14.76,88.09,0.0,0.0,0.0,197.53,2.8,247.0,995.57,
2005,1,3,22,-15.58,88.24,0.0,0.0,0.0,195.07,2.78,243.0,995.61,
2005,1,3,23,-16.39,88.38,0.0,0.0,0.0,192.6,2.76,239.0,995.64,
2005,1,4,0,-16.88,88.29,0.0,0.0,0.0,190.45,2.83,241.0,995.9,
2005,1,4,1,-17.37,88.19,0.0,0.0,0.0,188.3,2.9,244.0,996.16,
2005,1,4,2,-17.86,88.1,0.0,0.0,0.0,186.15,2.97,246.0,996.42,
2005,1,4,3,-18.2,87.97,0.0,0.0,0.0,186.48,2.85,247.0,996.65,
2005,1,4,4,-18.55,87.84,0.0,0.0,0.0,186.82,2.73,249.0,996.87,
2005,1,4,5,-18.9,87.71,0.0,0.0,0.0,187.15,2.61,250.0,997.1,
2005,1,4,6,-19.68,86.97,0.0,0.0,0.0,189.93,2.57,251.0,997.46,
2005,1,4,7,-20.47,86.22,0.0,0.0,0.0,192.72,2.54,251.0,997.82,
2005,1,4,8,-21.25,85.48,0.0,0.0,0.0,195.5,2.51,252.0,998.18,
2005,1,4,9,-20.7,84.65,0.0,0.0,0.0,196.82,2.59,251.0,998.5,
2005,1,4,10,-20.15,83.81,0.0,0.0,0.0,198.13,2.67,250.0,998.83,
2005,1,4,11,-19.59,82.98,18.0,49.73,15.0,199.45,2.74,249.0,999.15,
2005,1,4,12,-18.14,81.08,93.0,255.28,55.0,203.83,2.45,242.0,998.99,
2005,1,4,13,-16.68,79.17,188.0,777.0,28.0,208.22,2.15,235.0,998.83,
2005,1,4,14,-15.23,77.27,174.0,395.4,84.0,212.6,1.85,228.0,998.66,
2005,1,4,15,-15.93,78.98,199.0,804.8,28.0,212.83,2.0,227.0,998.66,
2005,1,4,16,-16.62,80.68,20.0,0.0,20.0,213.07,2.14,226.0,998.66,
2005,1,4,17,-17.32,82.39,10.0,0.0,10.0,213.3,2.29,224.0,998.66,
2005,1,4,18,-17.53,83.25,0.0,0.0,0.0,215.07,2.45,226.0,999.05,
2005,1,4,19,-17.75,84.1,0.0,0.0,0.0,216.83,2.6,228.0,999.44,
2005,1,4,20,-17.96,84.96,0.0,0.0,0.0,218.6,2.76,230.0,999.83,
2005,1,4,21,-18.44,85.23,0.0,0.0,0.0,213.55,2.67,227.0,999.9,
2005,1,4,22,-18.92,85.51,0.0,0.0,0.0,208.5,2.57,224.0,999.96,
2005,1,4,23,-19.39,85.78,0.0,0.0,0.0,203.45,2.48,222.0,1000.03,
2005,1,5,0,-19.76,85.71,0.0,0.0,0.0,202.18,2.54,218.0,1000.19,
2005,1,5,1,-20.13,85.63,0.0,0.0,0.0,200.92,2.6,215.0,1000.35,
2005,1,5,2,-20.5,85.56,0.0,0.0,0.0,199.65,2.66,211.0,1000.52,
2005,1,5,3,-20.28,85.48,0.0,0.0,0.0,202.0,2.71,210.0,1000.55,
2005,1,5,4,-20.07,85.41,0.0,0.0,0.0,204.35,2.76,210.0,1000.58,
2005,1,5,5,-19.85,85.33,0.0,0.0,0.0,206.7,2.81,209.0,1000.61,
2005,1,5,6,-19.16,85.43,0.0,0.0,0.0,215.53,2.85,208.0,1000.74,
2005,1,5,7,-18.47,85.53,0.0,0.0,0.0,224.37,2.89,206.0,1000.87,
2005,1,5,8,-17.78,85.63,0.0,0.0,0.0,233.2,2.92,204.0,1001.0,
2005,1,5,9,-17.05,85.4,0.0,0.0,0.0,234.45,2.94,202.0,1001.0,
2005,1,5,10,-16.32,85.16,0.0,0.0,0.0,235.7,2.95,199.0,1001.0,
2005,1,5,11,-15.59,84.93,6.0,0.0,6.0,236.95,2.97,196.0,1001.0,
2005,1,5,12,-14.6,83.49,23.0,0.0,23.0,240.3,2.85,195.0,1000.58,
2005,1,5,13,-13.61,82.04,61.0,0.0,61.0,243.65,2.74,194.0,1000.16,
2005,1,5,14,-12.62,80.6,74.0,4.36,73.0,247.0,2.62,194.0,999.74,
2005,1,5,15,-12.52,81.52,105.0,65.25,91.0,248.9,2.46,188.0,999.7,
2005,1,5,16,-12.42,82.45,23.0,0.0,23.0,250.8,2.3,182.0,999.67,
2005,1,5,17,-12.32,83.37,5.0,0.0,5.0,252.7,2.14,177.0,999.64,
2005,1,5,18,-12.42,84.0,0.0,0.0,0.0,250.7,2.21,177.0,999.7,
2005,1,5,19,-12.52,84.62,0.0,0.0,0.0,248.7,2.29,177.0,999.77,
2005,1,5,20,-12.62,85.25,0.0,0.0,0.0,246.7,2.36,177.0,999.83,
2005,1,5,21,-12.8,85.74,0.0,0.0,0.0,246.28,2.29,174.0,999.64,
2005,1,5,22,-12.97,86.23,0.0,0.0,0.0,245.87,2.23,171.0,999.44,
2005,1,5,23,-13.14,86.72,0.0,0.0,0.0,245.45,2.17,168.0,999.25,
2005,1,6,0,-13.32,86.91,0.0,0.0,0.0,244.67,1.93,163.0,998.99,
2005,1,6,1,-13.49,87.09,0.0,0.0,0.0,243.88,1.69,159.0,998.73,
2005,1,6,2,-13.66,87.28,0.0,0.0,0.0,243.1,1.45,154.0,998.47,
2005,1,6,3,-13.7,87.46,0.0,0.0,0.0,243.48,1.29,146.0,998.11,
2005,1,6,4,-13.75,87.65,0.0,0.0,0.0,243.87,1.13,137.0,997.75,
2005,1,6,5,-13.8,87.83,0.0,0.0,0.0,244.25,0.97,129.0,997.39,
2005,1,6,6,-13.97,87.83,0.0,0.0,0.0,243.42,0.86,125.0,997.07,
2005,1,6,7,-14.13,87.83,0.0,0.0,0.0,242.58,0.76,121.0,996.74,
2005,1,6,8,-14.3,87.83,0.0,0.0,0.0,241.75,0.66,117.0,996.42,
2005,1,6,9,-14.15,87.71,0.0,0.0,0.0,243.17,0.54,169.0,996.32,
2005,1,6,10,-14.0,87.58,0.0,0.0,0.0,244.58,0.42,221.0,996.22,
2005,1,6,11,-13.84,87.46,14.0,16.03,13.0,246.0,0.3,274.0,996.13,
2005,1,6,12,-13.11,86.16,114.0,495.09,39.0,240.27,0.5,271.0,995.74,
2005,1,6,13,-12.37,84.86,191.0,779.44,28.0,234.53,0.7,269.0,995.35,
2005,1,6,14,-11.64,83.56,200.0,600.74,61.0,228.8,0.9,266.0,994.96,
2005,1,6,15,-12.16,84.18,187.0,604.42,56.0,216.52,1.24,265.0,995.09,
2005,1,6,16,-12.67,84.79,19.0,0.0,19.0,204.23,1.59,263.0,995.22,
2005,1,6,17,-13.19,85.41,55.0,384.65,23.0,191.95,1.93,262.0,995.35,
2005,1,6,18,-13.93,86.36,0.0,0.0,0.0,190.6,2.0,264.0,995.38,
2005,1,6,19,-14.66,87.3,0.0,0.0,0.0,189.25,2.06,266.0,995.41,
2005,1,6,20,-15.4,88.25,0.0,0.0,0.0,187.9,2.12,267.0,995.44,
2005,1,6,21,-15.9,88.18,0.0,0.0,0.0,188.4,2.08,265.0,995.57,
2005,1,6,22,-16.4,88.1,0.0,0.0,0.0,188.9,2.03,263.0,995.7,
2005,1,6,23,-16.89,88.03,0.0,0.0,0.0,189.4,1.99,261.0,995.83,
2005,1,7,0,-17.1,87.73,0.0,0.0,0.0,191.18,1.89,261.0,995.83,
2005,1,7,1,-17.3,87.43,0.0,0.0,0.0,192.97,1.78,261.0,995.83,
2005,1,7,2,-17.5,87.13,0.0,0.0,0.0,194.75,1.68,260.0,995.83,
2005,1,7,3,-17.34,87.28,0.0,0.0,0.0,194.98,1.56,259.0,995.83,
2005,1,7,4,-17.19,87.43,0.0,0.0,0.0,195.22,1.43,257.0,995.83,
2005,1,7,5,-17.04,87.58,0.0,0.0,0.0,195.45,1.31,256.0,995.83,
2005,1,7,6,-18.23,86.34,0.0,0.0,0.0,195.33,1.43,244.0,996.09,
2005,1,7,7,-19.42,85.1,0.0,0.0,0.0,195.22,1.54,232.0,996.35,
2005,1,7,8,-20.61,83.86,0.0,0.0,0.0,195.1,1.66,220.0,996.61,
2005,1,7,9,-20.03,83.1,0.0,0.0,0.0,199.28,1.45,206.0,996.78,
2005,1,7,10,-19.45,82.34,0.0,0.0,0.0,203.47,1.25,192.0,996.94,
2005,1,7,11,-18.86,81.58,9.0,0.0,9.0,207.65,1.05,179.0,997.1,
2005,1,7,12,-17.44,81.61,88.0,189.55,59.0,210.3,1.14,172.0,996.81,
2005,1,7,13,-16.01,81.65,52.0,0.0,52.0,212.95,1.22,165.0,996.52,
2005,1,7,14,-14.59,81.68,18.0,0.0,18.0,215.6,1.31,158.0,996.22,
2005,1,7,15,-15.01,82.4,34.0,0.0,34.0,218.17,1.47,143.0,996.0,
2005,1,7,16,-15.43,83.12,16.0,0.0,16.0,220.73,1.62,127.0,995.77,
2005,1,7,17,-15.85,83.84,47.0,186.4,31.0,223.3,1.78,112.0,995.54,
2005,1,7,18,-16.3,84.11,0.0,0.0,0.0,225.92,1.83,109.0,995.48,
2005,1,7,19,-16.75,84.38,0.0,0.0,0.0,228.53,1.87,107.0,995.41,
2005,1,7,20,-17.19,84.65,0.0,0.0,0.0,231.15,1.92,104.0,995.35,
2005,1,7,21,-16.92,84.61,0.0,0.0,0.0,237.17,2.3,98.0,995.12,
2005,1,7,22,-16.65,84.56,0.0,0.0,0.0,243.18,2.69,91.0,994.89,
2005,1,7,23,-16.38,84.52,0.0,0.0,0.0,249.2,3.08,85.0,994.66,
2005,1,8,0,-16.37,84.77,0.0,0.0,0.0,252.53,2.8,79.0,994.27,
2005,1,8,1,-16.35,85.03,0.0,0.0,0.0,255.87,2.51,73.0,993.88,
2005,1,8,2,-16.33,85.28,0.0,0.0,0.0,259.2,2.23,66.0,993.49,
2005,1,8,3,-16.28,85.37,0.0,0.0,0.0,259.35,2.17,60.0,993.1,
2005,1,8,4,-16.24,85.47,0.0,0.0,0.0,259.5,2.11,54.0,992.71,
2005,1,8,5,-16.2,85.56,0.0,0.0,0.0,259.65,2.06,48.0,992.32,
2005,1,8,6,-16.15,85.11,0.0,0.0,0.0,258.78,1.91,34.0,992.0,
2005,1,8,7,-16.09,84.67,0.0,0.0,0.0,257.92,1.76,20.0,991.67,
2005,1,8,8,-16.04,84.22,0.0,0.0,0.0,257.05,1.61,6.0,991.35,
2005,1,8,9,-15.79,83.92,0.0,0.0,0.0,257.32,1.54,348.0,991.19,
2005,1,8,10,-15.54,83.62,0.0,0.0,0.0,257.58,1.46,331.0,991.02,
2005,1,8,11,-15.29,83.32,3.0,0.0,3.0,257.85,1.38,314.0,990.86,
2005,1,8,12,-14.68,82.62,63.0,38.8,57.0,258.52,1.63,301.0,990.21,
2005,1,8,13,-14.06,81.91,107.0,79.87,90.0,259.18,1.89,288.0,989.56,
2005,1,8,14,-13.45,81.21,41.0,0.0,41.0,259.85,2.14,275.0,988.91,
2005,1,8,15,-13.01,81.71,28.0,0.0,28.0,257.62,2.36,267.0,988.81,
2005,1,8,16,-12.57,82.22,19.0,0.0,19.0,255.38,2.59,259.0,988.71,
2005,1,8,17,-12.13,82.72,55.0,304.79,28.0,253.15,2.81,252.0,988.62,
2005,1,8,18,-12.34,83.53,0.0,0.0,0.0,249.25,2.99,248.0,988.26,
2005,1,8,19,-12.56,84.34,0.0,0.0,0.0,245.35,3.17,244.0,987.9,
2005,1,8,20,-12.77,85.15,0.0,0.0,0.0,241.45,3.35,240.0,987.54,
2005,1,8,21,-13.24,85.26,0.0,0.0,0.0,232.43,3.52,236.0,987.25,
2005,1,8,22,-13.71,85.36,0.0,0.0,0.0,223.42,3.68,232.0,986.96,
2005,1,8,23,-14.18,85.47,0.0,0.0,0.0,214.4,3.85,227.0,986.67,
2005,1,9,0,-14.17,85.55,0.0,0.0,0.0,210.83,4.06,223.0,986.31,
2005,1,9,1,-14.16,85.63,0.0,0.0,0.0,207.27,4.28,219.0,985.95,
2005,1,9,2,-14.15,85.71,0.0,0.0,0.0,203.7,4.5,214.0,985.59,
2005,1,9,3,-13.4,86.26,0.0,0.0,0.0,214.48,4.64,208.0,984.78,
2005,1,9,4,-12.66,86.81,0.0,0.0,0.0,225.27,4.79,202.0,983.97,
2005,1,9,5,-11.91,87.36,0.0,0.0,0.0,236.05,4.94,196.0,983.15,
2005,1,9,6,-10.7,87.96,0.0,0.0,0.0,250.55,5.14,191.0,981.95,
2005,1,9,7,-9.49,88.57,0.0,0.0,0.0,265.05,5.35,186.0,980.75,
2005,1,9,8,-8.28,89.17,0.0,0.0,0.0,279.55,5.56,181.0,979.55,
2005,1,9,9,-7.64,89.63,0.0,0.0,0.0,282.68,5.5,182.0,979.09,
2005,1,9,10,-7.0,90.08,0.0,0.0,0.0,285.82,5.45,182.0,978.64,
2005,1,9,11,-6.36,90.54,26.0,120.41,18.0,288.95,5.39,183.0,978.18,
2005,1,9,12,-5.76,89.32,54.0,12.79,52.0,290.43,5.11,187.0,977.6,
2005,1,9,13,-5.15,88.1,165.0,428.16,73.0,291.92,4.83,191.0,977.01,
2005,1,9,14,-4.55,86.88,132.0,109.27,106.0,293.4,4.55,195.0,976.42,
2005,1,9,15,-4.37,86.52,18.0,0.0,18.0,293.57,4.22,204.0,976.52,
2005,1,9,16,-4.18,86.15,17.0,0.0,17.0,293.73,3.88,212.0,976.62,
2005,1,9,17,-4.0,85.79,6.0,0.0,6.0,293.9,3.54,221.0,976.72,
2005,1,9,18,-4.84,87.17,0.0,0.0,0.0,277.98,3.59,226.0,976.98,
2005,1,9,19,-5.69,88.55,0.0,0.0,0.0,262.07,3.63,230.0,977.24,
2005,1,9,20,-6.53,89.93,0.0,0.0,0.0,246.15,3.67,235.0,977.5,
2005,1,9,21,-5.7,88.83,0.0,0.0,0.0,258.23,3.84,233.0,977.4,
2005,1,9,22,-4.86,87.73,0.0,0.0,0.0,270.32,4.01,231.0,977.3,
2005,1,9,23,-4.02,86.63,0.0,0.0,0.0,282.4,4.18,229.0,977.21,
2005,1,10,0,-3.82,86.26,0.0,0.0,0.0,286.33,4.43,223.0,976.75,
2005,1,10,1,-3.62,85.88,0.0,0.0,0.0,290.27,4.69,218.0,976.29,
2005,1,10,2,-3.42,85.51,0.0,0.0,0.0,294.2,4.94,212.0,975.84,
2005,1,10,3,-3.1,87.24,0.0,0.0,0.0,296.62,5.33,206.0,975.03,
2005,1,10,4,-2.79,88.96,0.0,0.0,0.0,299.03,5.73,201.0,974.21,
2005,1,10,5,-2.47,90.69,0.0,0.0,0.0,301.45,6.12,195.0,973.4,
2005,1,10,6,-1.82,90.85,0.0,0.0,0.0,304.82,6.28,200.0,972.56,
2005,1,10,7,-1.17,91.01,0.0,0.0,0.0,308.18,6.44,204.0,971.71,
2005,1,10,8,-0.52,91.17,0.0,0.0,0.0,311.55,6.59,209.0,970.87,
2005,1,10,9,-0.21,89.45,0.0,0.0,0.0,311.82,6.68,217.0,970.96,
2005,1,10,10,0.1,87.73,0.0,0.0,0.0,312.08,6.76,225.0,971.06,
2005,1,10,11,0.42,86.01,28.0,146.98,18.0,312.35,6.84,233.0,971.16,
2005,1,10,12,0.82,83.25,45.0,0.0,45.0,307.55,6.97,237.0,971.48,
2005,1,10,13,1.23,80.49,22.0,0.0,22.0,302.75,7.11,242.0,971.81,
2005,1,10,14,1.63,77.73,19.0,0.0,19.0,297.95,7.24,246.0,972.13,
2005,1,10,15,1.3,77.33,86.0,13.23,83.0,295.32,6.98,247.0,973.01,
2005,1,10,16,0.97,76.92,70.0,22.61,66.0,292.68,6.72,247.0,973.89,
2005,1,10,17,0.63,76.52,25.0,0.0,25.0,290.05,6.46,248.0,974.77,
2005,1,10,18,0.4,77.05,0.0,0.0,0.0,293.25,6.45,245.0,975.51,
2005,1,10,19,0.16,77.59,0.0,0.0,0.0,296.45,6.45,243.0,976.26,
2005,1,10,20,-0.07,78.12,0.0,0.0,0.0,299.65,6.44,241.0,977.01,
2005,1,10,21,-0.47,78.55,0.0,0.0,0.0,295.55,6.33,239.0,977.69,
2005,1,10,22,-0.87,78.98,0.0,0.0,0.0,291.45,6.22,238.0,978.38,
2005,1,10,23,-1.27,79.41,0.0,0.0,0.0,287.35,6.11,236.0,979.06,
2005,1,11,0,-1.61,80.09,0.0,0.0,0.0,285.57,5.98,234.0,979.64,
2005,1,11,1,-1.94,80.77,0.0,0.0,0.0,283.78,5.84,232.0,980.23,
2005,1,11,2,-2.27,81.45,0.0,0.0,0.0,282.0,5.71,230.0,980.81,
2005,1,11,3,-2.48,82.32,0.0,0.0,0.0,284.88,5.56,228.0,981.27,
2005,1,11,4,-2.7,83.18,0.0,0.0,0.0,287.77,5.42,225.0,981.72,
2005,1,11,5,-2.91,84.05,0.0,0.0,0.0,290.65,5.27,222.0,982.18,
2005,1,11,6,-3.17,84.75,0.0,0.0,0.0,291.2,4.91,219.0,982.37,
2005,1,11,7,-3.42,85.44,0.0,0.0,0.0,291.75,4.54,215.0,982.57,
2005,1,11,8,-3.68,86.14,0.0,0.0,0.0,292.3,4.18,211.0,982.76,
2005,1,11,9,-3.47,86.13,0.0,0.0,0.0,293.2,4.19,210.0,983.02,
2005,1,11,10,-3.26,86.13,0.0,0.0,0.0,294.1,4.21,208.0,983.28,
2005,1,11,11,-3.04,86.12,37.0,344.05,13.0,295.0,4.22,206.0,983.54,
2005,1,11,12,-2.49,85.21,79.0,93.6,64.0,295.48,4.23,208.0,983.28,
2005,1,11,13,-1.93,84.31,18.0,0.0,18.0,295.97,4.23,210.0,983.02,
2005,1,11,14,-1.38,83.4,19.0,0.0,19.0,296.45,4.23,212.0,982.76,
2005,1,11,15,-1.88,84.67,18.0,0.0,18.0,288.05,4.0,209.0,982.73,
2005,1,11,16,-2.38,85.94,14.0,0.0,14.0,279.65,3.77,205.0,982.7,
2005,1,11,17,-2.89,87.21,50.0,143.65,36.0,271.25,3.53,201.0,982.67,
2005,1,11,18,-3.19,88.55,0.0,0.0,0.0,268.77,3.51,202.0,982.6,
2005,1,11,19,-3.48,89.89,0.0,0.0,0.0,266.28,3.49,203.0,982.54,
2005,1,11,20,-3.78,91.23,0.0,0.0,0.0,263.8,3.48,204.0,982.47,
2005,1,11,21,-3.75,90.83,0.0,0.0,0.0,269.37,3.55,210.0,982.5,
2005,1,11,22,-3.71,90.43,0.0,0.0,0.0,274.93,3.62,215.0,982.54,
2005,1,11,23,-3.67,90.03,0.0,0.0,0.0,280.5,3.7,221.0,982.57,
2005,1,12,0,-3.79,89.72,0.0,0.0,0.0,284.93,3.71,223.0,982.67,
2005,1,12,1,-3.91,89.4,0.0,0.0,0.0,289.37,3.71,225.0,982.76,
2005,1,12,2,-4.03,89.09,0.0,0.0,0.0,293.8,3.72,227.0,982.86,
2005,1,12,3,-4.17,89.29,0.0,0.0,0.0,292.5,3.68,227.0,982.93,
2005,1,12,4,-4.31,89.48,0.0,0.0,0.0,291.2,3.63,227.0,982.99,
2005,1,12,5,-4.45,89.68,0.0,0.0,0.0,289.9,3.59,227.0,983.06,
2005,1,12,6,-4.9,89.78,0.0,0.0,0.0,288.78,3.48,229.0,983.38,
2005,1,12,7,-5.34,89.87,0.0,0.0,0.0,287.67,3.37,232.0,983.71,
2005,1,12,8,-5.79,89.97,0.0,0.0,0.0,286.55,3.26,234.0,984.03,
2005,1,12,9,-5.41,89.28,0.0,0.0,0.0,286.13,3.14,235.0,984.36,
2005,1,12,10,-5.03,88.58,0.0,0.0,0.0,285.72,3.03,236.0,984.68,
2005,1,12,11,-4.65,87.89,6.0,0.0,6.0,285.3,2.92,238.0,985.01,
2005,1,12,12,-3.97,84.86,13.0,0.0,13.0,283.53,2.98,244.0,984.94,
2005,1,12,13,-3.28,81.84,50.0,0.0,50.0,281.77,3.03,249.0,984.88,
2005,1,12,14,-2.6,78.81,225.0,716.63,49.0,280.0,3.09,255.0,984.81,
2005,1,12,15,-3.17,81.29,20.0,0.0,20.0,279.73,2.78,251.0,984.94,
2005,1,12,16,-3.73,83.76,14.0,0.0,14.0,279.47,2.46,247.0,985.07,
2005,1,12,17,-4.3,86.24,13.0,0.0,13.0,279.2,2.15,243.0,985.2,
2005,1,12,18,-4.74,87.23,0.0,0.0,0.0,279.65,2.17,235.0,985.33,
2005,1,12,19,-5.18,88.21,0.0,0.0,0.0,280.1,2.19,228.0,985.46,
2005,1,12,20,-5.62,89.2,0.0,0.0,0.0,280.55,2.21,220.0,985.59,
2005,1,12,21,-5.96,89.55,0.0,0.0,0.0,281.28,2.22,219.0,985.82,
2005,1,12,22,-6.29,89.9,0.0,0.0,0.0,282.02,2.23,218.0,986.05,
2005,1,12,23,-6.62,90.25,0.0,0.0,0.0,282.75,2.23,217.0,986.28,
2005,1,13,0,-6.86,90.52,0.0,0.0,0.0,281.98,2.23,217.0,986.5,
2005,1,13,1,-7.09,90.78,0.0,0.0,0.0,281.22,2.22,217.0,986.73,
2005,1,13,2,-7.32,91.05,0.0,0.0,0.0,280.45,2.21,217.0,986.96,
2005,1,13,3,-7.6,91.22,0.0,0.0,0.0,278.08,2.14,215.0,987.22,
2005,1,13,4,-7.88,91.4,0.0,0.0,0.0,275.72,2.07,213.0,987.48,
2005,1,13,5,-8.16,91.57,0.0,0.0,0.0,273.35,2.0,212.0,987.74,
2005,1,13,6,-8.75,91.35,0.0,0.0,0.0,270.23,2.01,213.0,988.26,
2005,1,13,7,-9.34,91.14,0.0,0.0,0.0,267.12,2.02,214.0,988.78,
2005,1,13,8,-9.93,90.92,0.0,0.0,0.0,264.0,2.03,215.0,989.3,
2005,1,13,9,-9.64,91.03,0.0,0.0,0.0,267.3,1.77,210.0,989.95,
2005,1,13,10,-9.35,91.14,0.0,0.0,0.0,270.6,1.5,206.0,990.6,
2005,1,13,11,-9.05,91.25,8.0,0.0,8.0,273.9,1.24,202.0,991.25,
2005,1,13,12,-8.18,88.91,76.0,66.82,65.0,275.88,1.2,198.0,991.41,
2005,1,13,13,-7.3,86.57,133.0,156.07,98.0,277.87,1.17,194.0,991.58,
2005,1,13,14,-6.42,84.23,206.0,507.29,80.0,279.85,1.13,190.0,991.74,
2005,1,13,15,-6.32,84.47,225.0,832.81,29.0,279.87,1.01,191.0,992.32,
2005,1,13,16,-6.22,84.72,97.0,91.37,80.0,279.88,0.89,191.0,992.91,
2005,1,13,17,-6.12,84.96,54.0,134.79,40.0,279.9,0.77,191.0,993.49,
2005,1,13,18,-7.04,86.37,0.0,0.0,0.0,278.52,0.97,211.0,994.11,
2005,1,13,19,-7.95,87.78,0.0,0.0,0.0,277.13,1.16,231.0,994.73,
2005,1,13,20,-8.87,89.19,0.0,0.0,0.0,275.75,1.35,252.0,995.35,
2005,1,13,21,-9.51,89.58,0.0,0.0,0.0,276.1,1.36,255.0,995.64,
2005,1,13,22,-10.15,89.97,0.0,0.0,0.0,276.45,1.36,258.0,995.93,
2005,1,13,23,-10.78,90.36,0.0,0.0,0.0,276.8,1.37,261.0,996.22,
2005,1,14,0,-11.16,90.24,0.0,0.0,0.0,277.85,1.33,265.0,996.55,
2005,1,14,1,-11.53,90.12,0.0,0.0,0.0,278.9,1.3,269.0,996.87,
2005,1,14,2,-11.9,90.0,0.0,0.0,0.0,279.95,1.27,273.0,997.2,
2005,1,14,3,-12.33,89.76,0.0,0.0,0.0,276.87,1.28,272.0,997.43,
2005,1,14,4,-12.76,89.53,0.0,0.0,0.0,273.78,1.29,270.0,997.65,
2005,1,14,5,-13.19,89.29,0.0,0.0,0.0,270.7,1.3,269.0,997.88,
2005,1,14,6,-14.72,88.75,0.0,0.0,0.0,251.03,1.45,276.0,998.27,
2005,1,14,7,-16.26,88.21,0.0,0.0,0.0,231.37,1.61,283.0,998.66,
2005,1,14,8,-17.79,87.67,0.0,0.0,0.0,211.7,1.77,291.0,999.05,
2005,1,14,9,-17.27,86.76,0.0,0.0,0.0,211.2,1.59,277.0,999.41,
2005,1,14,10,-16.75,85.84,0.0,0.0,0.0,210.7,1.41,264.0,999.77,
2005,1,14,11,-16.23,84.93,10.0,0.0,10.0,210.2,1.23,250.0,1000.13,
2005,1,14,12,-14.23,82.08,68.0,35.93,62.0,209.93,1.37,242.0,1000.06,
2005,1,14,13,-12.22,79.23,170.0,379.02,84.0,209.67,1.5,233.0,1000.0,
2005,1,14,14,-10.21,76.38,242.0,843.7,30.0,209.4,1.64,225.0,999.93,
2005,1,14,15,-11.44,78.93,114.0,50.32,102.0,204.72,1.95,225.0,1000.0,
2005,1,14,16,-12.66,81.49,75.0,21.13,71.0,200.03,2.26,224.0,1000.06,
2005,1,14,17,-13.89,84.04,31.0,9.33,30.0,195.35,2.57,224.0,1000.13,
2005,1,14,18,-14.72,85.26,0.0,0.0,0.0,193.17,2.77,224.0,1000.39,
2005,1,14,19,-15.55,86.49,0.0,0.0,0.0,190.98,2.98,224.0,1000.65,
2005,1,14,20,-16.38,87.71,0.0,0.0,0.0,188.8,3.19,224.0,1000.91,
2005,1,14,21,-16.46,87.48,0.0,0.0,0.0,190.43,3.19,224.0,1000.87,
2005,1,14,22,-16.53,87.25,0.0,0.0,0.0,192.07,3.19,224.0,1000.84,
2005,1,14,23,-16.6,87.02,0.0,0.0,0.0,193.7,3.19,225.0,1000.81,
2005,1,15,0,-16.52,86.83,0.0,0.0,0.0,194.73,3.28,225.0,1000.74,
2005,1,15,1,-16.44,86.63,0.0,0.0,0.0,195.77,3.38,225.0,1000.68,
2005,1,15,2,-16.36,86.44,0.0,0.0,0.0,196.8,3.48,225.0,1000.61,
2005,1,15,3,-16.61,86.69,0.0,0.0,0.0,197.97,3.49,227.0,1000.81,
2005,1,15,4,-16.87,86.95,0.0,0.0,0.0,199.13,3.49,230.0,1001.0,
2005,1,15,5,-17.13,87.2,0.0,0.0,0.0,200.3,3.5,233.0,1001.2,
2005,1,15,6,-17.36,86.82,0.0,0.0,0.0,203.83,3.44,232.0,1001.49,
2005,1,15,7,-17.59,86.44,0.0,0.0,0.0,207.37,3.38,231.0,1001.78,
2005,1,15,8,-17.82,86.06,0.0,0.0,0.0,210.9,3.32,231.0,1002.08,
2005,1,15,9,-17.05,85.65,0.0,0.0,0.0,214.18,3.28,230.0,1002.27,
2005,1,15,10,-16.28,85.23,0.0,0.0,0.0,217.47,3.24,229.0,1002.47,
2005,1,15,11,-15.51,84.82,13.0,0.0,13.0,220.75,3.2,227.0,1002.66,
2005,1,15,12,-14.11,82.28,60.0,17.7,57.0,219.98,3.31,226.0,1002.37,
2005,1,15,13,-12.7,79.73,108.0,52.25,96.0,219.22,3.43,225.0,1002.08,
2005,1,15,14,-11.3,77.19,245.0,849.45,29.0,218.45,3.54,223.0,1001.78,
2005,1,15,15,-11.98,79.27,55.0,0.0,55.0,215.68,3.65,222.0,1001.82,
2005,1,15,16,-12.65,81.35,54.0,0.0,54.0,212.92,3.76,221.0,1001.85,
2005,1,15,17,-13.33,83.43,25.0,0.0,25.0,210.15,3.86,219.0,1001.88,
2005,1,15,18,-13.58,83.92,0.0,0.0,0.0,209.28,4.03,223.0,1002.14,
2005,1,15,19,-13.84,84.4,0.0,0.0,0.0,208.42,4.2,227.0,1002.4,
2005,1,15,20,-14.09,84.89,0.0,0.0,0.0,207.55,4.37,230.0,1002.66,
2005,1,15,21,-14.26,85.03,0.0,0.0,0.0,211.67,4.37,231.0,1002.66,
2005,1,15,22,-14.43,85.16,0.0,0.0,0.0,215.78,4.36,231.0,1002.66,
2005,1,15,23,-14.59,85.3,0.0,0.0,0.0,219.9,4.36,232.0,1002.66,
2005,1,16,0,-14.56,85.19,0.0,0.0,0.0,221.78,4.38,233.0,1002.79,
2005,1,16,1,-14.52,85.09,0.0,0.0,0.0,223.67,4.4,234.0,1002.92,
2005,1,16,2,-14.48,84.98,0.0,0.0,0.0,225.55,4.41,235.0,1003.05,
2005,1,16,3,-14.04,84.84,0.0,0.0,0.0,229.37,4.41,236.0,1003.02,
2005,1,16,4,-13.61,84.71,0.0,0.0,0.0,233.18,4.4,236.0,1002.99,
2005,1,16,5,-13.17,84.57,0.0,0.0,0.0,237.0,4.4,237.0,1002.95,
2005,1,16,6,-12.81,84.43,0.0,0.0,0.0,241.12,4.4,239.0,1002.82,
2005,1,16,7,-12.46,84.29,0.0,0.0,0.0,245.23,4.39,242.0,1002.69,
2005,1,16,8,-12.1,84.15,0.0,0.0,0.0,249.35,4.39,244.0,1002.56,
2005,1,16,9,-11.53,83.22,0.0,0.0,0.0,249.28,4.32,244.0,1002.63,
2005,1,16,10,-10.97,82.29,0.0,0.0,0.0,249.22,4.26,244.0,1002.69,
2005,1,16,11,-10.4,81.36,38.0,199.56,22.0,249.15,4.19,243.0,1002.76,
2005,1,16,12,-9.37,79.61,97.0,162.71,69.0,243.3,4.36,243.0,1002.37,
2005,1,16,13,-8.33,77.86,97.0,25.8,91.0,237.45,4.53,242.0,1001.98,
2005,1,16,14,-7.29,76.11,230.0,644.9,64.0,231.6,4.7,242.0,1001.59,
2005,1,16,15,-7.72,77.74,119.0,57.14,105.0,230.03,4.7,240.0,1001.49,
2005,1,16,16,-8.15,79.36,80.0,25.49,75.0,228.47,4.7,238.0,1001.39,
2005,1,16,17,-8.58,80.99,92.0,630.49,20.0,226.9,4.7,236.0,1001.3,
2005,1,16,18,-8.72,81.99,0.0,0.0,0.0,229.1,4.72,236.0,1001.1,
2005,1,16,19,-8.86,82.98,0.0,0.0,0.0,231.3,4.73,236.0,1000.91,
2005,1,16,20,-9.0,83.98,0.0,0.0,0.0,233.5,4.74,236.0,1000.71,
2005,1,16,21,-8.86,83.45,0.0,0.0,0.0,239.88,4.8,237.0,1000.32,
2005,1,16,22,-8.72,82.92,0.0,0.0,0.0,246.27,4.86,237.0,999.93,
2005,1,16,23,-8.57,82.39,0.0,0.0,0.0,252.65,4.91,237.0,999.54,
2005,1,17,0,-8.37,82.22,0.0,0.0,0.0,257.27,4.96,235.0,999.05,
2005,1,17,1,-8.17,82.05,0.0,0.0,0.0,261.88,5.0,233.0,998.57,
2005,1,17,2,-7.97,81.88,0.0,0.0,0.0,266.5,5.05,231.0,998.08,
2005,1,17,3,-7.49,82.25,0.0,0.0,0.0,269.7,5.2,228.0,997.49,
2005,1,17,4,-7.02,82.63,0.0,0.0,0.0,272.9,5.34,226.0,996.91,
2005,1,17,5,-6.55,83.0,0.0,0.0,0.0,276.1,5.49,224.0,996.32,
2005,1,17,6,-6.13,83.35,0.0,0.0,0.0,277.65,5.66,223.0,995.54,
2005,1,17,7,-5.71,83.71,0.0,0.0,0.0,279.2,5.84,222.0,994.76,
2005,1,17,8,-5.29,84.06,0.0,0.0,0.0,280.75,6.01,221.0,993.98,
2005,1,17,9,-5.06,84.48,0.0,0.0,0.0,282.3,6.13,221.0,993.56,
2005,1,17,10,-4.83,84.9,0.0,0.0,0.0,283.85,6.24,221.0,993.14,
2005,1,17,11,-4.6,85.32,12.0,0.0,12.0,285.4,6.36,221.0,992.71,
2005,1,17,12,-4.29,85.06,90.0,108.69,71.0,286.4,6.28,224.0,992.1,
2005,1,17,13,-3.97,84.79,86.0,12.74,83.0,287.4,6.2,227.0,991.48,
2005,1,17,14,-3.66,84.53,21.0,0.0,21.0,288.4,6.12,230.0,990.86,
2005,1,17,15,-3.71,84.32,29.0,0.0,29.0,288.82,5.64,237.0,990.73,
2005,1,17,16,-3.75,84.1,74.0,15.02,71.0,289.23,5.16,244.0,990.6,
2005,1,17,17,-3.8,83.89,48.0,42.44,43.0,289.65,4.68,251.0,990.47,
2005,1,17,18,-4.44,83.46,0.0,0.0,0.0,288.48,4.85,268.0,990.73,
2005,1,17,19,-5.07,83.02,0.0,0.0,0.0,287.32,5.02,284.0,990.99,
2005,1,17,20,-5.71,82.59,0.0,0.0,0.0,286.15,5.19,300.0,991.25,
2005,1,17,21,-6.7,80.7,0.0,0.0,0.0,280.4,5.71,305.0,992.03,
2005,1,17,22,-7.69,78.8,0.0,0.0,0.0,274.65,6.23,311.0,992.81,
2005,1,17,23,-8.67,76.91,0.0,0.0,0.0,268.9,6.74,316.0,993.59,
2005,1,18,0,-9.34,76.79,0.0,0.0,0.0,259.75,6.46,313.0,994.14,
2005,1,18,1,-10.01,76.67,0.0,0.0,0.0,250.6,6.17,311.0,994.7,
2005,1,18,2,-10.68,76.55,0.0,0.0,0.0,241.45,5.89,308.0,995.25,
2005,1,18,3,-11.02,76.82,0.0,0.0,0.0,233.0,5.66,305.0,995.7,
2005,1,18,4,-11.36,77.08,0.0,0.0,0.0,224.55,5.43,302.0,996.16,
2005,1,18,5,-11.7,77.35,0.0,0.0,0.0,216.1,5.2,298.0,996.61,
2005,1,18,6,-12.29,77.69,0.0,0.0,0.0,211.72,5.0,295.0,997.04,
2005,1,18,7,-12.88,78.04,0.0,0.0,0.0,207.33,4.8,291.0,997.46,
2005,1,18,8,-13.47,78.38,0.0,0.0,0.0,202.95,4.61,288.0,997.88,
2005,1,18,9,-13.05,77.51,0.0,0.0,0.0,200.45,4.52,286.0,998.24,
2005,1,18,10,-12.64,76.63,0.0,0.0,0.0,197.95,4.44,284.0,998.6,
2005,1,18,11,-12.22,75.76,16.0,0.0,16.0,195.45,4.36,282.0,998.96,
2005,1,18,12,-11.35,73.18,98.0,146.36,72.0,196.38,4.73,286.0,998.66,
2005,1,18,13,-10.48,70.61,75.0,4.19,74.0,197.32,5.1,291.0,998.37,
2005,1,18,14,-9.61,68.03,82.0,3.79,81.0,198.25,5.48,296.0,998.08,
2005,1,18,15,-10.43,71.39,101.0,19.85,96.0,199.42,4.73,288.0,998.18,
2005,1,18,16,-11.25,74.75,181.0,678.6,43.0,200.58,3.98,280.0,998.27,
2005,1,18,17,-12.07,78.11,95.0,551.27,28.0,201.75,3.23,272.0,998.37,
2005,1,18,18,-13.16,79.58,0.0,0.0,0.0,198.1,3.28,272.0,998.73,
2005,1,18,19,-14.25,81.05,0.0,0.0,0.0,194.45,3.33,273.0,999.09,
2005,1,18,20,-15.34,82.52,0.0,0.0,0.0,190.8,3.38,273.0,999.44,
2005,1,18,21,-15.92,82.97,0.0,0.0,0.0,191.17,3.26,279.0,999.64,
2005,1,18,22,-16.5,83.43,0.0,0.0,0.0,191.53,3.13,284.0,999.83,
2005,1,18,23,-17.08,83.88,0.0,0.0,0.0,191.9,3.01,289.0,1000.03,
2005,1,19,0,-17.55,84.13,0.0,0.0,0.0,191.68,2.87,291.0,1000.19,
2005,1,19,1,-18.02,84.37,0.0,0.0,0.0,191.47,2.74,293.0,1000.35,
2005,1,19,2,-18.49,84.62,0.0,0.0,0.0,191.25,2.61,295.0,1000.52,
2005,1,19,3,-18.67,84.6,0.0,0.0,0.0,191.75,2.53,297.0,1000.78,
2005,1,19,4,-18.86,84.57,0.0,0.0,0.0,192.25,2.46,298.0,1001.04,
2005,1,19,5,-19.04,84.55,0.0,0.0,0.0,192.75,2.39,300.0,1001.3,
2005,1,19,6,-20.67,84.65,0.0,0.0,0.0,185.53,2.52,303.0,1001.69,
2005,1,19,7,-22.29,84.76,0.0,0.0,0.0,178.32,2.66,305.0,1002.08,
2005,1,19,8,-23.92,84.86,0.0,0.0,0.0,171.1,2.8,307.0,1002.47,
2005,1,19,9,-22.84,83.43,0.0,0.0,0.0,171.87,2.66,310.0,1002.92,
2005,1,19,10,-21.76,82.01,0.0,0.0,0.0,172.63,2.51,314.0,1003.38,
2005,1,19,11,-20.67,80.58,20.0,0.0,20.0,173.4,2.37,317.0,1003.83,
2005,1,19,12,-18.85,78.6,76.0,38.76,69.0,175.23,2.19,314.0,1003.73,
2005,1,19,13,-17.03,76.62,115.0,53.75,102.0,177.07,2.01,311.0,1003.64,
2005,1,19,14,-15.21,74.64,107.0,18.7,102.0,178.9,1.83,308.0,1003.54,
2005,1,19,15,-15.91,76.31,168.0,211.3,114.0,177.58,1.95,303.0,1003.54,
2005,1,19,16,-16.6,77.98,96.0,48.28,86.0,176.27,2.06,298.0,1003.54,
2005,1,19,17,-17.3,79.65,55.0,55.85,48.0,174.95,2.18,293.0,1003.54,
2005,1,19,18,-19.27,81.35,0.0,0.0,0.0,173.07,2.32,288.0,1003.9,
2005,1,19,19,-21.24,83.06,0.0,0.0,0.0,171.18,2.46,283.0,1004.25,
2005,1,19,20,-23.21,84.76,0.0,0.0,0.0,169.3,2.59,278.0,1004.61,
2005,1,19,21,-23.61,83.61,0.0,0.0,0.0,173.05,2.43,276.0,1004.55,
2005,1,19,22,-24.01,82.47,0.0,0.0,0.0,176.8,2.26,274.0,1004.48,
2005,1,19,23,-24.4,81.32,0.0,0.0,0.0,180.55,2.1,272.0,1004.42,
2005,1,20,0,-24.14,81.25,0.0,0.0,0.0,185.0,2.07,268.0,1004.19,
2005,1,20,1,-23.87,81.18,0.0,0.0,0.0,189.45,2.04,264.0,1003.96,
2005,1,20,2,-23.61,81.11,0.0,0.0,0.0,193.9,2.01,260.0,1003.73,
2005,1,20,3,-23.18,81.27,0.0,0.0,0.0,195.95,2.06,257.0,1003.57,
2005,1,20,4,-22.76,81.44,0.0,0.0,0.0,198.0,2.11,254.0,1003.41,
2005,1,20,5,-22.34,81.6,0.0,0.0,0.0,200.05,2.17,252.0,1003.25,
2005,1,20,6,-21.55,81.58,0.0,0.0,0.0,200.6,2.25,253.0,1003.15,
2005,1,20,7,-20.76,81.55,0.0,0.0,0.0,201.15,2.33,255.0,1003.05,
2005,1,20,8,-19.97,81.53,0.0,0.0,0.0,201.7,2.41,256.0,1002.95,
2005,1,20,9,-18.7,80.47,0.0,0.0,0.0,212.0,2.34,257.0,1002.82,
2005,1,20,10,-17.43,79.41,0.0,0.0,0.0,222.3,2.26,258.0,1002.69,
2005,1,20,11,-16.16,78.35,6.0,0.0,6.0,232.6,2.18,258.0,1002.56,
2005,1,20,12,-14.51,76.06,27.0,0.0,27.0,237.75,2.23,262.0,1002.08,
2005,1,20,13,-12.86,73.76,19.0,0.0,19.0,242.9,2.28,266.0,1001.59,
2005,1,20,14,-11.21,71.47,22.0,0.0,22.0,248.05,2.33,270.0,1001.1,
2005,1,20,15,-11.09,73.43,21.0,0.0,21.0,245.95,2.47,273.0,1000.84,
2005,1,20,16,-10.97,75.4,19.0,0.0,19.0,243.85,2.61,277.0,1000.58,
2005,1,20,17,-10.85,77.36,9.0,0.0,9.0,241.75,2.74,281.0,1000.32,
2005,1,20,18,-10.17,77.28,0.0,0.0,0.0,246.4,2.87,284.0,1000.26,
2005,1,20,19,-9.48,77.21,0.0,0.0,0.0,251.05,2.99,287.0,1000.19,
2005,1,20,20,-8.8,77.13,0.0,0.0,0.0,255.7,3.12,290.0,1000.13,
2005,1,20,21,-8.77,77.38,0.0,0.0,0.0,260.67,3.2,294.0,1000.19,
2005,1,20,22,-8.73,77.62,0.0,0.0,0.0,265.63,3.29,298.0,1000.26,
2005,1,20,23,-8.69,77.87,0.0,0.0,0.0,270.6,3.38,301.0,1000.32,
2005,1,21,0,-9.15,78.68,0.0,0.0,0.0,265.28,3.44,306.0,1000.42,
2005,1,21,1,-9.6,79.49,0.0,0.0,0.0,259.97,3.51,310.0,1000.52,
2005,1,21,2,-10.06,80.3,0.0,0.0,0.0,254.65,3.57,314.0,1000.61,
2005,1,21,3,-10.21,80.86,0.0,0.0,0.0,250.53,3.53,316.0,1000.94,
2005,1,21,4,-10.36,81.41,0.0,0.0,0.0,246.42,3.49,318.0,1001.26,
2005,1,21,5,-10.51,81.97,0.0,0.0,0.0,242.3,3.45,320.0,1001.59,
2005,1,21,6,-10.37,82.74,0.0,0.0,0.0,244.28,3.35,325.0,1001.98,
2005,1,21,7,-10.24,83.51,0.0,0.0,0.0,246.27,3.26,330.0,1002.37,
2005,1,21,8,-10.1,84.28,0.0,0.0,0.0,248.25,3.16,334.0,1002.76,
2005,1,21,9,-9.8,83.96,0.0,0.0,0.0,248.58,2.81,339.0,1003.18,
2005,1,21,10,-9.5,83.63,0.0,0.0,0.0,248.92,2.47,343.0,1003.6,
2005,1,21,11,-9.19,83.31,5.0,0.0,5.0,249.25,2.12,348.0,1004.03,
2005,1,21,12,-8.62,81.56,13.0,0.0,13.0,250.35,1.97,353.0,1004.12,
2005,1,21,13,-8.04,79.81,145.0,136.76,111.0,251.45,1.82,358.0,1004.22,
2005,1,21,14,-7.46,78.06,22.0,0.0,22.0,252.55,1.67,4.0,1004.32,
2005,1,21,15,-7.56,79.26,22.0,0.0,22.0,249.38,1.45,11.0,1004.65,
2005,1,21,16,-7.66,80.45,17.0,0.0,17.0,246.22,1.23,18.0,1004.97,
2005,1,21,17,-7.77,81.65,9.0,0.0,9.0,243.05,1.01,24.0,1005.3,
2005,1,21,18,-8.42,83.48,0.0,0.0,0.0,240.45,1.08,67.0,1005.88,
2005,1,21,19,-9.08,85.3,0.0,0.0,0.0,237.85,1.14,110.0,1006.47,
2005,1,21,20,-9.73,87.13,0.0,0.0,0.0,235.25,1.21,153.0,1007.05,
2005,1,21,21,-10.84,88.23,0.0,0.0,0.0,234.83,1.41,157.0,1007.15,
2005,1,21,22,-11.95,89.34,0.0,0.0,0.0,234.42,1.6,160.0,1007.25,
2005,1,21,23,-13.05,90.44,0.0,0.0,0.0,234.0,1.79,163.0,1007.34,
2005,1,22,0,-13.74,90.29,0.0,0.0,0.0,235.78,1.79,168.0,1007.57,
2005,1,22,1,-14.43,90.13,0.0,0.0,0.0,237.57,1.79,172.0,1007.8,
2005,1,22,2,-15.12,89.98,0.0,0.0,0.0,239.35,1.79,176.0,1008.03,
2005,1,22,3,-15.19,89.67,0.0,0.0,0.0,242.6,1.86,177.0,1008.29,
2005,1,22,4,-15.27,89.35,0.0,0.0,0.0,245.85,1.93,178.0,1008.55,
2005,1,22,5,-15.35,89.04,0.0,0.0,0.0,249.1,2.0,179.0,1008.81,
2005,1,22,6,-16.11,88.22,0.0,0.0,0.0,249.22,2.03,185.0,1009.33,
2005,1,22,7,-16.88,87.4,0.0,0.0,0.0,249.33,2.06,191.0,1009.85,
2005,1,22,8,-17.64,86.58,0.0,0.0,0.0,249.45,2.08,197.0,1010.37,
2005,1,22,9,-16.79,86.3,0.0,0.0,0.0,249.82,2.27,193.0,1010.59,
2005,1,22,10,-15.94,86.03,0.0,0.0,0.0,250.18,2.46,190.0,1010.82,
2005,1,22,11,-15.09,85.75,5.0,0.0,5.0,250.55,2.65,186.0,1011.05,
2005,1,22,12,-13.77,83.96,72.0,21.04,68.0,249.22,2.58,185.0,1011.05,
2005,1,22,13,-12.44,82.16,112.0,35.69,103.0,247.88,2.52,184.0,1011.05,
2005,1,22,14,-11.12,80.37,145.0,71.85,125.0,246.55,2.46,183.0,1011.05,
2005,1,22,15,-11.61,82.13,145.0,89.88,121.0,242.15,2.43,178.0,1011.21,
2005,1,22,16,-12.09,83.9,37.0,0.0,37.0,237.75,2.41,173.0,1011.37,
2005,1,22,17,-12.58,85.66,42.0,7.29,41.0,233.35,2.39,168.0,1011.54,
2005,1,22,18,-13.15,86.47,0.0,0.0,0.0,230.58,2.5,167.0,1012.09,
2005,1,22,19,-13.72,87.28,0.0,0.0,0.0,227.82,2.61,166.0,1012.64,
2005,1,22,20,-14.29,88.09,0.0,0.0,0.0,225.05,2.72,165.0,1013.2,
2005,1,22,21,-14.52,88.06,0.0,0.0,0.0,223.58,2.7,166.0,1013.26,
2005,1,22,22,-14.74,88.02,0.0,0.0,0.0,222.12,2.69,168.0,1013.33,
2005,1,22,23,-14.96,87.99,0.0,0.0,0.0,220.65,2.68,170.0,1013.39,
2005,1,23,0,-15.2,87.88,0.0,0.0,0.0,218.87,2.64,169.0,1013.29,
2005,1,23,1,-15.44,87.78,0.0,0.0,0.0,217.08,2.61,168.0,1013.2,
2005,1,23,2,-15.68,87.67,0.0,0.0,0.0,215.3,2.58,168.0,1013.1,
2005,1,23,3,-15.88,87.56,0.0,0.0,0.0,214.9,2.51,167.0,1013.07,
2005,1,23,4,-16.07,87.44,0.0,0.0,0.0,214.5,2.45,167.0,1013.03,
2005,1,23,5,-16.27,87.33,0.0,0.0,0.0,214.1,2.39,167.0,1013.0,
2005,1,23,6,-17.4,86.49,0.0,0.0,0.0,209.35,2.31,160.0,1013.13,
2005,1,23,7,-18.54,85.66,0.0,0.0,0.0,204.6,2.23,154.0,1013.26,
2005,1,23,8,-19.67,84.82,0.0,0.0,0.0,199.85,2.15,148.0,1013.39,
2005,1,23,9,-19.07,84.06,0.0,0.0,0.0,203.63,2.04,148.0,1013.29,
2005,1,23,10,-18.47,83.3,0.0,0.0,0.0,207.42,1.92,147.0,1013.2,
2005,1,23,11,-17.86,82.54,9.0,0.0,9.0,211.2,1.81,147.0,1013.1,
2005,1,23,12,-16.87,81.51,36.0,0.0,36.0,208.73,1.74,144.0,1012.71,
2005,1,23,13,-15.88,80.47,38.0,0.0,38.0,206.27,1.68,141.0,1012.32,
2005,1,23,14,-14.89,79.44,56.0,0.0,56.0,203.8,1.61,137.0,1011.93,
2005,1,23,15,-15.58,80.98,46.0,0.0,46.0,198.0,1.78,123.0,1011.77,
2005,1,23,16,-16.27,82.52,63.0,0.0,63.0,192.2,1.94,109.0,1011.6,
2005,1,23,17,-16.96,84.06,55.0,28.3,51.0,186.4,2.11,95.0,1011.44,
2005,1,23,18,-18.11,84.2,0.0,0.0,0.0,184.72,2.21,98.0,1011.8,
2005,1,23,19,-19.26,84.33,0.0,0.0,0.0,183.03,2.31,102.0,1012.16,
2005,1,23,20,-20.41,84.47,0.0,0.0,0.0,181.35,2.41,105.0,1012.51,
2005,1,23,21,-20.87,84.05,0.0,0.0,0.0,181.07,2.34,104.0,1012.35,
2005,1,23,22,-21.32,83.63,0.0,0.0,0.0,180.78,2.27,103.0,1012.19,
2005,1,23,23,-21.77,83.21,0.0,0.0,0.0,180.5,2.19,102.0,1012.03,
2005,1,24,0,-22.18,82.87,0.0,0.0,0.0,177.88,2.16,97.0,1011.96,
2005,1,24,1,-22.59,82.54,0.0,0.0,0.0,175.27,2.13,91.0,1011.9,
2005,1,24,2,-23.0,82.2,0.0,0.0,0.0,172.65,2.1,86.0,1011.83,
2005,1,24,3,-23.37,81.93,0.0,0.0,0.0,170.28,2.1,84.0,1011.99,
2005,1,24,4,-23.75,81.65,0.0,0.0,0.0,167.92,2.1,81.0,1012.16,
2005,1,24,5,-24.12,81.38,0.0,0.0,0.0,165.55,2.1,79.0,1012.32,
2005,1,24,6,-24.9,81.08,0.0,0.0,0.0,165.85,2.2,80.0,1012.71,
2005,1,24,7,-25.68,80.78,0.0,0.0,0.0,166.15,2.31,81.0,1013.1,
2005,1,24,8,-26.46,80.48,0.0,0.0,0.0,166.45,2.41,81.0,1013.49,
2005,1,24,9,-25.59,79.26,0.0,0.0,0.0,167.92,2.29,83.0,1013.65,
2005,1,24,10,-24.73,78.04,0.0,0.0,0.0,169.38,2.17,84.0,1013.81,
2005,1,24,11,-23.86,76.82,18.0,0.0,18.0,170.85,2.04,86.0,1013.98,
2005,1,24,12,-22.52,74.54,61.0,5.08,60.0,170.55,2.26,83.0,1013.85,
2005,1,24,13,-21.17,72.26,121.0,46.24,109.0,170.25,2.48,80.0,1013.72,
2005,1,24,14,-19.83,69.98,31.0,0.0,31.0,169.95,2.7,77.0,1013.59,
2005,1,24,15,-19.93,71.62,158.0,112.68,127.0,170.17,2.91,75.0,1014.01,
2005,1,24,16,-20.03,73.26,18.0,0.0,18.0,170.38,3.13,73.0,1014.43,
2005,1,24,17,-20.13,74.9,10.0,0.0,10.0,170.6,3.34,71.0,1014.85,
2005,1,24,18,-20.75,76.06,0.0,0.0,0.0,170.18,3.48,74.0,1015.7,
2005,1,24,19,-21.37,77.23,0.0,0.0,0.0,169.77,3.61,76.0,1016.54,
2005,1,24,20,-21.99,78.39,0.0,0.0,0.0,169.35,3.75,79.0,1017.39,
2005,1,24,21,-22.31,78.68,0.0,0.0,0.0,169.5,3.83,80.0,1017.94,
2005,1,24,22,-22.62,78.96,0.0,0.0,0.0,169.65,3.91,81.0,1018.5,
2005,1,24,23,-22.93,79.25,0.0,0.0,0.0,169.8,3.99,81.0,1019.05,
2005,1,25,0,-23.38,79.33,0.0,0.0,0.0,169.85,3.99,80.0,1019.67,
2005,1,25,1,-23.82,79.42,0.0,0.0,0.0,169.9,3.99,79.0,1020.28,
2005,1,25,2,-24.26,79.5,0.0,0.0,0.0,169.95,3.99,78.0,1020.9,
2005,1,25,3,-24.83,79.36,0.0,0.0,0.0,166.63,4.02,76.0,1021.55,
2005,1,25,4,-25.4,79.22,0.0,0.0,0.0,163.32,4.06,75.0,1022.2,
2005,1,25,5,-25.97,79.08,0.0,0.0,0.0,160.0,4.1,73.0,1022.85,
2005,1,25,6,-26.75,78.4,0.0,0.0,0.0,155.95,4.08,72.0,1023.99,
2005,1,25,7,-27.52,77.72,0.0,0.0,0.0,151.9,4.07,70.0,1025.13,
2005,1,25,8,-28.3,77.04,0.0,0.0,0.0,147.85,4.06,68.0,1026.27,
2005,1,25,9,-27.82,76.24,0.0,0.0,0.0,146.7,3.94,68.0,1026.79,
2005,1,25,10,-27.34,75.45,0.0,0.0,0.0,145.55,3.83,67.0,1027.31,
2005,1,25,11,-26.86,74.65,24.0,0.0,24.0,144.4,3.71,66.0,1027.83,
2005,1,25,12,-25.82,72.72,103.0,99.68,83.0,146.23,3.77,64.0,1027.83,
2005,1,25,13,-24.78,70.8,214.0,478.41,88.0,148.07,3.83,61.0,1027.83,
2005,1,25,14,-23.74,68.87,287.0,885.6,30.0,149.9,3.89,59.0,1027.83,
2005,1,25,15,-24.0,71.03,228.0,454.71,101.0,149.63,3.89,54.0,1027.89,
2005,1,25,16,-24.26,73.18,105.0,43.21,95.0,149.37,3.9,48.0,1027.96,
2005,1,25,17,-24.53,75.34,48.0,6.67,47.0,149.1,3.9,43.0,1028.02,
2005,1,25,18,-25.37,75.9,1.0,24.96,0.0,149.9,4.06,45.0,1028.74,
2005,1,25,19,-26.22,76.46,0.0,0.0,0.0,150.7,4.23,46.0,1029.45,
2005,1,25,20,-27.06,77.02,0.0,0.0,0.0,151.5,4.39,48.0,1030.17,
2005,1,25,21,-27.24,78.47,0.0,0.0,0.0,156.03,4.15,46.0,1030.04,
2005,1,25,22,-27.42,79.92,0.0,0.0,0.0,160.57,3.92,44.0,1029.91,
2005,1,25,23,-27.6,81.37,0.0,0.0,0.0,165.1,3.68,43.0,1029.78,
2005,1,26,0,-27.86,82.01,0.0,0.0,0.0,167.38,3.62,39.0,1029.48,
2005,1,26,1,-28.11,82.64,0.0,0.0,0.0,169.67,3.55,34.0,1029.19,
2005,1,26,2,-28.37,83.28,0.0,0.0,0.0,171.95,3.49,30.0,1028.9,
2005,1,26,3,-28.58,83.21,0.0,0.0,0.0,167.28,3.55,27.0,1028.74,
2005,1,26,4,-28.8,83.15,0.0,0.0,0.0,162.62,3.62,23.0,1028.57,
2005,1,26,5,-29.02,83.08,0.0,0.0,0.0,157.95,3.68,20.0,1028.41,
2005,1,26,6,-29.12,84.42,0.0,0.0,0.0,156.57,3.93,17.0,1028.41,
2005,1,26,7,-29.23,85.76,0.0,0.0,0.0,155.18,4.18,14.0,1028.41,
2005,1,26,8,-29.33,87.1,0.0,0.0,0.0,153.8,4.43,11.0,1028.41,
2005,1,26,9,-28.3,84.19,0.0,0.0,0.0,155.63,4.76,13.0,1027.89,
2005,1,26,10,-27.27,81.28,0.0,0.0,0.0,157.47,5.09,15.0,1027.37,
2005,1,26,11,-26.23,78.37,21.0,0.0,21.0,159.3,5.42,17.0,1026.85,
2005,1,26,12,-24.84,74.93,67.0,4.89,66.0,162.97,5.26,20.0,1026.23,
2005,1,26,13,-23.44,71.49,107.0,18.7,102.0,166.63,5.09,24.0,1025.62,
2005,1,26,14,-22.05,68.05,292.0,890.15,30.0,170.3,4.92,27.0,1025.0,
2005,1,26,15,-22.06,69.16,173.0,144.59,132.0,173.37,4.68,24.0,1024.67,
2005,1,26,16,-22.07,70.26,69.0,0.0,69.0,176.43,4.44,21.0,1024.35,
2005,1,26,17,-22.08,71.37,11.0,0.0,11.0,179.5,4.19,19.0,1024.02,
2005,1,26,18,-22.22,73.08,3.0,0.0,3.0,179.2,4.24,20.0,1024.02,
2005,1,26,19,-22.36,74.78,0.0,0.0,0.0,178.9,4.29,22.0,1024.02,
2005,1,26,20,-22.5,76.49,0.0,0.0,0.0,178.6,4.34,24.0,1024.02,
2005,1,26,21,-22.56,77.15,0.0,0.0,0.0,185.5,4.02,27.0,1023.73,
2005,1,26,22,-22.62,77.81,0.0,0.0,0.0,192.4,3.69,30.0,1023.44,
2005,1,26,23,-22.68,78.47,0.0,0.0,0.0,199.3,3.37,33.0,1023.14,
2005,1,27,0,-22.77,78.89,0.0,0.0,0.0,201.52,3.24,33.0,1023.05,
2005,1,27,1,-22.85,79.32,0.0,0.0,0.0,203.73,3.11,34.0,1022.95,
2005,1,27,2,-22.94,79.74,0.0,0.0,0.0,205.95,2.98,34.0,1022.85,
2005,1,27,3,-23.08,79.91,0.0,0.0,0.0,203.48,2.96,35.0,1022.88,
2005,1,27,4,-23.23,80.08,0.0,0.0,0.0,201.02,2.94,36.0,1022.92,
2005,1,27,5,-23.38,80.25,0.0,0.0,0.0,198.55,2.92,37.0,1022.95,
2005,1,27,6,-23.07,80.45,0.0,0.0,0.0,200.52,2.95,39.0,1023.24,
2005,1,27,7,-22.77,80.64,0.0,0.0,0.0,202.48,2.98,41.0,1023.53,
2005,1,27,8,-22.46,80.84,0.0,0.0,0.0,204.45,3.01,44.0,1023.83,
2005,1,27,9,-22.3,80.12,0.0,0.0,0.0,202.22,3.05,46.0,1023.89,
2005,1,27,10,-22.15,79.39,0.0,0.0,0.0,199.98,3.09,48.0,1023.96,
2005,1,27,11,-21.99,78.67,43.0,44.12,38.0,197.75,3.13,49.0,1024.02,
2005,1,27,12,-21.36,76.6,93.0,48.04,83.0,194.6,3.2,50.0,1023.83,
2005,1,27,13,-20.72,74.53,262.0,854.97,30.0,191.45,3.26,51.0,1023.63,
2005,1,27,14,-20.08,72.46,173.0,117.23,138.0,188.3,3.32,52.0,1023.44,
2005,1,27,15,-20.29,74.3,245.0,517.51,96.0,185.87,3.21,48.0,1023.5,
2005,1,27,16,-20.49,76.15,132.0,99.93,108.0,183.43,3.09,44.0,1023.57,
2005,1,27,17,-20.7,77.99,116.0,384.69,55.0,181.0,2.98,40.0,1023.63,
2005,1,27,18,-21.36,78.63,3.0,0.0,3.0,182.42,2.98,40.0,1024.15,
2005,1,27,19,-22.01,79.26,0.0,0.0,0.0,183.83,2.98,40.0,1024.67,
2005,1,27,20,-22.67,79.9,0.0,0.0,0.0,185.25,2.98,40.0,1025.19,
2005,1,27,21,-22.48,79.73,0.0,0.0,0.0,192.07,3.55,39.0,1025.06,
2005,1,27,22,-22.29,79.57,0.0,0.0,0.0,198.88,4.12,38.0,1024.93,
2005,1,27,23,-22.09,79.4,0.0,0.0,0.0,205.7,4.69,37.0,1024.8,
2005,1,28,0,-21.99,79.4,0.0,0.0,0.0,213.13,4.29,31.0,1024.61,
2005,1,28,1,-21.88,79.39,0.0,0.0,0.0,220.57,3.9,26.0,1024.41,
2005,1,28,2,-21.78,79.39,0.0,0.0,0.0,228.0,3.5,20.0,1024.22,
2005,1,28,3,-21.89,79.87,0.0,0.0,0.0,226.08,3.43,20.0,1024.09,
2005,1,28,4,-22.0,80.34,0.0,0.0,0.0,224.17,3.35,19.0,1023.96,
2005,1,28,5,-22.11,80.82,0.0,0.0,0.0,222.25,3.27,18.0,1023.83,
2005,1,28,6,-22.47,80.75,0.0,0.0,0.0,218.32,3.34,17.0,1024.12,
2005,1,28,7,-22.84,80.69,0.0,0.0,0.0,214.38,3.41,17.0,1024.41,
2005,1,28,8,-23.2,80.62,0.0,0.0,0.0,210.45,3.48,16.0,1024.7,
2005,1,28,9,-22.73,79.77,0.0,0.0,0.0,202.95,3.39,16.0,1024.67,
2005,1,28,10,-22.26,78.93,0.0,0.0,0.0,195.45,3.3,16.0,1024.64,
2005,1,28,11,-21.79,78.08,32.0,8.55,31.0,187.95,3.21,16.0,1024.61,
2005,1,28,12,-20.56,76.04,90.0,37.72,82.0,183.8,3.41,19.0,1024.28,
2005,1,28,13,-19.32,74.0,195.0,283.13,117.0,179.65,3.61,22.0,1023.96,
2005,1,28,14,-18.09,71.96,302.0,898.09,30.0,175.5,3.81,25.0,1023.63,
2005,1,28,15,-18.33,73.93,241.0,461.78,106.0,176.0,3.9,25.0,1023.53,
2005,1,28,16,-18.57,75.91,163.0,220.72,109.0,176.5,4.0,25.0,1023.44,
2005,1,28,17,-18.82,77.88,144.0,729.86,25.0,177.0,4.1,25.0,1023.34,
2005,1,28,18,-19.29,78.81,3.0,0.0,3.0,184.93,4.18,28.0,1023.86,
2005,1,28,19,-19.75,79.75,0.0,0.0,0.0,192.87,4.27,31.0,1024.38,
2005,1,28,20,-20.22,80.68,0.0,0.0,0.0,200.8,4.36,35.0,1024.9,
2005,1,28,21,-20.57,80.76,0.0,0.0,0.0,203.25,4.19,37.0,1025.0,
2005,1,28,22,-20.92,80.84,0.0,0.0,0.0,205.7,4.02,40.0,1025.09,
2005,1,28,23,-21.27,80.92,0.0,0.0,0.0,208.15,3.85,42.0,1025.19,
2005,1,29,0,-21.54,80.85,0.0,0.0,0.0,209.77,3.9,43.0,1025.29,
2005,1,29,1,-21.8,80.77,0.0,0.0,0.0,211.38,3.96,44.0,1025.39,
2005,1,29,2,-22.06,80.7,0.0,0.0,0.0,213.0,4.01,44.0,1025.49,
2005,1,29,3,-22.22,80.73,0.0,0.0,0.0,212.23,3.94,44.0,1025.71,
2005,1,29,4,-22.37,80.77,0.0,0.0,0.0,211.47,3.87,43.0,1025.94,
2005,1,29,5,-22.53,80.8,0.0,0.0,0.0,210.7,3.79,42.0,1026.17,
2005,1,29,6,-22.38,80.87,0.0,0.0,0.0,208.87,3.54,40.0,1026.66,
2005,1,29,7,-22.22,80.94,0.0,0.0,0.0,207.03,3.28,39.0,1027.14,
2005,1,29,8,-22.07,81.01,0.0,0.0,0.0,205.2,3.02,37.0,1027.63,
2005,1,29,9,-21.69,80.12,0.0,0.0,0.0,205.55,2.97,39.0,1027.73,
2005,1,29,10,-21.31,79.24,0.0,0.0,0.0,205.9,2.93,41.0,1027.83,
2005,1,29,11,-20.93,78.35,30.0,0.0,30.0,206.25,2.88,43.0,1027.92,
2005,1,29,12,-20.09,76.71,86.0,23.14,81.0,206.32,2.93,46.0,1027.79,
2005,1,29,13,-19.24,75.08,64.0,0.0,64.0,206.38,2.97,49.0,1027.66,
2005,1,29,14,-18.4,73.44,78.0,0.0,78.0,206.45,3.02,52.0,1027.53,
2005,1,29,15,-18.45,75.14,159.0,80.85,135.0,204.67,2.88,50.0,1027.57,
2005,1,29,16,-18.5,76.84,61.0,0.0,61.0,202.88,2.74,49.0,1027.6,
2005,1,29,17,-18.56,78.54,55.0,5.97,54.0,201.1,2.61,47.0,1027.63,
2005,1,29,18,-19.2,79.43,4.0,0.0,4.0,200.97,2.59,49.0,1028.22,
2005,1,29,19,-19.83,80.33,0.0,0.0,0.0,200.83,2.57,52.0,1028.8,
2005,1,29,20,-20.47,81.22,0.0,0.0,0.0,200.7,2.55,54.0,1029.39,
2005,1,29,21,-20.77,81.44,0.0,0.0,0.0,200.3,2.39,55.0,1029.22,
2005,1,29,22,-21.07,81.66,0.0,0.0,0.0,199.9,2.23,56.0,1029.06,
2005,1,29,23,-21.37,81.88,0.0,0.0,0.0,199.5,2.07,57.0,1028.9,
2005,1,30,0,-21.67,81.91,0.0,0.0,0.0,197.98,1.92,54.0,1028.83,
2005,1,30,1,-21.97,81.93,0.0,0.0,0.0,196.47,1.77,51.0,1028.77,
2005,1,30,2,-22.27,81.96,0.0,0.0,0.0,194.95,1.61,48.0,1028.7,
2005,1,30,3,-22.45,81.86,0.0,0.0,0.0,194.7,1.6,46.0,1028.74,
2005,1,30,4,-22.64,81.76,0.0,0.0,0.0,194.45,1.59,44.0,1028.77,
2005,1,30,5,-22.82,81.66,0.0,0.0,0.0,194.2,1.57,42.0,1028.8,
2005,1,30,6,-23.77,81.13,0.0,0.0,0.0,191.5,1.69,49.0,1029.13,
2005,1,30,7,-24.71,80.6,0.0,0.0,0.0,188.8,1.8,55.0,1029.45,
2005,1,30,8,-25.66,80.07,0.0,0.0,0.0,186.1,1.92,61.0,1029.78,
2005,1,30,9,-25.01,78.83,0.0,0.0,0.0,186.07,1.95,69.0,1029.84,
2005,1,30,10,-24.36,77.58,0.0,0.0,0.0,186.03,1.98,76.0,1029.91,
2005,1,30,11,-23.7,76.34,44.0,32.09,40.0,186.0,2.01,83.0,1029.97,
2005,1,30,12,-22.37,74.84,97.0,45.41,87.0,184.22,1.83,91.0,1029.58,
2005,1,30,13,-21.04,73.33,185.0,200.68,128.0,182.43,1.64,98.0,1029.19,
2005,1,30,14,-19.71,71.83,190.0,144.35,145.0,180.65,1.45,106.0,1028.8,
2005,1,30,15,-19.84,73.45,181.0,132.7,141.0,176.28,1.36,99.0,1028.51,
2005,1,30,16,-19.96,75.07,92.0,7.88,90.0,171.92,1.26,92.0,1028.22,
2005,1,30,17,-20.09,76.69,109.0,214.88,72.0,167.55,1.17,86.0,1027.92,
2005,1,30,18,-21.33,78.23,4.0,0.0,4.0,167.17,1.37,90.0,1028.38,
2005,1,30,19,-22.58,79.76,0.0,0.0,0.0,166.78,1.57,94.0,1028.83,
2005,1,30,20,-23.82,81.3,0.0,0.0,0.0,166.4,1.77,98.0,1029.29,
2005,1,30,21,-24.57,80.93,0.0,0.0,0.0,166.7,1.7,106.0,1028.93,
2005,1,30,22,-25.32,80.56,0.0,0.0,0.0,167.0,1.64,114.0,1028.57,
2005,1,30,23,-26.07,80.19,0.0,0.0,0.0,167.3,1.57,121.0,1028.22,
2005,1,31,0,-26.28,80.25,0.0,0.0,0.0,167.15,1.49,132.0,1028.02,
2005,1,31,1,-26.49,80.31,0.0,0.0,0.0,167.0,1.4,143.0,1027.83,
2005,1,31,2,-26.7,80.37,0.0,0.0,0.0,166.85,1.31,154.0,1027.63,
2005,1,31,3,-26.58,80.32,0.0,0.0,0.0,167.88,1.27,165.0,1027.44,
2005,1,31,4,-26.47,80.27,0.0,0.0,0.0,168.92,1.24,175.0,1027.24,
2005,1,31,5,-26.35,80.22,0.0,0.0,0.0,169.95,1.2,186.0,1027.05,
2005,1,31,6,-26.78,80.47,0.0,0.0,0.0,170.28,1.1,195.0,1027.44,
2005,1,31,7,-27.21,80.71,0.0,0.0,0.0,170.62,1.0,204.0,1027.83,
2005,1,31,8,-27.64,80.96,0.0,0.0,0.0,170.95,0.9,212.0,1028.22,
2005,1,31,9,-26.55,79.33,0.0,0.0,0.0,172.35,1.31,208.0,1028.15,
2005,1,31,10,-25.46,77.71,0.0,0.0,0.0,173.75,1.72,204.0,1028.09,
2005,1,31,11,-24.37,76.08,34.0,7.77,33.0,175.15,2.14,199.0,1028.02,
2005,1,31,12,-22.36,72.0,94.0,31.19,87.0,173.72,1.92,201.0,1027.44,
2005,1,31,13,-20.34,67.93,130.0,34.67,120.0,172.28,1.7,203.0,1026.85,
2005,1,31,14,-18.32,63.85,222.0,252.92,142.0,170.85,1.48,205.0,1026.27,
2005,1,31,15,-18.33,64.68,178.0,114.34,143.0,170.13,1.32,200.0,1025.97,
2005,1,31,16,-18.33,65.5,106.0,19.34,101.0,169.42,1.16,194.0,1025.68,
2005,1,31,17,-18.34,66.33,69.0,22.62,65.0,168.7,1.01,189.0,1025.39,
2005,1,31,18,-19.54,68.62,5.0,0.0,5.0,168.2,1.14,195.0,1025.62,
2005,1,31,19,-20.74,70.92,0.0,0.0,0.0,167.7,1.28,202.0,1025.84,
2005,1,31,20,-21.93,73.21,0.0,0.0,0.0,167.2,1.42,208.0,1026.07,
2005,1,31,21,-22.7,74.54,0.0,0.0,0.0,168.18,1.57,212.0,1025.58,
2005,1,31,22,-23.62,79.08,0.0,0.0,0.0,178.88,1.53,215.0,1025.09,
2005,1,31,23,-24.33,78.42,0.0,0.0,0.0,175.06,1.67,219.0,1024.61,
2012,2,1,0,-25.04,77.76,0.0,0.0,0.0,171.25,1.81,226.0,1024.22,
2012,2,1,1,-25.75,77.1,0.0,0.0,0.0,167.43,1.95,233.0,1023.83,
2012,2,1,2,-26.46,76.44,0.0,0.0,0.0,163.61,2.08,240.0,1023.44,
2012,2,1,3,-27.18,75.78,0.0,0.0,0.0,159.79,2.22,247.0,1023.27,
2012,2,1,4,-27.89,75.12,0.0,0.0,0.0,155.97,2.36,254.0,1023.11,
2012,2,1,5,-28.6,74.46,0.0,0.0,0.0,152.16,2.49,261.0,1022.95,
2012,2,1,6,-29.31,73.8,0.0,0.0,0.0,148.34,2.63,16.0,1031.11,
2012,2,1,7,-30.02,73.14,0.0,0.0,0.0,144.52,2.77,16.0,1031.37,
2012,2,1,8,-30.73,72.48,0.0,0.0,0.0,140.7,2.91,15.0,1031.63,
2012,2,1,9,-31.44,71.81,0.0,0.0,0.0,136.89,3.04,16.0,1031.69,
2012,2,1,10,-32.15,71.15,0.0,0.0,0.0,133.07,3.18,17.0,1031.76,
2012,2,1,11,-32.87,70.49,96.0,369.27,47.0,129.25,3.32,18.0,1031.82,
2012,2,1,12,-33.58,69.83,147.0,179.25,106.0,125.43,3.45,16.0,1031.6,
2012,2,1,13,-34.29,69.17,191.0,170.68,141.0,121.61,3.59,15.0,1031.37,
2012,2,1,14,-27.61,66.61,154.0,37.39,142.0,132.2,2.9,14.0,1031.14,
2012,2,1,15,-27.53,68.08,160.0,54.69,143.0,132.83,2.62,10.0,1030.88,
2012,2,1,16,-27.44,69.55,165.0,151.92,125.0,133.47,2.34,6.0,1030.62,
2012,2,1,17,-27.36,71.02,99.0,110.15,79.0,134.1,2.07,2.0,1030.36,
2012,2,1,18,-28.07,72.18,23.0,28.08,21.0,133.93,2.85,5.0,1030.26,
2012,2,1,19,-28.78,73.34,0.0,0.0,0.0,133.77,3.63,8.0,1030.17,
2012,2,1,20,-29.5,74.5,0.0,0.0,0.0,133.6,4.41,10.0,1030.07,
2012,2,1,21,-29.29,74.79,0.0,0.0,0.0,138.25,4.4,12.0,1029.87,
2012,2,1,22,-29.08,75.09,0.0,0.0,0.0,142.9,4.4,13.0,1029.68,
2012,2,1,23,-28.88,75.38,0.0,0.0,0.0,147.55,4.39,14.0,1029.48,
2012,2,2,0,-28.74,76.17,0.0,0.0,0.0,152.75,4.4,12.0,1029.06,
2012,2,2,1,-28.61,76.96,0.0,0.0,0.0,157.95,4.4,11.0,1028.64,
2012,2,2,2,-28.48,77.75,0.0,0.0,0.0,163.15,4.41,10.0,1028.22,
2012,2,2,3,-28.41,78.07,0.0,0.0,0.0,163.6,4.24,9.0,1027.73,
2012,2,2,4,-28.34,78.4,0.0,0.0,0.0,164.05,4.06,8.0,1027.24,
2012,2,2,5,-28.27,78.72,0.0,0.0,0.0,164.5,3.89,8.0,1026.75,
2012,2,2,6,-28.56,78.15,0.0,0.0,0.0,163.7,3.73,11.0,1026.49,
2012,2,2,7,-28.86,77.59,0.0,0.0,0.0,162.9,3.57,14.0,1026.23,
2012,2,2,8,-29.15,77.02,0.0,0.0,0.0,162.1,3.41,17.0,1025.97,
2012,2,2,9,-28.2,76.39,0.0,0.0,0.0,162.58,2.89,22.0,1025.84,
2012,2,2,10,-27.25,75.76,0.0,0.0,0.0,163.07,2.37,28.0,1025.71,
2012,2,2,11,-26.3,75.13,107.0,467.6,43.0,163.55,1.85,33.0,1025.58,
2012,2,2,12,-25.34,73.07,123.0,77.21,105.0,160.92,1.76,35.0,1025.03,
2012,2,2,13,-24.39,71.02,145.0,43.69,132.0,158.28,1.67,36.0,1024.48,
2012,2,2,14,-23.44,68.96,106.0,3.07,105.0,155.65,1.59,38.0,1023.92,
2012,2,2,15,-23.71,70.83,134.0,19.01,128.0,150.6,1.77,37.0,1023.92,
2012,2,2,16,-23.99,72.69,142.0,70.87,123.0,145.55,1.96,36.0,1023.92,
2012,2,2,17,-24.26,74.56,80.0,32.2,74.0,140.5,2.15,36.0,1023.92,
2012,2,2,18,-25.65,75.48,21.0,13.18,20.0,137.7,2.41,35.0,1024.51,
2012,2,2,19,-27.03,76.4,0.0,0.0,0.0,134.9,2.68,34.0,1025.09,
2012,2,2,20,-28.42,77.32,0.0,0.0,0.0,132.1,2.94,33.0,1025.68,
2012,2,2,21,-28.92,77.35,0.0,0.0,0.0,133.95,3.22,28.0,1025.81,
2012,2,2,22,-29.42,77.39,0.0,0.0,0.0,135.8,3.51,23.0,1025.94,
2012,2,2,23,-29.92,77.42,0.0,0.0,0.0,137.65,3.79,18.0,1026.07,
2012,2,3,0,-30.1,77.45,0.0,0.0,0.0,138.7,3.91,14.0,1026.04,
2012,2,3,1,-30.29,77.48,0.0,0.0,0.0,139.75,4.02,11.0,1026.01,
2012,2,3,2,-30.48,77.51,0.0,0.0,0.0,140.8,4.14,7.0,1025.97,
2012,2,3,3,-30.31,77.46,0.0,0.0,0.0,141.45,4.2,5.0,1025.78,
2012,2,3,4,-30.14,77.42,0.0,0.0,0.0,142.1,4.27,2.0,1025.58,
2012,2,3,5,-29.97,77.37,0.0,0.0,0.0,142.75,4.33,0.0,1025.39,
2012,2,3,6,-29.58,77.25,0.0,0.0,0.0,145.57,4.36,359.0,1025.22,
2012,2,3,7,-29.19,77.14,0.0,0.0,0.0,148.38,4.39,358.0,1025.06,
2012,2,3,8,-28.8,77.02,0.0,0.0,0.0,151.2,4.41,357.0,1024.9,
2012,2,3,9,-27.22,76.18,0.0,0.0,0.0,155.3,4.5,357.0,1024.57,
2012,2,3,10,-25.64,75.34,0.0,0.0,0.0,159.4,4.58,357.0,1024.25,
2012,2,3,11,-24.06,74.5,88.0,205.48,59.0,163.5,4.66,357.0,1023.92,
2012,2,3,12,-22.4,73.7,137.0,113.63,110.0,172.18,4.88,359.0,1023.37,
2012,2,3,13,-20.74,72.89,161.0,69.5,140.0,180.87,5.1,360.0,1022.82,
2012,2,3,14,-19.08,72.09,165.0,45.39,150.0,189.55,5.32,1.0,1022.27,
2012,2,3,15,-18.57,73.22,150.0,34.32,139.0,196.63,5.18,2.0,1021.78,
2012,2,3,16,-18.07,74.34,63.0,0.0,63.0,203.72,5.04,2.0,1021.29,
2012,2,3,17,-17.56,75.47,142.0,334.78,78.0,210.8,4.9,2.0,1020.8,
2012,2,3,18,-16.73,76.7,39.0,124.05,29.0,217.63,4.77,4.0,1020.58,
2012,2,3,19,-15.89,77.94,0.0,0.0,0.0,224.47,4.65,7.0,1020.35,
2012,2,3,20,-15.06,79.17,0.0,0.0,0.0,231.3,4.52,9.0,1020.12,
2012,2,3,21,-14.83,79.55,0.0,0.0,0.0,233.9,4.39,10.0,1020.19,
2012,2,3,22,-14.6,79.93,0.0,0.0,0.0,236.5,4.26,11.0,1020.25,
2012,2,3,23,-14.38,80.31,0.0,0.0,0.0,239.1,4.12,12.0,1020.32,
2012,2,4,0,-14.44,80.48,0.0,0.0,0.0,238.8,4.03,12.0,1020.02,
2012,2,4,1,-14.51,80.66,0.0,0.0,0.0,238.5,3.93,11.0,1019.73,
2012,2,4,2,-14.58,80.83,0.0,0.0,0.0,238.2,3.83,11.0,1019.44,
2012,2,4,3,-14.79,80.84,0.0,0.0,0.0,237.08,3.74,10.0,1019.24,
2012,2,4,4,-15.0,80.85,0.0,0.0,0.0,235.97,3.65,10.0,1019.05,
2012,2,4,5,-15.22,80.86,0.0,0.0,0.0,234.85,3.56,10.0,1018.85,
2012,2,4,6,-15.04,80.81,0.0,0.0,0.0,234.22,3.78,10.0,1018.79,
2012,2,4,7,-14.86,80.75,0.0,0.0,0.0,233.58,4.01,11.0,1018.72,
2012,2,4,8,-14.68,80.7,0.0,0.0,0.0,232.95,4.23,11.0,1018.66,
2012,2,4,9,-14.51,79.09,0.0,0.0,0.0,231.93,5.28,12.0,1018.59,
2012,2,4,10,-14.33,77.47,0.0,0.0,0.0,230.92,6.32,13.0,1018.53,
2012,2,4,11,-14.15,75.86,69.0,68.73,59.0,229.9,7.37,14.0,1018.46,
2012,2,4,12,-13.72,74.42,62.0,0.0,62.0,228.83,7.47,15.0,1018.04,
2012,2,4,13,-13.29,72.98,58.0,0.0,58.0,227.77,7.58,15.0,1017.62,
2012,2,4,14,-12.86,71.54,32.0,0.0,32.0,226.7,7.68,16.0,1017.19,
2012,2,4,15,-12.79,73.01,83.0,0.0,83.0,228.18,7.31,16.0,1017.06,
2012,2,4,16,-12.72,74.49,154.0,86.36,130.0,229.67,6.95,17.0,1016.93,
2012,2,4,17,-12.64,75.96,23.0,0.0,23.0,231.15,6.58,17.0,1016.8,
2012,2,4,18,-12.69,76.98,5.0,0.0,5.0,234.78,6.44,19.0,1016.71,
2012,2,4,19,-12.74,78.01,0.0,0.0,0.0,238.42,6.3,21.0,1016.61,
2012,2,4,20,-12.8,79.03,0.0,0.0,0.0,242.05,6.17,23.0,1016.51,
2012,2,4,21,-12.78,79.54,0.0,0.0,0.0,243.23,5.95,25.0,1016.19,
2012,2,4,22,-12.76,80.05,0.0,0.0,0.0,244.42,5.73,26.0,1015.86,
2012,2,4,23,-12.75,80.56,0.0,0.0,0.0,245.6,5.52,28.0,1015.54,
2012,2,5,0,-12.82,80.76,0.0,0.0,0.0,245.92,5.53,29.0,1015.08,
2012,2,5,1,-12.9,80.97,0.0,0.0,0.0,246.23,5.54,31.0,1014.63,
2012,2,5,2,-12.97,81.17,0.0,0.0,0.0,246.55,5.54,33.0,1014.17,
2012,2,5,3,-13.14,81.11,0.0,0.0,0.0,244.22,5.85,41.0,1013.91,
2012,2,5,4,-13.31,81.06,0.0,0.0,0.0,241.88,6.15,48.0,1013.65,
2012,2,5,5,-13.49,81.0,0.0,0.0,0.0,239.55,6.46,55.0,1013.39,
2012,2,5,6,-14.43,79.93,0.0,0.0,0.0,226.8,6.96,66.0,1014.5,
2012,2,5,7,-15.38,78.87,0.0,0.0,0.0,214.05,7.47,77.0,1015.6,
2012,2,5,8,-16.32,77.8,0.0,0.0,0.0,201.3,7.97,88.0,1016.71,
2012,2,5,9,-17.58,74.33,0.0,0.0,0.0,190.3,7.07,92.0,1018.17,
2012,2,5,10,-18.84,70.87,0.0,0.0,0.0,179.3,6.17,96.0,1019.63,
2012,2,5,11,-20.1,67.4,95.0,213.4,63.0,168.3,5.27,100.0,1021.1,
2012,2,5,12,-19.74,66.41,165.0,202.57,115.0,168.28,5.11,100.0,1021.71,
2012,2,5,13,-19.38,65.41,174.0,83.4,148.0,168.27,4.95,100.0,1022.33,
2012,2,5,14,-19.02,64.42,178.0,58.78,158.0,168.25,4.79,100.0,1022.95,
2012,2,5,15,-19.11,66.51,163.0,42.37,149.0,168.43,4.23,93.0,1023.47,
2012,2,5,16,-19.21,68.6,130.0,35.35,120.0,168.62,3.68,87.0,1023.99,
2012,2,5,17,-19.3,70.69,103.0,74.64,88.0,168.8,3.13,80.0,1024.51,
2012,2,5,18,-20.56,72.8,35.0,44.36,31.0,166.88,3.61,83.0,1025.62,
2012,2,5,19,-21.82,74.9,0.0,0.0,0.0,164.97,4.1,85.0,1026.72,
2012,2,5,20,-23.08,77.01,0.0,0.0,0.0,163.05,4.58,87.0,1027.83,
2012,2,5,21,-23.59,77.38,0.0,0.0,0.0,163.18,4.44,86.0,1028.15,
2012,2,5,22,-24.1,77.75,0.0,0.0,0.0,163.32,4.29,85.0,1028.48,
2012,2,5,23,-24.62,78.12,0.0,0.0,0.0,163.45,4.15,84.0,1028.8,
2012,2,6,0,-25.04,78.22,0.0,0.0,0.0,164.83,4.09,81.0,1029.03,
2012,2,6,1,-25.47,78.33,0.0,0.0,0.0,166.22,4.03,77.0,1029.26,
2012,2,6,2,-25.9,78.43,0.0,0.0,0.0,167.6,3.97,73.0,1029.48,
2012,2,6,3,-26.06,78.28,0.0,0.0,0.0,169.9,3.86,71.0,1029.61,
2012,2,6,4,-26.22,78.13,0.0,0.0,0.0,172.2,3.75,68.0,1029.74,
2012,2,6,5,-26.39,77.98,0.0,0.0,0.0,174.5,3.64,65.0,1029.87,
2012,2,6,6,-27.01,77.98,0.0,0.0,0.0,170.67,3.68,67.0,1030.36,
2012,2,6,7,-27.64,77.98,0.0,0.0,0.0,166.83,3.71,69.0,1030.85,
2012,2,6,8,-28.26,77.98,0.0,0.0,0.0,163.0,3.75,70.0,1031.34,
2012,2,6,9,-27.01,76.31,0.0,0.0,0.0,165.13,3.42,68.0,1031.53,
2012,2,6,10,-25.77,74.65,0.0,0.0,0.0,167.27,3.09,65.0,1031.73,
2012,2,6,11,-24.52,72.98,106.0,284.8,62.0,169.4,2.76,63.0,1031.92,
2012,2,6,12,-23.18,70.67,123.0,51.68,110.0,175.55,2.77,62.0,1031.66,
2012,2,6,13,-21.83,68.35,168.0,66.32,147.0,181.7,2.79,62.0,1031.4,
2012,2,6,14,-20.48,66.04,194.0,81.1,166.0,187.85,2.8,61.0,1031.14,
2012,2,6,15,-20.34,66.84,202.0,113.28,164.0,190.37,2.75,60.0,1030.98,
2012,2,6,16,-20.19,67.64,187.0,166.7,139.0,192.88,2.7,58.0,1030.82,
2012,2,6,17,-20.05,68.44,132.0,194.23,92.0,195.4,2.65,57.0,1030.65,
2012,2,6,18,-20.72,69.82,23.0,0.0,23.0,194.05,2.61,57.0,1031.24,
2012,2,6,19,-21.39,71.2,0.0,0.0,0.0,192.7,2.57,58.0,1031.82,
2012,2,6,20,-22.06,72.58,0.0,0.0,0.0,191.35,2.52,58.0,1032.41,
2012,2,6,21,-22.3,73.33,0.0,0.0,0.0,191.32,2.67,59.0,1032.25,
2012,2,6,22,-22.54,74.07,0.0,0.0,0.0,191.28,2.81,60.0,1032.08,
2012,2,6,23,-22.79,74.82,0.0,0.0,0.0,191.25,2.95,61.0,1031.92,
2012,2,7,0,-23.09,75.9,0.0,0.0,0.0,186.67,3.4,61.0,1031.69,
2012,2,7,1,-23.4,76.99,0.0,0.0,0.0,182.08,3.84,61.0,1031.47,
2012,2,7,2,-23.7,78.07,0.0,0.0,0.0,177.5,4.29,62.0,1031.24,
2012,2,7,3,-23.68,78.58,0.0,0.0,0.0,182.95,4.23,62.0,1030.98,
2012,2,7,4,-23.66,79.1,0.0,0.0,0.0,188.4,4.17,62.0,1030.72,
2012,2,7,5,-23.65,79.61,0.0,0.0,0.0,193.85,4.11,62.0,1030.46,
2012,2,7,6,-23.69,79.62,0.0,0.0,0.0,193.9,3.94,62.0,1030.62,
2012,2,7,7,-23.74,79.64,0.0,0.0,0.0,193.95,3.77,62.0,1030.78,
2012,2,7,8,-23.79,79.65,0.0,0.0,0.0,194.0,3.6,62.0,1030.95,
2012,2,7,9,-23.05,78.71,0.0,0.0,0.0,196.85,3.66,63.0,1030.72,
2012,2,7,10,-22.31,77.78,0.0,0.0,0.0,199.7,3.73,65.0,1030.49,
2012,2,7,11,-21.57,76.84,88.0,119.4,69.0,202.55,3.79,66.0,1030.26,
2012,2,7,12,-20.52,75.41,101.0,15.6,97.0,203.27,3.89,68.0,1029.61,
2012,2,7,13,-19.47,73.97,85.0,0.0,85.0,203.98,4.0,70.0,1028.96,
2012,2,7,14,-18.42,72.54,37.0,0.0,37.0,204.7,4.1,71.0,1028.31,
2012,2,7,15,-18.13,73.59,38.0,0.0,38.0,204.78,3.74,70.0,1027.76,
2012,2,7,16,-17.83,74.65,144.0,47.78,130.0,204.87,3.38,70.0,1027.21,
2012,2,7,17,-17.54,75.7,66.0,4.74,65.0,204.95,3.02,69.0,1026.66,
2012,2,7,18,-17.77,77.28,21.0,0.0,21.0,204.7,3.12,70.0,1027.01,
2012,2,7,19,-18.0,78.87,0.0,0.0,0.0,204.45,3.21,71.0,1027.37,
2012,2,7,20,-18.24,80.45,0.0,0.0,0.0,204.2,3.31,73.0,1027.73,
2012,2,7,21,-18.11,80.89,0.0,0.0,0.0,208.25,3.0,74.0,1027.21,
2012,2,7,22,-17.98,81.33,0.0,0.0,0.0,212.3,2.69,75.0,1026.69,
2012,2,7,23,-17.86,81.77,0.0,0.0,0.0,216.35,2.37,76.0,1026.17,
2012,2,8,0,-17.85,82.17,0.0,0.0,0.0,217.83,2.27,77.0,1025.62,
2012,2,8,1,-17.85,82.57,0.0,0.0,0.0,219.32,2.16,78.0,1025.06,
2012,2,8,2,-17.85,82.97,0.0,0.0,0.0,220.8,2.06,78.0,1024.51,
2012,2,8,3,-17.98,83.04,0.0,0.0,0.0,220.72,2.44,80.0,1024.09,
2012,2,8,4,-18.11,83.12,0.0,0.0,0.0,220.63,2.83,81.0,1023.66,
2012,2,8,5,-18.25,83.19,0.0,0.0,0.0,220.55,3.21,83.0,1023.24,
2012,2,8,6,-18.06,83.36,0.0,0.0,0.0,219.27,3.17,84.0,1023.08,
2012,2,8,7,-17.87,83.53,0.0,0.0,0.0,217.98,3.12,85.0,1022.92,
2012,2,8,8,-17.68,83.7,0.0,0.0,0.0,216.7,3.08,86.0,1022.75,
2012,2,8,9,-17.24,82.36,0.0,0.0,0.0,216.68,3.86,88.0,1022.46,
2012,2,8,10,-16.79,81.02,1.0,24.43,0.0,216.67,4.64,89.0,1022.17,
2012,2,8,11,-16.34,79.68,84.0,91.55,69.0,216.65,5.42,90.0,1021.88,
2012,2,8,12,-15.59,77.74,62.0,0.0,62.0,216.78,5.28,90.0,1021.19,
2012,2,8,13,-14.83,75.8,122.0,6.12,120.0,216.92,5.14,91.0,1020.51,
2012,2,8,14,-14.08,73.86,100.0,0.0,100.0,217.05,4.99,91.0,1019.83,
2012,2,8,15,-13.94,74.91,88.0,0.0,88.0,216.62,4.51,87.0,1019.28,
2012,2,8,16,-13.8,75.96,258.0,486.3,113.0,216.18,4.03,84.0,1018.72,
2012,2,8,17,-13.66,77.01,144.0,217.59,97.0,215.75,3.54,80.0,1018.17,
2012,2,8,18,-13.71,78.62,6.0,0.0,6.0,218.43,3.32,80.0,1018.23,
2012,2,8,19,-13.76,80.22,0.0,0.0,0.0,221.12,3.1,79.0,1018.3,
2012,2,8,20,-13.81,81.83,0.0,0.0,0.0,223.8,2.88,78.0,1018.36,
2012,2,8,21,-13.93,82.37,0.0,0.0,0.0,226.13,2.92,79.0,1018.04,
2012,2,8,22,-14.05,82.92,0.0,0.0,0.0,228.47,2.97,79.0,1017.71,
2012,2,8,23,-14.17,83.46,0.0,0.0,0.0,230.8,3.01,80.0,1017.39,
2012,2,9,0,-14.55,83.65,0.0,0.0,0.0,230.73,3.03,79.0,1017.03,
2012,2,9,1,-14.94,83.83,0.0,0.0,0.0,230.67,3.06,78.0,1016.67,
2012,2,9,2,-15.33,84.02,0.0,0.0,0.0,230.6,3.09,77.0,1016.32,
2012,2,9,3,-15.82,83.96,0.0,0.0,0.0,228.57,3.12,75.0,1015.96,
2012,2,9,4,-16.31,83.91,0.0,0.0,0.0,226.53,3.14,74.0,1015.6,
2012,2,9,5,-16.81,83.85,0.0,0.0,0.0,224.5,3.17,72.0,1015.24,
2012,2,9,6,-17.21,83.62,0.0,0.0,0.0,221.1,3.14,72.0,1015.05,
2012,2,9,7,-17.61,83.38,0.0,0.0,0.0,217.7,3.1,72.0,1014.85,
2012,2,9,8,-18.01,83.15,0.0,0.0,0.0,214.3,3.06,72.0,1014.66,
2012,2,9,9,-17.95,81.35,0.0,0.0,0.0,212.12,3.55,74.0,1014.43,
2012,2,9,10,-17.89,79.56,12.0,21.96,11.0,209.93,4.05,75.0,1014.2,
2012,2,9,11,-17.84,77.76,128.0,391.37,62.0,207.75,4.54,77.0,1013.98,
2012,2,9,12,-17.28,75.72,150.0,97.65,124.0,203.83,4.25,76.0,1013.36,
2012,2,9,13,-16.72,73.69,178.0,66.32,156.0,199.92,3.96,74.0,1012.74,
2012,2,9,14,-16.17,71.65,227.0,133.1,179.0,196.0,3.67,73.0,1012.12,
2012,2,9,15,-16.28,73.16,258.0,256.45,168.0,189.97,3.21,69.0,1011.77,
2012,2,9,16,-16.4,74.67,197.0,164.82,147.0,183.93,2.76,65.0,1011.41,
2012,2,9,17,-16.51,76.18,109.0,58.8,96.0,177.9,2.3,61.0,1011.05,
2012,2,9,18,-17.27,78.11,50.0,72.87,42.0,178.57,2.73,61.0,1011.02,
2012,2,9,19,-18.03,80.05,0.0,0.0,0.0,179.23,3.15,61.0,1010.98,
2012,2,9,20,-18.8,81.98,0.0,0.0,0.0,179.9,3.57,61.0,1010.95,
2012,2,9,21,-19.35,82.22,0.0,0.0,0.0,179.37,3.6,59.0,1010.76,
2012,2,9,22,-19.91,82.47,0.0,0.0,0.0,178.83,3.64,56.0,1010.56,
2012,2,9,23,-20.47,82.71,0.0,0.0,0.0,178.3,3.67,53.0,1010.37,
2012,2,10,0,-21.05,82.7,0.0,0.0,0.0,178.18,2.91,48.0,1010.37,
2012,2,10,1,-21.64,82.69,0.0,0.0,0.0,178.07,2.16,43.0,1010.37,
2012,2,10,2,-22.22,82.68,0.0,0.0,0.0,177.95,1.41,38.0,1010.37,
2012,2,10,3,-22.65,82.35,0.0,0.0,0.0,178.98,2.15,34.0,1010.27,
2012,2,10,4,-23.08,82.02,0.0,0.0,0.0,180.02,2.9,30.0,1010.17,
2012,2,10,5,-23.52,81.69,0.0,0.0,0.0,181.05,3.64,26.0,1010.07,
2012,2,10,6,-23.48,81.43,0.0,0.0,0.0,184.53,3.36,26.0,1010.14,
2012,2,10,7,-23.44,81.16,0.0,0.0,0.0,188.02,3.08,26.0,1010.2,
2012,2,10,8,-23.4,80.9,0.0,0.0,0.0,191.5,2.8,26.0,1010.27,
2012,2,10,9,-22.67,80.09,0.0,0.0,0.0,192.17,2.4,25.0,1010.5,
2012,2,10,10,-21.93,79.28,2.0,0.0,2.0,192.83,2.0,24.0,1010.72,
2012,2,10,11,-21.19,78.47,78.0,46.1,70.0,193.5,1.6,23.0,1010.95,
2012,2,10,12,-20.16,76.27,92.0,3.69,91.0,192.27,1.76,22.0,1010.95,
2012,2,10,13,-19.12,74.08,94.0,0.0,94.0,191.03,1.92,21.0,1010.95,
2012,2,10,14,-18.08,71.88,50.0,0.0,50.0,189.8,2.08,19.0,1010.95,
2012,2,10,15,-18.09,73.38,81.0,0.0,81.0,185.5,1.93,20.0,1010.82,
2012,2,10,16,-18.1,74.89,193.0,139.35,150.0,181.2,1.77,20.0,1010.69,
2012,2,10,17,-18.11,76.39,190.0,495.08,78.0,176.9,1.61,21.0,1010.56,
2012,2,10,18,-19.22,78.24,70.0,226.54,44.0,172.18,1.93,21.0,1010.79,
2012,2,10,19,-20.33,80.08,0.0,0.0,0.0,167.47,2.24,22.0,1011.02,
2012,2,10,20,-21.44,81.93,0.0,0.0,0.0,162.75,2.55,22.0,1011.24,
2012,2,10,21,-21.91,82.12,0.0,0.0,0.0,164.85,2.5,24.0,1011.47,
2012,2,10,22,-22.38,82.31,0.0,0.0,0.0,166.95,2.45,26.0,1011.7,
2012,2,10,23,-22.86,82.5,0.0,0.0,0.0,169.05,2.4,27.0,1011.93,
2012,2,11,0,-22.95,82.21,0.0,0.0,0.0,173.85,2.17,26.0,1012.06,
2012,2,11,1,-23.04,81.93,0.0,0.0,0.0,178.65,1.93,26.0,1012.19,
2012,2,11,2,-23.13,81.64,0.0,0.0,0.0,183.45,1.7,25.0,1012.32,
2012,2,11,3,-23.41,81.39,0.0,0.0,0.0,186.07,1.79,17.0,1012.42,
2012,2,11,4,-23.69,81.15,0.0,0.0,0.0,188.68,1.88,10.0,1012.51,
2012,2,11,5,-23.98,80.9,0.0,0.0,0.0,191.3,1.97,2.0,1012.61,
2012,2,11,6,-24.55,80.83,0.0,0.0,0.0,191.45,1.97,358.0,1012.68,
2012,2,11,7,-25.12,80.75,0.0,0.0,0.0,191.6,1.96,355.0,1012.74,
2012,2,11,8,-25.69,80.68,0.0,0.0,0.0,191.75,1.96,351.0,1012.81,
2012,2,11,9,-24.11,79.16,0.0,0.0,0.0,193.67,1.7,352.0,1013.0,
2012,2,11,10,-22.54,77.64,17.0,36.37,15.0,195.58,1.43,353.0,1013.2,
2012,2,11,11,-20.97,76.12,138.0,409.01,65.0,197.5,1.17,353.0,1013.39,
2012,2,11,12,-19.42,74.86,201.0,267.7,127.0,196.53,1.08,321.0,1013.29,
2012,2,11,13,-17.87,73.6,252.0,260.12,163.0,195.57,0.98,289.0,1013.2,
2012,2,11,14,-16.33,72.34,243.0,156.26,185.0,194.6,0.88,257.0,1013.1,
2012,2,11,15,-15.88,72.06,207.0,88.52,175.0,188.05,1.21,266.0,1012.9,
2012,2,11,16,-15.43,71.79,190.0,121.08,152.0,181.5,1.54,276.0,1012.71,
2012,2,11,17,-14.97,71.51,137.0,133.97,106.0,174.95,1.86,286.0,1012.51,
2012,2,11,18,-16.22,75.1,57.0,83.48,47.0,171.17,2.46,262.0,1012.58,
2012,2,11,19,-17.48,78.68,0.0,0.0,0.0,167.38,3.06,239.0,1012.64,
2012,2,11,20,-18.73,82.27,0.0,0.0,0.0,163.6,3.66,216.0,1012.71,
2012,2,11,21,-20.61,82.05,0.0,0.0,0.0,164.78,3.61,218.0,1012.64,
2012,2,11,22,-22.49,81.82,0.0,0.0,0.0,165.97,3.56,220.0,1012.58,
2012,2,11,23,-24.37,81.6,0.0,0.0,0.0,167.15,3.52,222.0,1012.51,
2012,2,12,0,-24.81,81.28,0.0,0.0,0.0,168.28,3.52,224.0,1012.42,
2012,2,12,1,-25.26,80.95,0.0,0.0,0.0,169.42,3.53,226.0,1012.32,
2012,2,12,2,-25.7,80.63,0.0,0.0,0.0,170.55,3.53,227.0,1012.22,
2012,2,12,3,-25.87,80.67,0.0,0.0,0.0,171.33,3.52,228.0,1012.12,
2012,2,12,4,-26.04,80.71,0.0,0.0,0.0,172.12,3.51,230.0,1012.03,
2012,2,12,5,-26.22,80.75,0.0,0.0,0.0,172.9,3.5,231.0,1011.93,
2012,2,12,6,-26.78,80.68,0.0,0.0,0.0,172.27,3.57,233.0,1011.96,
2012,2,12,7,-27.35,80.61,0.0,0.0,0.0,171.63,3.63,234.0,1011.99,
2012,2,12,8,-27.91,80.54,0.0,0.0,0.0,171.0,3.7,236.0,1012.03,
2012,2,12,9,-25.35,77.67,0.0,0.0,0.0,172.15,3.13,236.0,1012.16,
2012,2,12,10,-22.79,74.8,34.0,300.79,16.0,173.3,2.57,236.0,1012.29,
2012,2,12,11,-20.23,71.93,136.0,348.74,72.0,174.45,2.0,236.0,1012.42,
2012,2,12,12,-17.77,68.95,216.0,326.69,124.0,175.28,1.87,230.0,1012.38,
2012,2,12,13,-15.31,65.96,230.0,166.93,172.0,176.12,1.74,225.0,1012.35,
2012,2,12,14,-12.86,62.98,217.0,87.64,184.0,176.95,1.61,220.0,1012.32,
2012,2,12,15,-12.95,66.38,225.0,117.21,182.0,175.07,1.89,220.0,1012.12,
2012,2,12,16,-13.05,69.79,188.0,106.54,154.0,173.18,2.16,220.0,1011.93,
2012,2,12,17,-13.14,73.19,84.0,8.45,82.0,171.3,2.43,220.0,1011.73,
2012,2,12,18,-15.18,76.6,23.0,0.0,23.0,169.15,3.01,223.0,1011.9,
2012,2,12,19,-17.23,80.01,0.0,0.0,0.0,167.0,3.59,226.0,1012.06,
2012,2,12,20,-19.27,83.42,0.0,0.0,0.0,164.85,4.17,229.0,1012.22,
2012,2,12,21,-20.38,83.15,0.0,0.0,0.0,165.4,4.08,230.0,1012.25,
2012,2,12,22,-21.49,82.87,0.0,0.0,0.0,165.95,3.99,232.0,1012.29,
2012,2,12,23,-22.61,82.6,0.0,0.0,0.0,166.5,3.9,233.0,1012.32,
2012,2,13,0,-23.36,81.86,0.0,0.0,0.0,167.05,3.85,235.0,1012.19,
2012,2,13,1,-24.11,81.12,0.0,0.0,0.0,167.6,3.79,238.0,1012.06,
2012,2,13,2,-24.86,80.38,0.0,0.0,0.0,168.15,3.74,240.0,1011.93,
2012,2,13,3,-25.43,80.09,0.0,0.0,0.0,168.18,3.74,239.0,1011.93,
2012,2,13,4,-26.0,79.81,0.0,0.0,0.0,168.22,3.74,239.0,1011.93,
2012,2,13,5,-26.58,79.52,0.0,0.0,0.0,168.25,3.74,238.0,1011.93,
2012,2,13,6,-26.97,79.41,0.0,0.0,0.0,169.33,3.64,238.0,1012.12,
2012,2,13,7,-27.36,79.29,0.0,0.0,0.0,170.42,3.54,237.0,1012.32,
2012,2,13,8,-27.75,79.18,0.0,0.0,0.0,171.5,3.45,236.0,1012.51,
2012,2,13,9,-25.31,76.29,0.0,0.0,0.0,173.08,3.09,229.0,1012.64,
2012,2,13,10,-22.86,73.41,42.0,416.81,15.0,174.67,2.72,222.0,1012.77,
2012,2,13,11,-20.42,70.52,118.0,180.24,84.0,176.25,2.36,216.0,1012.9,
2012,2,13,12,-17.67,68.97,175.0,128.98,138.0,176.65,2.45,213.0,1012.77,
2012,2,13,13,-14.92,67.42,248.0,212.58,173.0,177.05,2.53,209.0,1012.64,
2012,2,13,14,-12.17,65.87,238.0,125.68,190.0,177.45,2.62,206.0,1012.51,
2012,2,13,15,-12.3,68.71,222.0,104.76,183.0,176.98,2.47,204.0,1012.29,
2012,2,13,16,-12.43,71.56,204.0,141.77,158.0,176.52,2.32,202.0,1012.06,
2012,2,13,17,-12.55,74.4,149.0,148.88,113.0,176.05,2.17,200.0,1011.83,
2012,2,13,18,-14.42,76.94,106.0,577.33,31.0,174.83,2.83,202.0,1012.19,
2012,2,13,19,-16.3,79.48,0.0,0.0,0.0,173.62,3.49,204.0,1012.55,
2012,2,13,20,-18.17,82.02,0.0,0.0,0.0,172.4,4.15,206.0,1012.9,
2012,2,13,21,-19.02,82.37,0.0,0.0,0.0,172.05,4.04,210.0,1012.94,
2012,2,13,22,-19.87,82.73,0.0,0.0,0.0,171.7,3.92,214.0,1012.97,
2012,2,13,23,-20.73,83.08,0.0,0.0,0.0,171.35,3.81,217.0,1013.0,
2012,2,14,0,-21.48,82.55,0.0,0.0,0.0,172.45,3.62,219.0,1012.94,
2012,2,14,1,-22.23,82.02,0.0,0.0,0.0,173.55,3.43,221.0,1012.87,
2012,2,14,2,-22.98,81.49,0.0,0.0,0.0,174.65,3.24,223.0,1012.81,
2012,2,14,3,-23.34,80.95,0.0,0.0,0.0,176.43,3.09,226.0,1012.84,
2012,2,14,4,-23.69,80.41,0.0,0.0,0.0,178.22,2.94,229.0,1012.87,
2012,2,14,5,-24.05,79.87,0.0,0.0,0.0,180.0,2.79,232.0,1012.9,
2012,2,14,6,-24.43,79.35,0.0,0.0,0.0,181.77,2.69,231.0,1013.33,
2012,2,14,7,-24.82,78.84,0.0,0.0,0.0,183.53,2.6,230.0,1013.75,
2012,2,14,8,-25.21,78.32,0.0,0.0,0.0,185.3,2.51,229.0,1014.17,
2012,2,14,9,-23.34,76.08,0.0,0.0,0.0,187.67,1.95,230.0,1014.3,
2012,2,14,10,-21.48,73.83,6.0,0.0,6.0,190.03,1.4,231.0,1014.43,
2012,2,14,11,-19.61,71.59,131.0,242.49,84.0,192.4,0.84,232.0,1014.56,
2012,2,14,12,-17.44,70.63,191.0,174.54,140.0,191.25,0.81,208.0,1014.17,
2012,2,14,13,-15.26,69.68,289.0,357.33,161.0,190.1,0.79,184.0,1013.78,
2012,2,14,14,-13.08,68.72,279.0,227.17,191.0,188.95,0.76,161.0,1013.39,
2012,2,14,15,-12.6,68.6,220.0,92.66,185.0,184.87,0.94,161.0,1013.29,
2012,2,14,16,-12.13,68.47,221.0,181.9,161.0,180.78,1.12,162.0,1013.2,
2012,2,14,17,-11.65,68.35,64.0,0.0,64.0,176.7,1.3,162.0,1013.1,
2012,2,14,18,-12.61,71.21,53.0,29.63,49.0,177.38,1.35,167.0,1013.39,
2012,2,14,19,-13.57,74.07,0.0,0.0,0.0,178.07,1.41,172.0,1013.68,
2012,2,14,20,-14.53,76.93,0.0,0.0,0.0,178.75,1.46,177.0,1013.98,
2012,2,14,21,-15.27,78.56,0.0,0.0,0.0,181.02,1.37,204.0,1013.88,
2012,2,14,22,-16.02,80.19,0.0,0.0,0.0,183.28,1.28,230.0,1013.78,
2012,2,14,23,-16.77,81.82,0.0,0.0,0.0,185.55,1.19,257.0,1013.68,
2012,2,15,0,-18.14,82.67,0.0,0.0,0.0,185.68,1.18,286.0,1013.72,
2012,2,15,1,-19.52,83.52,0.0,0.0,0.0,185.82,1.18,314.0,1013.75,
2012,2,15,2,-20.89,84.37,0.0,0.0,0.0,185.95,1.17,343.0,1013.78,
2012,2,15,3,-21.31,84.1,0.0,0.0,0.0,189.83,1.45,358.0,1013.91,
2012,2,15,4,-21.72,83.83,0.0,0.0,0.0,193.72,1.72,13.0,1014.04,
2012,2,15,5,-22.14,83.56,0.0,0.0,0.0,197.6,2.0,28.0,1014.17,
2012,2,15,6,-22.05,83.42,0.0,0.0,0.0,202.17,1.72,30.0,1014.43,
2012,2,15,7,-21.97,83.27,0.0,0.0,0.0,206.73,1.45,31.0,1014.69,
2012,2,15,8,-21.89,83.13,0.0,0.0,0.0,211.3,1.17,32.0,1014.95,
2012,2,15,9,-20.23,81.24,0.0,0.0,0.0,207.55,1.08,32.0,1014.98,
2012,2,15,10,-18.56,79.35,51.0,440.66,18.0,203.8,0.99,31.0,1015.02,
2012,2,15,11,-16.9,77.46,183.0,708.26,42.0,200.05,0.9,30.0,1015.05,
2012,2,15,12,-15.17,75.46,249.0,433.5,120.0,194.7,0.97,34.0,1014.56,
2012,2,15,13,-13.44,73.45,370.0,800.15,79.0,189.35,1.05,38.0,1014.07,
2012,2,15,14,-11.71,71.45,322.0,369.07,177.0,184.0,1.13,41.0,1013.59,
2012,2,15,15,-11.89,73.83,308.0,347.1,175.0,181.95,1.31,40.0,1013.2,
2012,2,15,16,-12.08,76.22,281.0,423.57,139.0,179.9,1.49,39.0,1012.81,
2012,2,15,17,-12.26,78.6,213.0,483.47,91.0,177.85,1.67,38.0,1012.42,
2012,2,15,18,-14.12,80.93,86.0,206.96,57.0,175.52,2.25,40.0,1012.68,
2012,2,15,19,-15.97,83.27,0.0,0.0,0.0,173.18,2.84,42.0,1012.94,
2012,2,15,20,-17.83,85.6,0.0,0.0,0.0,170.85,3.42,44.0,1013.2,
2012,2,15,21,-18.37,85.97,0.0,0.0,0.0,171.15,2.97,47.0,1013.03,
2012,2,15,22,-18.91,86.35,0.0,0.0,0.0,171.45,2.51,50.0,1012.87,
2012,2,15,23,-19.45,86.72,0.0,0.0,0.0,171.75,2.06,54.0,1012.71,
2012,2,16,0,-20.04,85.93,0.0,0.0,0.0,171.98,2.54,48.0,1012.48,
2012,2,16,1,-20.63,85.14,0.0,0.0,0.0,172.22,3.02,43.0,1012.25,
2012,2,16,2,-21.22,84.35,0.0,0.0,0.0,172.45,3.5,38.0,1012.03,
2012,2,16,3,-21.68,83.61,0.0,0.0,0.0,177.82,3.21,32.0,1011.93,
2012,2,16,4,-22.14,82.88,0.0,0.0,0.0,183.18,2.92,25.0,1011.83,
2012,2,16,5,-22.61,82.14,0.0,0.0,0.0,188.55,2.63,19.0,1011.73,
2012,2,16,6,-22.66,81.7,0.0,0.0,0.0,194.17,2.53,23.0,1012.03,
2012,2,16,7,-22.72,81.26,0.0,0.0,0.0,199.78,2.43,28.0,1012.32,
2012,2,16,8,-22.77,80.82,0.0,0.0,0.0,205.4,2.33,32.0,1012.61,
2012,2,16,9,-21.16,80.28,0.0,0.0,0.0,209.83,1.98,36.0,1012.61,
2012,2,16,10,-19.55,79.74,50.0,324.76,24.0,214.27,1.63,41.0,1012.61,
2012,2,16,11,-17.94,79.2,177.0,567.5,61.0,218.7,1.28,45.0,1012.61,
2012,2,16,12,-16.57,78.27,286.0,653.41,88.0,218.17,1.48,47.0,1012.12,
2012,2,16,13,-15.19,77.35,368.0,747.56,92.0,217.63,1.68,50.0,1011.64,
2012,2,16,14,-13.81,76.42,387.0,667.64,121.0,217.1,1.88,52.0,1011.15,
2012,2,16,15,-13.71,77.1,373.0,648.34,121.0,212.28,1.71,50.0,1010.82,
2012,2,16,16,-13.62,77.79,321.0,631.11,106.0,207.47,1.54,48.0,1010.5,
2012,2,16,17,-13.52,78.47,211.0,426.95,101.0,202.65,1.38,46.0,1010.17,
2012,2,16,18,-15.17,80.73,84.0,165.22,60.0,196.8,1.34,46.0,1010.53,
2012,2,16,19,-16.81,83.0,0.0,0.0,0.0,190.95,1.3,47.0,1010.89,
2012,2,16,20,-18.46,85.26,0.0,0.0,0.0,185.1,1.26,47.0,1011.24,
2012,2,16,21,-18.52,85.21,0.0,0.0,0.0,192.83,1.3,47.0,1011.08,
2012,2,16,22,-18.58,85.16,0.0,0.0,0.0,200.57,1.35,47.0,1010.92,
2012,2,16,23,-18.64,85.11,0.0,0.0,0.0,208.3,1.39,46.0,1010.76,
2012,2,17,0,-18.71,84.96,0.0,0.0,0.0,210.62,1.37,45.0,1010.53,
2012,2,17,1,-18.78,84.81,0.0,0.0,0.0,212.93,1.34,44.0,1010.3,
2012,2,17,2,-18.85,84.66,0.0,0.0,0.0,215.25,1.31,43.0,1010.07,
2012,2,17,3,-19.2,84.46,0.0,0.0,0.0,214.35,1.47,39.0,1009.81,
2012,2,17,4,-19.55,84.25,0.0,0.0,0.0,213.45,1.62,35.0,1009.55,
2012,2,17,5,-19.91,84.05,0.0,0.0,0.0,212.55,1.78,31.0,1009.29,
2012,2,17,6,-20.29,83.59,0.0,0.0,0.0,210.55,2.13,31.0,1009.33,
2012,2,17,7,-20.68,83.12,0.0,0.0,0.0,208.55,2.49,32.0,1009.36,
2012,2,17,8,-21.07,82.66,0.0,0.0,0.0,206.55,2.84,33.0,1009.39,
2012,2,17,9,-20.37,81.26,0.0,0.0,0.0,205.87,3.04,36.0,1009.29,
2012,2,17,10,-19.67,79.85,60.0,445.47,22.0,205.18,3.25,40.0,1009.2,
2012,2,17,11,-18.97,78.45,192.0,681.61,49.0,204.5,3.45,44.0,1009.1,
2012,2,17,12,-18.07,76.2,244.0,353.29,135.0,201.83,3.48,46.0,1008.61,
2012,2,17,13,-17.18,73.96,260.0,197.46,186.0,199.17,3.5,48.0,1008.12,
2012,2,17,14,-16.29,71.71,407.0,754.96,102.0,196.5,3.53,50.0,1007.64,
2012,2,17,15,-16.16,72.49,396.0,748.3,101.0,192.45,3.59,49.0,1007.41,
2012,2,17,16,-16.04,73.27,317.0,572.05,119.0,188.4,3.64,47.0,1007.18,
2012,2,17,17,-15.91,74.05,244.0,654.08,72.0,184.35,3.7,46.0,1006.95,
2012,2,17,18,-16.51,76.84,95.0,219.39,62.0,187.88,3.29,46.0,1007.12,
2012,2,17,19,-17.11,79.64,0.0,0.0,0.0,191.42,2.88,47.0,1007.28,
2012,2,17,20,-17.71,82.43,0.0,0.0,0.0,194.95,2.47,47.0,1007.44,
2012,2,17,21,-17.85,82.81,0.0,0.0,0.0,201.35,2.3,47.0,1007.64,
2012,2,17,22,-17.99,83.19,0.0,0.0,0.0,207.75,2.13,47.0,1007.83,
2012,2,17,23,-18.13,83.57,0.0,0.0,0.0,214.15,1.96,47.0,1008.03,
2012,2,18,0,-18.29,83.76,0.0,0.0,0.0,216.53,1.95,40.0,1007.96,
2012,2,18,1,-18.46,83.94,0.0,0.0,0.0,218.92,1.95,33.0,1007.9,
2012,2,18,2,-18.63,84.13,0.0,0.0,0.0,221.3,1.94,26.0,1007.83,
2012,2,18,3,-18.9,84.09,0.0,0.0,0.0,221.45,2.03,25.0,1007.67,
2012,2,18,4,-19.17,84.05,0.0,0.0,0.0,221.6,2.12,24.0,1007.51,
2012,2,18,5,-19.44,84.01,0.0,0.0,0.0,221.75,2.21,23.0,1007.34,
2012,2,18,6,-20.04,83.63,0.0,0.0,0.0,221.12,2.13,22.0,1007.47,
2012,2,18,7,-20.65,83.25,0.0,0.0,0.0,220.48,2.06,20.0,1007.6,
2012,2,18,8,-21.25,82.87,0.0,0.0,0.0,219.85,1.99,19.0,1007.73,
2012,2,18,9,-20.09,81.6,0.0,0.0,0.0,221.3,2.27,18.0,1007.99,
2012,2,18,10,-18.93,80.32,49.0,165.53,34.0,222.75,2.56,17.0,1008.25,
2012,2,18,11,-17.76,79.05,190.0,590.0,63.0,224.2,2.84,16.0,1008.51,
2012,2,18,12,-16.55,77.24,319.0,846.9,53.0,223.9,2.86,17.0,1008.09,
2012,2,18,13,-15.33,75.42,386.0,783.43,88.0,223.6,2.88,19.0,1007.67,
2012,2,18,14,-14.11,73.61,383.0,583.48,144.0,223.3,2.9,20.0,1007.25,
2012,2,18,15,-13.87,74.48,393.0,695.35,115.0,221.35,2.58,20.0,1006.86,
2012,2,18,16,-13.64,75.34,356.0,804.89,73.0,219.4,2.27,20.0,1006.47,
2012,2,18,17,-13.4,76.21,241.0,585.15,84.0,217.45,1.96,20.0,1006.08,
2012,2,18,18,-14.56,78.91,94.0,179.96,66.0,212.43,2.46,20.0,1006.17,
2012,2,18,19,-15.71,81.62,0.0,0.0,0.0,207.42,2.97,19.0,1006.27,
2012,2,18,20,-16.87,84.32,0.0,0.0,0.0,202.4,3.48,18.0,1006.37,
2012,2,18,21,-17.1,84.57,0.0,0.0,0.0,207.15,3.39,18.0,1006.43,
2012,2,18,22,-17.34,84.82,0.0,0.0,0.0,211.9,3.3,17.0,1006.5,
2012,2,18,23,-17.58,85.07,0.0,0.0,0.0,216.65,3.21,16.0,1006.56,
2012,2,19,0,-17.78,85.13,0.0,0.0,0.0,219.0,2.82,16.0,1006.43,
2012,2,19,1,-17.98,85.19,0.0,0.0,0.0,221.35,2.43,16.0,1006.3,
2012,2,19,2,-18.18,85.25,0.0,0.0,0.0,223.7,2.04,16.0,1006.17,
2012,2,19,3,-18.58,85.25,0.0,0.0,0.0,224.03,2.02,10.0,1006.01,
2012,2,19,4,-18.98,85.24,0.0,0.0,0.0,224.37,2.0,4.0,1005.85,
2012,2,19,5,-19.38,85.24,0.0,0.0,0.0,224.7,1.97,358.0,1005.69,
2012,2,19,6,-19.49,84.8,0.0,0.0,0.0,225.85,1.83,355.0,1005.62,
2012,2,19,7,-19.61,84.35,0.0,0.0,0.0,227.0,1.7,352.0,1005.56,
2012,2,19,8,-19.72,83.91,0.0,0.0,0.0,228.15,1.56,350.0,1005.49,
2012,2,19,9,-18.27,83.14,0.0,0.0,0.0,229.78,1.4,351.0,1005.49,
2012,2,19,10,-16.83,82.37,37.0,41.67,33.0,231.42,1.24,352.0,1005.49,
2012,2,19,11,-15.39,81.6,139.0,176.65,100.0,233.05,1.08,353.0,1005.49,
2012,2,19,12,-13.71,79.69,279.0,497.34,120.0,233.6,1.23,357.0,1005.2,
2012,2,19,13,-12.04,77.78,363.0,608.75,128.0,234.15,1.38,0.0,1004.91,
2012,2,19,14,-10.37,75.87,382.0,549.05,154.0,234.7,1.53,4.0,1004.61,
2012,2,19,15,-10.28,76.94,345.0,421.81,174.0,230.77,1.56,1.0,1004.38,
2012,2,19,16,-10.19,78.02,191.0,64.41,168.0,226.83,1.59,358.0,1004.16,
2012,2,19,17,-10.09,79.09,154.0,98.66,127.0,222.9,1.61,355.0,1003.93,
2012,2,19,18,-11.58,80.67,68.0,37.32,62.0,219.6,2.16,355.0,1004.09,
2012,2,19,19,-13.07,82.24,0.0,0.0,0.0,216.3,2.7,354.0,1004.25,
2012,2,19,20,-14.56,83.82,0.0,0.0,0.0,213.0,3.24,354.0,1004.42,
2012,2,19,21,-14.76,83.66,0.0,0.0,0.0,216.02,3.52,353.0,1004.51,
2012,2,19,22,-14.97,83.49,0.0,0.0,0.0,219.03,3.8,351.0,1004.61,
2012,2,19,23,-15.18,83.33,0.0,0.0,0.0,222.05,4.08,350.0,1004.71,
2012,2,20,0,-15.61,83.03,0.0,0.0,0.0,216.52,4.27,350.0,1004.68,
2012,2,20,1,-16.04,82.72,0.0,0.0,0.0,210.98,4.45,349.0,1004.65,
2012,2,20,2,-16.47,82.42,0.0,0.0,0.0,205.45,4.63,349.0,1004.61,
2012,2,20,3,-16.86,82.18,0.0,0.0,0.0,199.47,4.61,350.0,1004.65,
2012,2,20,4,-17.25,81.94,0.0,0.0,0.0,193.48,4.58,351.0,1004.68,
2012,2,20,5,-17.65,81.7,0.0,0.0,0.0,187.5,4.55,352.0,1004.71,
2012,2,20,6,-17.53,82.47,0.0,0.0,0.0,188.85,4.73,352.0,1004.81,
2012,2,20,7,-17.41,83.23,0.0,0.0,0.0,190.2,4.9,353.0,1004.91,
2012,2,20,8,-17.29,84.0,0.0,0.0,0.0,191.55,5.08,353.0,1005.0,
2012,2,20,9,-15.35,80.76,0.0,0.0,0.0,193.22,4.77,355.0,1005.1,
2012,2,20,10,-13.41,77.52,69.0,364.69,32.0,194.88,4.46,357.0,1005.2,
2012,2,20,11,-11.48,74.28,188.0,472.72,81.0,196.55,4.15,359.0,1005.3,
2012,2,20,12,-10.08,72.19,298.0,583.97,108.0,197.9,4.22,1.0,1004.97,
2012,2,20,13,-8.68,70.11,383.0,689.24,113.0,199.25,4.29,3.0,1004.65,
2012,2,20,14,-7.28,68.02,402.0,627.15,138.0,200.6,4.36,5.0,1004.32,
2012,2,20,15,-7.3,69.48,389.0,608.25,139.0,198.38,4.02,4.0,1004.09,
2012,2,20,16,-7.32,70.94,331.0,557.07,129.0,196.17,3.68,3.0,1003.86,
2012,2,20,17,-7.34,72.4,221.0,376.3,116.0,193.95,3.34,2.0,1003.64,
2012,2,20,18,-8.37,73.45,103.0,198.82,70.0,193.3,3.56,4.0,1003.9,
2012,2,20,19,-9.4,74.49,0.0,0.0,0.0,192.65,3.78,5.0,1004.16,
2012,2,20,20,-10.44,75.54,0.0,0.0,0.0,192.0,4.0,6.0,1004.42,
2012,2,20,21,-11.04,76.53,0.0,0.0,0.0,194.0,4.09,8.0,1004.74,
2012,2,20,22,-11.64,77.53,0.0,0.0,0.0,196.0,4.18,10.0,1005.07,
2012,2,20,23,-12.25,78.52,0.0,0.0,0.0,198.0,4.28,12.0,1005.39,
2012,2,21,0,-13.12,80.0,0.0,0.0,0.0,200.48,4.33,11.0,1005.56,
2012,2,21,1,-14.0,81.48,0.0,0.0,0.0,202.97,4.39,10.0,1005.72,
2012,2,21,2,-14.87,82.96,0.0,0.0,0.0,205.45,4.44,9.0,1005.88,
2012,2,21,3,-15.53,83.41,0.0,0.0,0.0,207.42,4.27,8.0,1006.01,
2012,2,21,4,-16.19,83.86,0.0,0.0,0.0,209.38,4.09,6.0,1006.14,
2012,2,21,5,-16.86,84.31,0.0,0.0,0.0,211.35,3.92,4.0,1006.27,
2012,2,21,6,-16.85,84.66,0.0,0.0,0.0,218.15,3.73,3.0,1006.6,
2012,2,21,7,-16.85,85.02,0.0,0.0,0.0,224.95,3.54,2.0,1006.92,
2012,2,21,8,-16.84,85.37,0.0,0.0,0.0,231.75,3.35,0.0,1007.25,
2012,2,21,9,-15.36,82.56,0.0,0.0,0.0,233.57,2.82,360.0,1007.41,
2012,2,21,10,-13.87,79.74,35.0,18.7,33.0,235.38,2.29,359.0,1007.57,
2012,2,21,11,-12.39,76.93,136.0,129.32,106.0,237.2,1.77,359.0,1007.73,
2012,2,21,12,-10.87,73.84,335.0,815.54,65.0,230.48,1.54,359.0,1007.38,
2012,2,21,13,-9.35,70.76,404.0,779.93,94.0,223.77,1.31,0.0,1007.02,
2012,2,21,14,-7.84,67.67,446.0,846.1,85.0,217.05,1.09,1.0,1006.66,
2012,2,21,15,-7.66,69.19,433.0,837.61,84.0,210.22,1.23,349.0,1006.43,
2012,2,21,16,-7.48,70.7,351.0,649.2,112.0,203.38,1.37,336.0,1006.21,
2012,2,21,17,-7.3,72.22,283.0,819.21,50.0,196.55,1.5,324.0,1005.98,
2012,2,21,18,-8.18,71.94,139.0,502.36,53.0,191.87,1.89,293.0,1006.63,
2012,2,21,19,-9.06,71.67,0.0,0.0,0.0,187.18,2.28,263.0,1007.28,
2012,2,21,20,-9.94,71.39,0.0,0.0,0.0,182.5,2.66,232.0,1007.93,
2012,2,21,21,-12.45,76.1,0.0,0.0,0.0,183.47,2.89,236.0,1007.83,
2012,2,21,22,-14.97,80.8,0.0,0.0,0.0,184.43,3.11,240.0,1007.73,
2012,2,21,23,-17.49,85.51,0.0,0.0,0.0,185.4,3.34,244.0,1007.64,
2012,2,22,0,-18.55,84.91,0.0,0.0,0.0,185.55,3.4,241.0,1007.47,
2012,2,22,1,-19.62,84.31,0.0,0.0,0.0,185.7,3.46,238.0,1007.31,
2012,2,22,2,-20.69,83.71,0.0,0.0,0.0,185.85,3.52,236.0,1007.15,
2012,2,22,3,-21.19,83.34,0.0,0.0,0.0,185.28,3.43,235.0,1007.02,
2012,2,22,4,-21.69,82.96,0.0,0.0,0.0,184.72,3.35,233.0,1006.89,
2012,2,22,5,-22.2,82.59,0.0,0.0,0.0,184.15,3.27,232.0,1006.76,
2012,2,22,6,-22.57,82.51,0.0,0.0,0.0,184.78,3.4,229.0,1006.95,
2012,2,22,7,-22.94,82.42,0.0,0.0,0.0,185.42,3.54,227.0,1007.15,
2012,2,22,8,-23.31,82.34,0.0,0.0,0.0,186.05,3.67,224.0,1007.34,
2012,2,22,9,-20.43,77.91,0.0,0.0,0.0,187.95,3.37,220.0,1007.28,
2012,2,22,10,-17.55,73.47,57.0,115.5,44.0,189.85,3.08,216.0,1007.21,
2012,2,22,11,-14.66,69.04,186.0,378.67,96.0,191.75,2.79,212.0,1007.15,
2012,2,22,12,-12.02,65.71,316.0,626.44,105.0,191.63,2.99,206.0,1006.86,
2012,2,22,13,-9.37,62.38,359.0,495.98,159.0,191.52,3.2,201.0,1006.56,
2012,2,22,14,-6.73,59.05,423.0,672.98,132.0,191.4,3.41,195.0,1006.27,
2012,2,22,15,-6.71,61.96,409.0,653.52,133.0,189.95,3.05,194.0,1005.98,
2012,2,22,16,-6.68,64.88,328.0,481.68,148.0,188.5,2.69,192.0,1005.69,
2012,2,22,17,-6.66,67.79,252.0,510.67,104.0,187.05,2.33,191.0,1005.39,
2012,2,22,18,-8.82,72.37,100.0,130.38,77.0,184.25,3.3,192.0,1005.98,
2012,2,22,19,-10.98,76.96,1.0,24.26,0.0,181.45,4.27,192.0,1006.56,
2012,2,22,20,-13.14,81.54,0.0,0.0,0.0,178.65,5.24,193.0,1007.15,
2012,2,22,21,-13.79,82.48,0.0,0.0,0.0,179.13,5.07,196.0,1007.05,
2012,2,22,22,-14.44,83.43,0.0,0.0,0.0,179.62,4.89,198.0,1006.95,
2012,2,22,23,-15.09,84.37,0.0,0.0,0.0,180.1,4.72,201.0,1006.86,
2012,2,23,0,-15.44,84.57,0.0,0.0,0.0,182.85,4.29,201.0,1006.79,
2012,2,23,1,-15.79,84.77,0.0,0.0,0.0,185.6,3.87,201.0,1006.73,
2012,2,23,2,-16.14,84.97,0.0,0.0,0.0,188.35,3.45,200.0,1006.66,
2012,2,23,3,-16.24,85.11,0.0,0.0,0.0,193.73,3.28,202.0,1006.63,
2012,2,23,4,-16.34,85.25,0.0,0.0,0.0,199.12,3.12,204.0,1006.6,
2012,2,23,5,-16.45,85.39,0.0,0.0,0.0,204.5,2.95,205.0,1006.56,
2012,2,23,6,-16.32,85.59,0.0,0.0,0.0,207.87,2.97,206.0,1006.66,
2012,2,23,7,-16.2,85.79,0.0,0.0,0.0,211.23,3.0,207.0,1006.76,
2012,2,23,8,-16.08,85.99,0.0,0.0,0.0,214.6,3.02,208.0,1006.86,
2012,2,23,9,-15.03,83.73,0.0,0.0,0.0,214.68,3.61,209.0,1007.02,
2012,2,23,10,-13.99,81.47,34.0,8.46,33.0,214.77,4.21,210.0,1007.18,
2012,2,23,11,-12.94,79.21,119.0,53.41,106.0,214.85,4.8,211.0,1007.34,
2012,2,23,12,-11.81,76.53,295.0,466.99,135.0,211.82,4.76,209.0,1007.02,
2012,2,23,13,-10.67,73.86,400.0,686.96,119.0,208.78,4.72,207.0,1006.69,
2012,2,23,14,-9.53,71.18,375.0,422.21,190.0,205.75,4.68,205.0,1006.37,
2012,2,23,15,-9.31,71.49,430.0,740.63,113.0,203.32,4.37,205.0,1006.08,
2012,2,23,16,-9.09,71.81,346.0,553.72,136.0,200.88,4.06,205.0,1005.78,
2012,2,23,17,-8.87,72.12,232.0,355.67,127.0,198.45,3.75,204.0,1005.49,
2012,2,23,18,-10.53,75.67,86.0,60.56,75.0,193.73,4.0,203.0,1005.88,
2012,2,23,19,-12.18,79.22,2.0,0.0,2.0,189.02,4.24,201.0,1006.27,
2012,2,23,20,-13.84,82.77,0.0,0.0,0.0,184.3,4.48,199.0,1006.66,
2012,2,23,21,-14.51,83.39,0.0,0.0,0.0,184.25,4.23,199.0,1006.56,
2012,2,23,22,-15.19,84.02,0.0,0.0,0.0,184.2,3.99,200.0,1006.47,
2012,2,23,23,-15.87,84.64,0.0,0.0,0.0,184.15,3.74,200.0,1006.37,
2012,2,24,0,-16.26,84.73,0.0,0.0,0.0,186.65,3.57,199.0,1006.37,
2012,2,24,1,-16.65,84.83,0.0,0.0,0.0,189.15,3.41,198.0,1006.37,
2012,2,24,2,-17.04,84.92,0.0,0.0,0.0,191.65,3.24,197.0,1006.37,
2012,2,24,3,-17.23,84.85,0.0,0.0,0.0,195.62,3.18,200.0,1006.3,
2012,2,24,4,-17.42,84.79,0.0,0.0,0.0,199.58,3.11,202.0,1006.24,
2012,2,24,5,-17.62,84.72,0.0,0.0,0.0,203.55,3.05,205.0,1006.17,
2012,2,24,6,-18.29,84.43,0.0,0.0,0.0,200.93,3.61,205.0,1006.37,
2012,2,24,7,-18.96,84.15,0.0,0.0,0.0,198.32,4.18,205.0,1006.56,
2012,2,24,8,-19.63,83.86,0.0,0.0,0.0,195.7,4.74,205.0,1006.76,
2012,2,24,9,-18.34,81.19,0.0,0.0,0.0,195.5,4.82,205.0,1006.63,
2012,2,24,10,-17.05,78.53,80.0,266.37,47.0,195.3,4.89,205.0,1006.5,
2012,2,24,11,-15.76,75.86,202.0,421.34,97.0,195.1,4.97,205.0,1006.37,
2012,2,24,12,-14.33,73.06,335.0,674.4,100.0,191.35,4.87,203.0,1005.88,
2012,2,24,13,-12.9,70.25,400.0,648.37,131.0,187.6,4.77,200.0,1005.39,
2012,2,24,14,-11.47,67.45,464.0,840.15,91.0,183.85,4.68,197.0,1004.91,
2012,2,24,15,-11.08,67.67,452.0,832.35,91.0,181.58,4.46,195.0,1004.55,
2012,2,24,16,-10.7,67.89,406.0,906.91,57.0,179.32,4.23,193.0,1004.19,
2012,2,24,17,-10.31,68.11,285.0,675.25,82.0,177.05,4.01,191.0,1003.83,
2012,2,24,18,-12.18,72.05,123.0,224.75,81.0,174.03,4.15,190.0,1004.42,
2012,2,24,19,-14.04,75.99,3.0,0.0,3.0,171.02,4.28,188.0,1005.0,
2012,2,24,20,-15.91,79.93,0.0,0.0,0.0,168.0,4.41,187.0,1005.59,
2012,2,24,21,-16.63,80.78,0.0,0.0,0.0,168.48,4.53,188.0,1005.56,
2012,2,24,22,-17.36,81.64,0.0,0.0,0.0,168.97,4.64,189.0,1005.52,
2012,2,24,23,-18.09,82.49,0.0,0.0,0.0,169.45,4.76,190.0,1005.49,
2012,2,25,0,-18.65,82.8,0.0,0.0,0.0,172.13,4.8,190.0,1005.39,
2012,2,25,1,-19.22,83.11,0.0,0.0,0.0,174.82,4.83,190.0,1005.3,
2012,2,25,2,-19.78,83.42,0.0,0.0,0.0,177.5,4.87,190.0,1005.2,
2012,2,25,3,-20.08,83.5,0.0,0.0,0.0,183.88,4.6,191.0,1005.04,
2012,2,25,4,-20.37,83.57,0.0,0.0,0.0,190.27,4.33,193.0,1004.87,
2012,2,25,5,-20.67,83.65,0.0,0.0,0.0,196.65,4.06,194.0,1004.71,
2012,2,25,6,-21.07,83.4,0.0,0.0,0.0,199.18,4.16,192.0,1005.0,
2012,2,25,7,-21.48,83.16,0.0,0.0,0.0,201.72,4.26,191.0,1005.3,
2012,2,25,8,-21.89,82.91,0.0,0.0,0.0,204.25,4.36,189.0,1005.59,
2012,2,25,9,-20.15,80.77,0.0,0.0,0.0,207.48,4.03,186.0,1005.39,
2012,2,25,10,-18.41,78.63,79.0,215.98,51.0,210.72,3.7,183.0,1005.2,
2012,2,25,11,-16.67,76.49,202.0,388.17,103.0,213.95,3.37,179.0,1005.0,
2012,2,25,12,-14.95,74.67,333.0,626.53,111.0,210.85,3.59,176.0,1004.55,
2012,2,25,13,-13.22,72.85,442.0,872.24,75.0,207.75,3.81,173.0,1004.09,
2012,2,25,14,-11.5,71.03,463.0,795.95,105.0,204.65,4.03,170.0,1003.64,
2012,2,25,15,-11.01,71.45,448.0,776.02,107.0,197.42,4.19,164.0,1003.15,
2012,2,25,16,-10.53,71.87,385.0,714.65,106.0,190.18,4.36,157.0,1002.66,
2012,2,25,17,-10.04,72.29,301.0,761.32,68.0,182.95,4.52,151.0,1002.17,
2012,2,25,18,-11.91,75.88,134.0,281.09,80.0,179.18,4.4,146.0,1002.6,
2012,2,25,19,-13.78,79.47,3.0,0.0,3.0,175.42,4.27,142.0,1003.02,
2012,2,25,20,-15.65,83.06,0.0,0.0,0.0,171.65,4.14,138.0,1003.44,
2012,2,25,21,-16.24,83.54,0.0,0.0,0.0,171.97,3.9,141.0,1003.31,
2012,2,25,22,-16.84,84.02,0.0,0.0,0.0,172.28,3.66,144.0,1003.18,
2012,2,25,23,-17.44,84.5,0.0,0.0,0.0,172.6,3.42,147.0,1003.05,
2012,2,26,0,-18.12,84.69,0.0,0.0,0.0,171.48,3.26,147.0,1002.89,
2012,2,26,1,-18.81,84.88,0.0,0.0,0.0,170.37,3.1,148.0,1002.73,
2012,2,26,2,-19.49,85.07,0.0,0.0,0.0,169.25,2.94,148.0,1002.56,
2012,2,26,3,-20.18,85.02,0.0,0.0,0.0,167.75,3.27,142.0,1002.43,
2012,2,26,4,-20.86,84.96,0.0,0.0,0.0,166.25,3.6,135.0,1002.3,
2012,2,26,5,-21.55,84.91,0.0,0.0,0.0,164.75,3.93,129.0,1002.17,
2012,2,26,6,-22.31,84.68,0.0,0.0,0.0,163.02,3.91,129.0,1002.37,
2012,2,26,7,-23.07,84.45,0.0,0.0,0.0,161.28,3.89,129.0,1002.56,
2012,2,26,8,-23.83,84.22,0.0,0.0,0.0,159.55,3.86,130.0,1002.76,
2012,2,26,9,-21.37,79.92,0.0,0.0,0.0,161.55,3.4,130.0,1002.76,
2012,2,26,10,-18.91,75.62,91.0,295.32,51.0,163.55,2.93,130.0,1002.76,
2012,2,26,11,-16.44,71.32,235.0,601.72,78.0,165.55,2.47,130.0,1002.76,
2012,2,26,12,-14.63,67.93,352.0,707.86,97.0,167.3,2.78,127.0,1002.21,
2012,2,26,13,-12.81,64.55,418.0,682.06,127.0,169.05,3.09,124.0,1001.65,
2012,2,26,14,-10.99,61.16,462.0,755.04,118.0,170.8,3.41,120.0,1001.1,
2012,2,26,15,-10.62,62.35,470.0,871.62,82.0,171.97,3.4,115.0,1000.61,
2012,2,26,16,-10.24,63.55,405.0,805.59,86.0,173.13,3.39,110.0,1000.13,
2012,2,26,17,-9.87,64.74,299.0,696.71,82.0,174.3,3.38,105.0,999.64,
2012,2,26,18,-12.05,70.11,146.0,339.5,79.0,172.68,3.78,105.0,1000.06,
2012,2,26,19,-14.22,75.47,4.0,0.0,4.0,171.07,4.18,106.0,1000.48,
2012,2,26,20,-16.4,80.84,0.0,0.0,0.0,169.45,4.58,106.0,1000.91,
2012,2,26,21,-17.06,81.9,0.0,0.0,0.0,169.85,4.38,108.0,1000.74,
2012,2,26,22,-17.72,82.95,0.0,0.0,0.0,170.25,4.17,110.0,1000.58,
2012,2,26,23,-18.38,84.01,0.0,0.0,0.0,170.65,3.97,113.0,1000.42,
2012,2,27,0,-19.01,84.56,0.0,0.0,0.0,170.25,3.77,110.0,1000.19,
2012,2,27,1,-19.65,85.11,0.0,0.0,0.0,169.85,3.57,108.0,999.96,
2012,2,27,2,-20.29,85.66,0.0,0.0,0.0,169.45,3.37,105.0,999.74,
2012,2,27,3,-20.99,85.52,0.0,0.0,0.0,169.03,3.31,103.0,999.67,
2012,2,27,4,-21.69,85.38,0.0,0.0,0.0,168.62,3.25,100.0,999.61,
2012,2,27,5,-22.39,85.24,0.0,0.0,0.0,168.2,3.19,97.0,999.54,
2012,2,27,6,-22.55,84.4,0.0,0.0,0.0,173.08,3.26,99.0,999.83,
2012,2,27,7,-22.71,83.56,0.0,0.0,0.0,177.97,3.32,100.0,1000.13,
2012,2,27,8,-22.87,82.72,0.0,0.0,0.0,182.85,3.39,102.0,1000.42,
2012,2,27,9,-21.11,81.11,0.0,0.0,0.0,186.62,2.75,102.0,1000.42,
2012,2,27,10,-19.36,79.49,91.0,247.69,56.0,190.38,2.11,102.0,1000.42,
2012,2,27,11,-17.6,77.88,235.0,547.14,89.0,194.15,1.48,102.0,1000.42,
2012,2,27,12,-16.06,74.93,384.0,901.18,54.0,191.98,1.54,101.0,1000.03,
2012,2,27,13,-14.51,71.98,468.0,957.09,54.0,189.82,1.61,100.0,999.64,
2012,2,27,14,-12.97,69.03,505.0,977.35,54.0,187.65,1.68,98.0,999.25,
2012,2,27,15,-12.45,69.06,470.0,827.27,97.0,185.55,2.07,97.0,998.99,
2012,2,27,16,-11.93,69.08,422.0,889.01,65.0,183.45,2.46,96.0,998.73,
2012,2,27,17,-11.41,69.11,244.0,321.88,142.0,181.35,2.84,95.0,998.47,
2012,2,27,18,-13.35,73.34,131.0,202.38,90.0,183.9,2.63,95.0,998.79,
2012,2,27,19,-15.28,77.57,4.0,0.0,4.0,186.45,2.41,94.0,999.12,
2012,2,27,20,-17.22,81.8,0.0,0.0,0.0,189.0,2.19,94.0,999.44,
2012,2,27,21,-17.52,82.19,0.0,0.0,0.0,190.63,2.14,97.0,999.38,
2012,2,27,22,-17.83,82.57,0.0,0.0,0.0,192.27,2.09,100.0,999.31,
2012,2,27,23,-18.14,82.96,0.0,0.0,0.0,193.9,2.04,102.0,999.25,
2012,2,28,0,-18.43,83.3,0.0,0.0,0.0,196.13,1.69,97.0,999.15,
2012,2,28,1,-18.72,83.63,0.0,0.0,0.0,198.37,1.33,92.0,999.05,
2012,2,28,2,-19.01,83.97,0.0,0.0,0.0,200.6,0.98,86.0,998.96,
2012,2,28,3,-19.4,84.12,0.0,0.0,0.0,201.15,1.24,84.0,998.89,
2012,2,28,4,-19.78,84.26,0.0,0.0,0.0,201.7,1.5,81.0,998.83,
2012,2,28,5,-20.17,84.41,0.0,0.0,0.0,202.25,1.77,78.0,998.76,
2012,2,28,6,-20.61,84.14,0.0,0.0,0.0,202.65,1.74,82.0,998.7,
2012,2,28,7,-21.06,83.86,0.0,0.0,0.0,203.05,1.72,85.0,998.63,
2012,2,28,8,-21.5,83.59,0.0,0.0,0.0,203.45,1.7,88.0,998.57,
2012,2,28,9,-19.72,81.38,0.0,0.0,0.0,205.38,1.37,89.0,998.7,
2012,2,28,10,-17.93,79.17,117.0,495.9,44.0,207.32,1.05,90.0,998.83,
2012,2,28,11,-16.15,76.96,253.0,648.82,76.0,209.25,0.73,91.0,998.96,
2012,2,28,12,-14.27,73.89,391.0,905.53,54.0,210.68,0.58,90.0,998.6,
2012,2,28,13,-12.4,70.82,475.0,960.09,54.0,212.12,0.43,89.0,998.24,
2012,2,28,14,-10.53,67.75,512.0,980.08,54.0,213.55,0.28,88.0,997.88,
2012,2,28,15,-10.05,68.57,498.0,972.37,54.0,211.27,0.63,86.0,997.65,
2012,2,28,16,-9.57,69.4,435.0,935.75,54.0,208.98,0.99,84.0,997.43,
2012,2,28,17,-9.09,70.22,329.0,859.44,52.0,206.7,1.35,82.0,997.2,
2012,2,28,18,-10.63,73.41,169.0,461.92,73.0,197.28,1.76,93.0,997.2,
2012,2,28,19,-12.18,76.61,5.0,0.0,5.0,187.87,2.16,103.0,997.2,
2012,2,28,20,-13.72,79.8,0.0,0.0,0.0,178.45,2.57,114.0,997.2,
2012,2,28,21,-14.7,82.03,0.0,0.0,0.0,179.5,2.74,138.0,997.13,
2012,2,28,22,-21.0,92.58,0.0,0.0,0.0,177.46,2.84,163.0,997.07,
2012,2,28,23,-20.2,90.81,0.0,0.0,0.0,178.83,2.89,187.0,997.0,
2009,3,1,0,-19.41,89.04,0.0,0.0,0.0,180.19,2.93,216.0,996.91,
2009,3,1,1,-18.62,87.27,0.0,0.0,0.0,181.56,2.98,244.0,996.81,
2009,3,1,2,-17.82,85.49,0.0,0.0,0.0,182.92,3.02,273.0,996.71,
2009,3,1,3,-17.03,83.72,0.0,0.0,0.0,184.29,3.07,285.0,996.68,
2009,3,1,4,-16.24,81.95,0.0,0.0,0.0,185.65,3.12,297.0,996.65,
2009,3,1,5,-15.44,80.17,0.0,0.0,0.0,187.02,3.16,309.0,996.61,
2009,3,1,6,-14.65,78.4,0.0,0.0,0.0,188.38,3.21,106.0,998.44,
2009,3,1,7,-13.85,76.63,0.0,0.0,0.0,189.75,3.25,104.0,998.7,
2009,3,1,8,-13.06,74.85,0.0,0.0,0.0,191.11,3.3,102.0,998.96,
2009,3,1,9,-12.27,73.08,0.0,0.0,0.0,192.48,3.35,105.0,998.89,
2009,3,1,10,-11.47,71.31,74.0,69.12,63.0,193.84,3.39,108.0,998.83,
2009,3,1,11,-10.68,69.54,136.0,49.15,122.0,195.21,3.44,110.0,998.76,
2009,3,1,12,-9.89,67.76,181.0,36.44,167.0,196.57,3.48,108.0,998.01,
2009,3,1,13,-9.09,65.99,195.0,19.98,186.0,197.94,3.53,105.0,997.26,
2009,3,1,14,-2.42,51.29,231.0,35.49,214.0,202.45,4.14,102.0,996.52,
2009,3,1,15,-2.24,53.31,206.0,21.36,196.0,205.02,4.28,101.0,995.9,
2009,3,1,16,-2.07,55.33,196.0,33.47,182.0,207.58,4.42,99.0,995.28,
2009,3,1,17,-1.89,57.35,167.0,57.03,148.0,210.15,4.57,97.0,994.66,
2009,3,1,18,-3.2,61.25,95.0,41.23,86.0,215.62,4.66,103.0,994.76,
2009,3,1,19,-4.52,65.14,28.0,36.73,25.0,221.08,4.76,109.0,994.86,
2009,3,1,20,-5.84,69.04,0.0,0.0,0.0,226.55,4.86,115.0,994.96,
2009,3,1,21,-6.03,70.66,0.0,0.0,0.0,234.47,4.68,118.0,994.66,
2009,3,1,22,-6.23,72.28,0.0,0.0,0.0,242.38,4.51,120.0,994.37,
2009,3,1,23,-6.43,73.9,0.0,0.0,0.0,250.3,4.33,123.0,994.08,
2009,3,2,0,-6.52,75.67,0.0,0.0,0.0,257.38,4.17,122.0,993.79,
2009,3,2,1,-6.61,77.45,0.0,0.0,0.0,264.47,4.01,122.0,993.49,
2009,3,2,2,-6.7,79.22,0.0,0.0,0.0,271.55,3.85,122.0,993.2,
2009,3,2,3,-6.57,80.85,0.0,0.0,0.0,276.43,3.77,122.0,992.84,
2009,3,2,4,-6.44,82.49,0.0,0.0,0.0,281.32,3.69,122.0,992.49,
2009,3,2,5,-6.3,84.12,0.0,0.0,0.0,286.2,3.61,123.0,992.13,
2009,3,2,6,-5.68,86.75,0.0,0.0,0.0,292.03,3.68,131.0,992.39,
2009,3,2,7,-5.05,89.37,0.0,0.0,0.0,297.87,3.74,140.0,992.65,
2009,3,2,8,-4.42,92.0,0.0,0.0,0.0,303.7,3.81,148.0,992.91,
2009,3,2,9,-3.68,90.53,0.0,0.0,0.0,304.25,3.68,154.0,993.01,
2009,3,2,10,-2.93,89.06,38.0,0.0,38.0,304.8,3.55,159.0,993.1,
2009,3,2,11,-2.19,87.59,48.0,0.0,48.0,305.35,3.42,165.0,993.2,
2009,3,2,12,-1.42,82.89,68.0,0.0,68.0,298.68,3.52,171.0,993.07,
2009,3,2,13,-0.66,78.19,71.0,0.0,71.0,292.02,3.62,178.0,992.94,
2009,3,2,14,0.11,73.49,64.0,0.0,64.0,285.35,3.72,185.0,992.81,
2009,3,2,15,0.09,73.23,82.0,0.0,82.0,287.88,3.53,191.0,992.81,
2009,3,2,16,0.08,72.96,57.0,0.0,57.0,290.42,3.33,197.0,992.81,
2009,3,2,17,0.06,72.7,40.0,0.0,40.0,292.95,3.13,203.0,992.81,
2009,3,2,18,-1.2,76.49,57.0,0.0,57.0,287.13,2.85,196.0,993.23,
2009,3,2,19,-2.46,80.27,21.0,0.0,21.0,281.32,2.56,189.0,993.66,
2009,3,2,20,-3.73,84.06,0.0,0.0,0.0,275.5,2.28,182.0,994.08,
2009,3,2,21,-4.57,85.87,0.0,0.0,0.0,271.3,2.28,176.0,994.08,
2009,3,2,22,-5.42,87.69,0.0,0.0,0.0,267.1,2.29,170.0,994.08,
2009,3,2,23,-6.26,89.5,0.0,0.0,0.0,262.9,2.29,164.0,994.08,
2009,3,3,0,-6.36,89.86,0.0,0.0,0.0,264.25,2.06,165.0,994.01,
2009,3,3,1,-6.46,90.21,0.0,0.0,0.0,265.6,1.83,166.0,993.95,
2009,3,3,2,-6.55,90.57,0.0,0.0,0.0,266.95,1.6,167.0,993.88,
2009,3,3,3,-6.59,90.98,0.0,0.0,0.0,265.35,1.48,148.0,993.62,
2009,3,3,4,-6.63,91.4,0.0,0.0,0.0,263.75,1.36,128.0,993.36,
2009,3,3,5,-6.67,91.81,0.0,0.0,0.0,262.15,1.24,108.0,993.1,
2009,3,3,6,-6.97,92.32,0.0,0.0,0.0,254.7,1.45,129.0,993.2,
2009,3,3,7,-7.26,92.83,0.0,0.0,0.0,247.25,1.66,150.0,993.3,
2009,3,3,8,-7.55,93.34,0.0,0.0,0.0,239.8,1.86,171.0,993.4,
2009,3,3,9,-6.3,91.52,0.0,0.0,0.0,243.67,1.65,172.0,993.4,
2009,3,3,10,-5.05,89.69,46.0,0.0,46.0,247.53,1.44,174.0,993.4,
2009,3,3,11,-3.81,87.87,66.0,0.0,66.0,251.4,1.23,175.0,993.4,
2009,3,3,12,-2.61,84.38,52.0,0.0,52.0,254.28,1.1,173.0,992.97,
2009,3,3,13,-1.42,80.88,106.0,0.0,106.0,257.17,0.97,170.0,992.55,
2009,3,3,14,-0.22,77.39,103.0,0.0,103.0,260.05,0.84,168.0,992.13,
2009,3,3,15,-0.11,78.87,113.0,0.0,113.0,256.8,0.95,156.0,991.77,
2009,3,3,16,0.01,80.35,79.0,0.0,79.0,253.55,1.05,143.0,991.41,
2009,3,3,17,0.12,81.83,65.0,0.0,65.0,250.3,1.16,131.0,991.06,
2009,3,3,18,-1.23,84.57,71.0,4.37,70.0,245.85,1.49,132.0,991.32,
2009,3,3,19,-2.59,87.31,15.0,0.0,15.0,241.4,1.81,133.0,991.58,
2009,3,3,20,-3.95,90.05,0.0,0.0,0.0,236.95,2.14,134.0,991.84,
2009,3,3,21,-4.61,90.81,0.0,0.0,0.0,236.68,2.0,145.0,991.77,
2009,3,3,22,-5.27,91.58,0.0,0.0,0.0,236.42,1.85,156.0,991.71,
2009,3,3,23,-5.93,92.34,0.0,0.0,0.0,236.15,1.71,167.0,991.64,
2009,3,4,0,-6.28,92.57,0.0,0.0,0.0,234.97,1.59,192.0,991.61,
2009,3,4,1,-6.63,92.79,0.0,0.0,0.0,233.78,1.46,217.0,991.58,
2009,3,4,2,-6.98,93.02,0.0,0.0,0.0,232.6,1.34,242.0,991.54,
2009,3,4,3,-7.45,93.15,0.0,0.0,0.0,231.17,1.43,263.0,991.61,
2009,3,4,4,-7.92,93.28,0.0,0.0,0.0,229.73,1.51,284.0,991.67,
2009,3,4,5,-8.39,93.41,0.0,0.0,0.0,228.3,1.6,305.0,991.74,
2009,3,4,6,-7.84,93.38,0.0,0.0,0.0,237.13,1.43,296.0,991.93,
2009,3,4,7,-7.29,93.36,0.0,0.0,0.0,245.97,1.25,287.0,992.13,
2009,3,4,8,-6.74,93.33,0.0,0.0,0.0,254.8,1.08,277.0,992.32,
2009,3,4,9,-5.36,90.19,0.0,0.0,0.0,258.93,0.91,281.0,992.58,
2009,3,4,10,-3.98,87.04,46.0,0.0,46.0,263.07,0.75,285.0,992.84,
2009,3,4,11,-2.6,83.9,66.0,0.0,66.0,267.2,0.59,289.0,993.1,
2009,3,4,12,-1.52,79.45,96.0,0.0,96.0,267.1,0.84,308.0,992.97,
2009,3,4,13,-0.45,75.0,91.0,0.0,91.0,267.0,1.09,327.0,992.84,
2009,3,4,14,0.63,70.55,98.0,0.0,98.0,266.9,1.34,345.0,992.71,
2009,3,4,15,0.58,71.78,87.0,0.0,87.0,268.35,1.51,356.0,992.62,
2009,3,4,16,0.52,73.02,79.0,0.0,79.0,269.8,1.69,6.0,992.52,
2009,3,4,17,0.47,74.25,65.0,0.0,65.0,271.25,1.86,16.0,992.42,
2009,3,4,18,-0.66,78.94,70.0,4.27,69.0,271.15,1.99,30.0,992.81,
2009,3,4,19,-1.8,83.62,32.0,20.65,30.0,271.05,2.11,45.0,993.2,
2009,3,4,20,-2.94,88.31,0.0,0.0,0.0,270.95,2.23,59.0,993.59,
2009,3,4,21,-3.3,89.51,0.0,0.0,0.0,271.97,2.3,58.0,993.56,
2009,3,4,22,-3.66,90.72,0.0,0.0,0.0,272.98,2.36,57.0,993.53,
2009,3,4,23,-4.03,91.92,0.0,0.0,0.0,274.0,2.43,57.0,993.49,
2009,3,5,0,-4.16,92.14,0.0,0.0,0.0,275.23,2.58,58.0,993.46,
2009,3,5,1,-4.3,92.37,0.0,0.0,0.0,276.47,2.73,59.0,993.43,
2009,3,5,2,-4.43,92.59,0.0,0.0,0.0,277.7,2.88,59.0,993.4,
2009,3,5,3,-4.44,92.39,0.0,0.0,0.0,279.75,2.97,61.0,993.43,
2009,3,5,4,-4.44,92.19,0.0,0.0,0.0,281.8,3.05,62.0,993.46,
2009,3,5,5,-4.44,91.99,0.0,0.0,0.0,283.85,3.13,63.0,993.49,
2009,3,5,6,-4.71,92.28,0.0,0.0,0.0,283.2,3.13,63.0,993.62,
2009,3,5,7,-4.97,92.56,0.0,0.0,0.0,282.55,3.13,64.0,993.75,
2009,3,5,8,-5.24,92.85,0.0,0.0,0.0,281.9,3.13,64.0,993.88,
2009,3,5,9,-4.41,89.98,0.0,0.0,0.0,283.0,3.53,66.0,993.95,
2009,3,5,10,-3.58,87.1,32.0,0.0,32.0,284.1,3.93,67.0,994.01,
2009,3,5,11,-2.76,84.23,74.0,0.0,74.0,285.2,4.33,69.0,994.08,
2009,3,5,12,-2.19,80.83,70.0,0.0,70.0,287.18,4.59,71.0,993.85,
2009,3,5,13,-1.62,77.43,77.0,0.0,77.0,289.17,4.86,74.0,993.62,
2009,3,5,14,-1.05,74.03,93.0,0.0,93.0,291.15,5.12,76.0,993.4,
2009,3,5,15,-1.13,75.14,87.0,0.0,87.0,289.15,5.04,74.0,993.4,
2009,3,5,16,-1.22,76.25,97.0,0.0,97.0,287.15,4.96,71.0,993.4,
2009,3,5,17,-1.3,77.36,56.0,0.0,56.0,285.15,4.88,69.0,993.4,
2009,3,5,18,-1.76,80.34,69.0,0.0,69.0,282.13,4.59,66.0,993.72,
2009,3,5,19,-2.22,83.32,25.0,0.0,25.0,279.12,4.3,63.0,994.05,
2009,3,5,20,-2.69,86.3,0.0,0.0,0.0,276.1,4.01,61.0,994.37,
2009,3,5,21,-2.89,87.18,0.0,0.0,0.0,278.08,4.05,59.0,994.31,
2009,3,5,22,-3.09,88.06,0.0,0.0,0.0,280.07,4.09,57.0,994.24,
2009,3,5,23,-3.3,88.94,0.0,0.0,0.0,282.05,4.12,55.0,994.18,
2009,3,6,0,-3.4,89.91,0.0,0.0,0.0,284.9,4.34,53.0,994.14,
2009,3,6,1,-3.51,90.87,0.0,0.0,0.0,287.75,4.57,51.0,994.11,
2009,3,6,2,-3.62,91.84,0.0,0.0,0.0,290.6,4.79,48.0,994.08,
2009,3,6,3,-3.7,92.18,0.0,0.0,0.0,291.65,5.09,48.0,994.11,
2009,3,6,4,-3.78,92.52,0.0,0.0,0.0,292.7,5.39,48.0,994.14,
2009,3,6,5,-3.86,92.86,0.0,0.0,0.0,293.75,5.7,47.0,994.18,
2009,3,6,6,-3.97,93.0,0.0,0.0,0.0,293.4,5.45,50.0,994.24,
2009,3,6,7,-4.08,93.13,0.0,0.0,0.0,293.05,5.2,53.0,994.31,
2009,3,6,8,-4.19,93.27,0.0,0.0,0.0,292.7,4.95,55.0,994.37,
2009,3,6,9,-4.33,92.39,3.0,0.0,3.0,292.3,4.91,55.0,994.76,
2009,3,6,10,-4.47,91.51,31.0,0.0,31.0,291.9,4.86,55.0,995.15,
2009,3,6,11,-4.62,90.63,45.0,0.0,45.0,291.5,4.81,55.0,995.54,
2009,3,6,12,-4.57,89.33,65.0,0.0,65.0,290.57,4.91,57.0,995.93,
2009,3,6,13,-4.52,88.04,92.0,0.0,92.0,289.63,5.01,58.0,996.32,
2009,3,6,14,-4.47,86.74,138.0,0.0,138.0,288.7,5.1,60.0,996.71,
2009,3,6,15,-4.66,86.62,91.0,0.0,91.0,287.75,4.83,57.0,997.2,
2009,3,6,16,-4.84,86.49,70.0,0.0,70.0,286.8,4.56,55.0,997.69,
2009,3,6,17,-5.03,86.37,60.0,0.0,60.0,285.85,4.29,52.0,998.18,
2009,3,6,18,-4.89,86.57,32.0,0.0,32.0,282.13,4.14,52.0,998.86,
2009,3,6,19,-4.76,86.76,18.0,0.0,18.0,278.42,3.99,53.0,999.54,
2009,3,6,20,-4.63,86.96,0.0,0.0,0.0,274.7,3.83,53.0,1000.22,
2009,3,6,21,-4.86,87.69,0.0,0.0,0.0,274.98,3.55,51.0,1000.55,
2009,3,6,22,-5.1,88.43,0.0,0.0,0.0,275.27,3.27,49.0,1000.87,
2009,3,6,23,-5.34,89.16,0.0,0.0,0.0,275.55,2.99,47.0,1001.2,
2009,3,7,0,-5.58,89.77,0.0,0.0,0.0,274.17,2.89,43.0,1001.49,
2009,3,7,1,-5.83,90.39,0.0,0.0,0.0,272.78,2.79,39.0,1001.78,
2009,3,7,2,-6.07,91.0,0.0,0.0,0.0,271.4,2.69,35.0,1002.08,
2009,3,7,3,-6.1,91.3,0.0,0.0,0.0,270.95,2.71,30.0,1002.6,
2009,3,7,4,-6.13,91.61,0.0,0.0,0.0,270.5,2.74,25.0,1003.12,
2009,3,7,5,-6.16,91.91,0.0,0.0,0.0,270.05,2.76,21.0,1003.64,
2009,3,7,6,-6.64,92.1,0.0,0.0,0.0,269.6,2.74,21.0,1004.16,
2009,3,7,7,-7.11,92.28,0.0,0.0,0.0,269.15,2.72,21.0,1004.68,
2009,3,7,8,-7.59,92.47,0.0,0.0,0.0,268.7,2.7,22.0,1005.2,
2009,3,7,9,-7.1,87.37,3.0,0.0,3.0,267.68,2.79,28.0,1005.39,
2009,3,7,10,-6.61,82.26,77.0,25.53,72.0,266.67,2.87,34.0,1005.59,
2009,3,7,11,-6.13,77.16,106.0,3.11,105.0,265.65,2.95,40.0,1005.78,
2009,3,7,12,-5.59,74.08,130.0,0.0,130.0,266.92,2.69,34.0,1005.62,
2009,3,7,13,-5.06,71.0,104.0,0.0,104.0,268.18,2.44,27.0,1005.46,
2009,3,7,14,-4.52,67.92,109.0,0.0,109.0,269.45,2.18,21.0,1005.3,
2009,3,7,15,-4.38,67.72,128.0,0.0,128.0,269.07,2.28,15.0,1005.2,
2009,3,7,16,-4.25,67.51,129.0,0.0,129.0,268.68,2.37,9.0,1005.1,
2009,3,7,17,-4.11,67.31,128.0,5.47,126.0,268.3,2.47,4.0,1005.0,
2009,3,7,18,-4.84,72.22,89.0,12.02,86.0,265.02,2.14,16.0,1005.33,
2009,3,7,19,-5.58,77.13,29.0,0.0,29.0,261.73,1.81,28.0,1005.65,
2009,3,7,20,-6.32,82.04,0.0,0.0,0.0,258.45,1.48,40.0,1005.98,
2009,3,7,21,-7.27,84.2,0.0,0.0,0.0,257.1,1.44,69.0,1005.91,
2009,3,7,22,-8.22,86.35,0.0,0.0,0.0,255.75,1.4,97.0,1005.85,
2009,3,7,23,-9.16,88.51,0.0,0.0,0.0,254.4,1.37,126.0,1005.78,
2009,3,8,0,-9.23,88.84,0.0,0.0,0.0,253.98,1.53,146.0,1005.69,
2009,3,8,1,-9.3,89.17,0.0,0.0,0.0,253.57,1.69,167.0,1005.59,
2009,3,8,2,-9.37,89.5,0.0,0.0,0.0,253.15,1.85,188.0,1005.49,
2009,3,8,3,-9.21,89.51,0.0,0.0,0.0,254.88,1.92,192.0,1005.65,
2009,3,8,4,-9.05,89.52,0.0,0.0,0.0,256.62,2.0,197.0,1005.82,
2009,3,8,5,-8.88,89.53,0.0,0.0,0.0,258.35,2.07,201.0,1005.98,
2009,3,8,6,-9.4,89.14,0.0,0.0,0.0,257.67,2.37,202.0,1005.88,
2009,3,8,7,-9.91,88.76,0.0,0.0,0.0,256.98,2.67,204.0,1005.78,
2009,3,8,8,-10.43,88.37,0.0,0.0,0.0,256.3,2.97,205.0,1005.69,
2009,3,8,9,-8.97,84.83,3.0,0.0,3.0,257.32,3.14,206.0,1005.75,
2009,3,8,10,-7.51,81.28,28.0,0.0,28.0,258.33,3.32,206.0,1005.82,
2009,3,8,11,-6.06,77.74,60.0,0.0,60.0,259.35,3.5,207.0,1005.88,
2009,3,8,12,-4.79,74.21,55.0,0.0,55.0,261.72,3.83,212.0,1005.52,
2009,3,8,13,-3.53,70.68,87.0,0.0,87.0,264.08,4.15,217.0,1005.17,
2009,3,8,14,-2.26,67.15,103.0,0.0,103.0,266.45,4.47,223.0,1004.81,
2009,3,8,15,-1.86,66.61,146.0,0.0,146.0,263.52,4.4,220.0,1004.55,
2009,3,8,16,-1.47,66.06,111.0,0.0,111.0,260.58,4.34,217.0,1004.29,
2009,3,8,17,-1.07,65.52,84.0,0.0,84.0,257.65,4.28,214.0,1004.03,
2009,3,8,18,-2.57,69.5,96.0,15.7,92.0,249.35,4.19,212.0,1004.22,
2009,3,8,19,-4.07,73.49,41.0,25.65,38.0,241.05,4.1,210.0,1004.42,
2009,3,8,20,-5.57,77.47,0.0,0.0,0.0,232.75,4.01,208.0,1004.61,
2009,3,8,21,-6.5,79.58,0.0,0.0,0.0,226.97,4.05,209.0,1004.35,
2009,3,8,22,-7.43,81.68,0.0,0.0,0.0,221.18,4.08,210.0,1004.09,
2009,3,8,23,-8.35,83.79,0.0,0.0,0.0,215.4,4.11,212.0,1003.83,
2009,3,9,0,-8.79,84.49,0.0,0.0,0.0,209.92,4.18,213.0,1003.9,
2009,3,9,1,-9.23,85.18,0.0,0.0,0.0,204.43,4.26,215.0,1003.96,
2009,3,9,2,-9.67,85.88,0.0,0.0,0.0,198.95,4.33,216.0,1004.03,
2009,3,9,3,-10.33,86.55,0.0,0.0,0.0,196.02,4.17,211.0,1003.99,
2009,3,9,4,-10.99,87.22,0.0,0.0,0.0,193.08,4.0,207.0,1003.96,
2009,3,9,5,-11.64,87.89,0.0,0.0,0.0,190.15,3.83,202.0,1003.93,
2009,3,9,6,-12.6,87.84,0.0,0.0,0.0,187.38,3.9,198.0,1004.09,
2009,3,9,7,-13.55,87.78,0.0,0.0,0.0,184.62,3.97,193.0,1004.25,
2009,3,9,8,-14.5,87.73,0.0,0.0,0.0,181.85,4.04,189.0,1004.42,
2009,3,9,9,-12.37,82.85,7.0,0.0,7.0,186.55,4.28,184.0,1004.12,
2009,3,9,10,-10.23,77.97,16.0,0.0,16.0,191.25,4.52,180.0,1003.83,
2009,3,9,11,-8.1,73.09,66.0,0.0,66.0,195.95,4.76,175.0,1003.54,
2009,3,9,12,-6.56,69.6,81.0,0.0,81.0,203.77,5.16,172.0,1002.73,
2009,3,9,13,-5.03,66.12,83.0,0.0,83.0,211.58,5.57,169.0,1001.91,
2009,3,9,14,-3.49,62.63,88.0,0.0,88.0,219.4,5.97,166.0,1001.1,
2009,3,9,15,-3.23,63.52,98.0,0.0,98.0,231.52,6.08,163.0,1000.35,
2009,3,9,16,-2.97,64.4,69.0,0.0,69.0,243.63,6.18,161.0,999.61,
2009,3,9,17,-2.71,65.29,41.0,0.0,41.0,255.75,6.29,159.0,998.86,
2009,3,9,18,-2.81,67.78,25.0,0.0,25.0,263.4,6.54,158.0,998.63,
2009,3,9,19,-2.91,70.27,12.0,0.0,12.0,271.05,6.8,158.0,998.4,
2009,3,9,20,-3.01,72.76,0.0,0.0,0.0,278.7,7.05,158.0,998.18,
2009,3,9,21,-2.93,76.88,0.0,0.0,0.0,285.33,7.2,161.0,997.59,
2009,3,9,22,-2.85,80.99,0.0,0.0,0.0,291.97,7.34,164.0,997.0,
2009,3,9,23,-2.78,85.11,0.0,0.0,0.0,298.6,7.49,167.0,996.42,
2009,3,10,0,-2.56,86.54,0.0,0.0,0.0,299.63,7.48,170.0,995.9,
2009,3,10,1,-2.34,87.98,0.0,0.0,0.0,300.67,7.46,173.0,995.38,
2009,3,10,2,-2.12,89.41,0.0,0.0,0.0,301.7,7.45,176.0,994.86,
2009,3,10,3,-1.74,88.51,0.0,0.0,0.0,302.4,7.18,178.0,994.57,
2009,3,10,4,-1.35,87.62,0.0,0.0,0.0,303.1,6.91,181.0,994.27,
2009,3,10,5,-0.96,86.72,0.0,0.0,0.0,303.8,6.65,184.0,993.98,
2009,3,10,6,-0.98,85.48,0.0,0.0,0.0,301.63,6.35,184.0,994.05,
2009,3,10,7,-1.0,84.23,0.0,0.0,0.0,299.47,6.06,185.0,994.11,
2009,3,10,8,-1.02,82.99,0.0,0.0,0.0,297.3,5.77,186.0,994.18,
2009,3,10,9,-0.67,82.27,3.0,0.0,3.0,298.97,5.5,187.0,994.18,
2009,3,10,10,-0.32,81.54,22.0,0.0,22.0,300.63,5.23,187.0,994.18,
2009,3,10,11,0.03,80.82,32.0,0.0,32.0,302.3,4.97,188.0,994.18,
2009,3,10,12,0.61,79.62,85.0,0.0,85.0,303.17,5.09,189.0,993.82,
2009,3,10,13,1.18,78.41,103.0,0.0,103.0,304.03,5.22,190.0,993.46,
2009,3,10,14,1.75,77.21,99.0,0.0,99.0,304.9,5.35,191.0,993.1,
2009,3,10,15,1.58,78.6,98.0,0.0,98.0,304.73,5.06,189.0,992.84,
2009,3,10,16,1.42,79.99,92.0,0.0,92.0,304.57,4.76,187.0,992.58,
2009,3,10,17,1.25,81.38,55.0,0.0,55.0,304.4,4.47,185.0,992.32,
2009,3,10,18,0.87,84.03,35.0,0.0,35.0,301.8,4.26,185.0,992.42,
2009,3,10,19,0.49,86.67,8.0,0.0,8.0,299.2,4.06,184.0,992.52,
2009,3,10,20,0.1,89.32,0.0,0.0,0.0,296.6,3.85,184.0,992.62,
2009,3,10,21,-0.24,89.82,0.0,0.0,0.0,295.82,3.7,185.0,992.13,
2009,3,10,22,-0.58,90.31,0.0,0.0,0.0,295.03,3.55,185.0,991.64,
2009,3,10,23,-0.92,90.81,0.0,0.0,0.0,294.25,3.41,186.0,991.15,
2009,3,11,0,-1.19,91.64,0.0,0.0,0.0,294.63,3.15,187.0,990.7,
2009,3,11,1,-1.46,92.46,0.0,0.0,0.0,295.02,2.89,188.0,990.24,
2009,3,11,2,-1.73,93.29,0.0,0.0,0.0,295.4,2.63,190.0,989.79,
2009,3,11,3,-1.89,94.14,0.0,0.0,0.0,296.42,2.25,196.0,989.27,
2009,3,11,4,-2.05,95.0,0.0,0.0,0.0,297.43,1.86,202.0,988.75,
2009,3,11,5,-2.21,95.85,0.0,0.0,0.0,298.45,1.48,209.0,988.23,
2009,3,11,6,-2.27,95.85,0.0,0.0,0.0,293.35,1.13,168.0,987.93,
2009,3,11,7,-2.32,95.86,0.0,0.0,0.0,288.25,0.78,127.0,987.64,
2009,3,11,8,-2.37,95.86,0.0,0.0,0.0,283.15,0.43,86.0,987.35,
2009,3,11,9,-1.64,93.04,5.0,0.0,5.0,283.77,0.86,58.0,987.15,
2009,3,11,10,-0.9,90.21,39.0,0.0,39.0,284.38,1.3,31.0,986.96,
2009,3,11,11,-0.17,87.39,49.0,0.0,49.0,285.0,1.74,3.0,986.76,
2009,3,11,12,0.52,84.61,44.0,0.0,44.0,286.28,2.61,0.0,986.24,
2009,3,11,13,1.21,81.83,121.0,0.0,121.0,287.57,3.48,358.0,985.72,
2009,3,11,14,1.9,79.05,104.0,0.0,104.0,288.85,4.34,355.0,985.2,
2009,3,11,15,1.96,78.22,181.0,1.9,180.0,290.88,4.23,351.0,985.24,
2009,3,11,16,2.01,77.39,162.0,2.11,161.0,292.92,4.11,346.0,985.27,
2009,3,11,17,2.07,76.56,139.0,5.17,137.0,294.95,3.99,342.0,985.3,
2009,3,11,18,1.65,79.49,34.0,0.0,34.0,294.15,3.72,342.0,985.79,
2009,3,11,19,1.22,82.41,8.0,0.0,8.0,293.35,3.46,342.0,986.28,
2009,3,11,20,0.79,85.34,0.0,0.0,0.0,292.55,3.2,342.0,986.76,
2009,3,11,21,0.09,86.5,0.0,0.0,0.0,291.5,3.05,338.0,986.93,
2009,3,11,22,-0.62,87.66,0.0,0.0,0.0,290.45,2.91,334.0,987.09,
2009,3,11,23,-1.33,88.82,0.0,0.0,0.0,289.4,2.76,330.0,987.25,
2009,3,12,0,-1.62,89.64,0.0,0.0,0.0,290.98,2.55,323.0,987.45,
2009,3,12,1,-1.91,90.47,0.0,0.0,0.0,292.57,2.34,316.0,987.64,
2009,3,12,2,-2.2,91.29,0.0,0.0,0.0,294.15,2.14,309.0,987.84,
2009,3,12,3,-2.45,92.15,0.0,0.0,0.0,296.7,2.06,289.0,987.97,
2009,3,12,4,-2.7,93.02,0.0,0.0,0.0,299.25,1.99,268.0,988.1,
2009,3,12,5,-2.95,93.88,0.0,0.0,0.0,301.8,1.92,247.0,988.23,
2009,3,12,6,-2.76,93.88,0.0,0.0,0.0,295.7,2.08,234.0,988.16,
2009,3,12,7,-2.56,93.88,0.0,0.0,0.0,289.6,2.24,220.0,988.1,
2009,3,12,8,-2.37,93.88,0.0,0.0,0.0,283.5,2.4,207.0,988.03,
2009,3,12,9,-1.16,88.8,8.0,0.0,8.0,283.07,3.13,202.0,987.67,
2009,3,12,10,0.06,83.72,39.0,0.0,39.0,282.63,3.85,198.0,987.32,
2009,3,12,11,1.27,78.64,97.0,0.0,97.0,282.2,4.58,193.0,986.96,
2009,3,12,12,1.64,78.27,57.0,0.0,57.0,284.17,5.33,196.0,986.18,
2009,3,12,13,2.0,77.9,104.0,0.0,104.0,286.13,6.09,198.0,985.4,
2009,3,12,14,2.36,77.53,93.0,0.0,93.0,288.1,6.84,201.0,984.62,
2009,3,12,15,2.11,79.19,48.0,0.0,48.0,294.32,6.89,203.0,984.16,
2009,3,12,16,1.86,80.86,66.0,0.0,66.0,300.53,6.94,205.0,983.71,
2009,3,12,17,1.61,82.52,147.0,7.65,144.0,306.75,6.99,208.0,983.25,
2009,3,12,18,1.73,81.3,91.0,3.63,90.0,306.58,7.15,216.0,983.54,
2009,3,12,19,1.85,80.07,12.0,0.0,12.0,306.42,7.31,224.0,983.84,
2009,3,12,20,1.96,78.85,0.0,0.0,0.0,306.25,7.46,232.0,984.13,
2009,3,12,21,1.18,78.23,0.0,0.0,0.0,298.73,7.57,243.0,984.98,
2009,3,12,22,0.4,77.6,0.0,0.0,0.0,291.22,7.68,254.0,985.82,
2009,3,12,23,-0.38,76.98,0.0,0.0,0.0,283.7,7.79,265.0,986.67,
2009,3,13,0,-1.37,76.36,0.0,0.0,0.0,285.72,7.55,270.0,987.41,
2009,3,13,1,-2.36,75.73,0.0,0.0,0.0,287.73,7.31,275.0,988.16,
2009,3,13,2,-3.34,75.11,0.0,0.0,0.0,289.75,7.08,280.0,988.91,
2009,3,13,3,-3.92,75.32,0.0,0.0,0.0,285.85,6.67,279.0,989.4,
2009,3,13,4,-4.5,75.54,0.0,0.0,0.0,281.95,6.26,277.0,989.88,
2009,3,13,5,-5.07,75.75,0.0,0.0,0.0,278.05,5.85,276.0,990.37,
2009,3,13,6,-5.55,76.68,0.0,0.0,0.0,268.48,5.55,277.0,991.12,
2009,3,13,7,-6.03,77.62,0.0,0.0,0.0,258.92,5.25,277.0,991.87,
2009,3,13,8,-6.51,78.55,0.0,0.0,0.0,249.35,4.95,277.0,992.62,
2009,3,13,9,-5.53,73.69,33.0,44.66,29.0,248.42,5.55,282.0,992.68,
2009,3,13,10,-4.55,68.82,95.0,25.71,89.0,247.48,6.15,287.0,992.75,
2009,3,13,11,-3.57,63.96,197.0,83.6,167.0,246.55,6.74,291.0,992.81,
2009,3,13,12,-2.89,61.7,242.0,61.21,214.0,249.35,6.23,287.0,992.62,
2009,3,13,13,-2.22,59.44,266.0,45.94,242.0,252.15,5.72,284.0,992.42,
2009,3,13,14,-1.55,57.18,297.0,61.89,263.0,254.95,5.21,280.0,992.23,
2009,3,13,15,-1.33,56.64,271.0,42.87,248.0,259.08,4.96,279.0,991.8,
2009,3,13,16,-1.11,56.09,267.0,72.23,232.0,263.22,4.7,278.0,991.38,
2009,3,13,17,-0.89,55.55,214.0,73.02,185.0,267.35,4.44,277.0,990.96,
2009,3,13,18,-1.51,59.02,146.0,78.49,124.0,261.3,3.41,289.0,990.99,
2009,3,13,19,-2.13,62.5,64.0,70.48,54.0,255.25,2.37,301.0,991.02,
2009,3,13,20,-2.76,65.97,0.0,0.0,0.0,249.2,1.34,313.0,991.06,
2009,3,13,21,-4.21,71.31,0.0,0.0,0.0,245.67,1.55,336.0,991.06,
2009,3,13,22,-5.66,76.64,0.0,0.0,0.0,242.13,1.77,0.0,991.06,
2009,3,13,23,-7.11,81.98,0.0,0.0,0.0,238.6,1.99,24.0,991.06,
2009,3,14,0,-7.48,82.32,0.0,0.0,0.0,245.23,2.24,22.0,991.32,
2009,3,14,1,-7.84,82.66,0.0,0.0,0.0,251.87,2.5,20.0,991.58,
2009,3,14,2,-8.2,83.0,0.0,0.0,0.0,258.5,2.76,19.0,991.84,
2009,3,14,3,-8.77,83.48,0.0,0.0,0.0,252.53,3.14,13.0,992.36,
2009,3,14,4,-9.34,83.96,0.0,0.0,0.0,246.57,3.52,8.0,992.88,
2009,3,14,5,-9.91,84.44,0.0,0.0,0.0,240.6,3.9,3.0,993.4,
2009,3,14,6,-10.0,84.45,0.0,0.0,0.0,240.25,4.06,1.0,993.49,
2009,3,14,7,-10.08,84.45,0.0,0.0,0.0,239.9,4.21,360.0,993.59,
2009,3,14,8,-10.16,84.46,0.0,0.0,0.0,239.55,4.36,358.0,993.69,
2009,3,14,9,-9.3,81.62,20.0,0.0,20.0,235.0,5.37,3.0,993.79,
2009,3,14,10,-8.43,78.79,80.0,8.34,78.0,230.45,6.38,8.0,993.88,
2009,3,14,11,-7.57,75.95,156.0,21.91,148.0,225.9,7.39,13.0,993.98,
2009,3,14,12,-6.87,74.45,128.0,0.0,128.0,228.12,7.27,14.0,993.82,
2009,3,14,13,-6.18,72.96,164.0,0.0,164.0,230.33,7.14,16.0,993.66,
2009,3,14,14,-5.48,71.46,140.0,0.0,140.0,232.55,7.02,17.0,993.49,
2009,3,14,15,-5.5,72.25,130.0,0.0,130.0,243.07,6.9,17.0,993.46,
2009,3,14,16,-5.51,73.04,185.0,6.12,182.0,253.58,6.78,18.0,993.43,
2009,3,14,17,-5.53,73.83,177.0,24.85,167.0,264.1,6.66,18.0,993.4,
2009,3,14,18,-6.06,76.27,120.0,24.53,113.0,265.3,6.42,19.0,993.88,
2009,3,14,19,-6.59,78.72,77.0,122.59,59.0,266.5,6.18,20.0,994.37,
2009,3,14,20,-7.13,81.16,0.0,0.0,0.0,267.7,5.94,21.0,994.86,
2009,3,14,21,-7.42,81.57,0.0,0.0,0.0,269.22,5.88,22.0,995.12,
2009,3,14,22,-7.72,81.98,0.0,0.0,0.0,270.73,5.81,22.0,995.38,
2009,3,14,23,-8.02,82.39,0.0,0.0,0.0,272.25,5.74,23.0,995.64,
2009,3,15,0,-8.41,82.82,0.0,0.0,0.0,271.6,5.51,22.0,995.74,
2009,3,15,1,-8.81,83.26,0.0,0.0,0.0,270.95,5.28,20.0,995.83,
2009,3,15,2,-9.21,83.69,0.0,0.0,0.0,270.3,5.05,18.0,995.93,
2009,3,15,3,-9.56,84.17,0.0,0.0,0.0,269.32,4.87,16.0,996.26,
2009,3,15,4,-9.91,84.66,0.0,0.0,0.0,268.33,4.7,13.0,996.58,
2009,3,15,5,-10.26,85.14,0.0,0.0,0.0,267.35,4.52,11.0,996.91,
2009,3,15,6,-10.52,85.41,0.0,0.0,0.0,265.22,4.29,8.0,997.23,
2009,3,15,7,-10.78,85.68,0.0,0.0,0.0,263.08,4.06,6.0,997.56,
2009,3,15,8,-11.04,85.95,0.0,0.0,0.0,260.95,3.82,3.0,997.88,
2009,3,15,9,-9.97,81.18,21.0,0.0,21.0,257.67,3.71,1.0,997.88,
2009,3,15,10,-8.89,76.42,87.0,8.13,85.0,254.38,3.6,359.0,997.88,
2009,3,15,11,-7.82,71.65,122.0,2.69,121.0,251.1,3.49,357.0,997.88,
2009,3,15,12,-6.5,67.76,216.0,27.68,203.0,245.57,3.23,352.0,997.46,
2009,3,15,13,-5.19,63.88,264.0,39.3,243.0,240.03,2.97,348.0,997.04,
2009,3,15,14,-3.87,59.99,261.0,26.74,246.0,234.5,2.72,344.0,996.61,
2009,3,15,15,-3.29,59.18,223.0,10.96,217.0,228.88,2.61,329.0,996.26,
2009,3,15,16,-2.71,58.38,173.0,2.02,172.0,223.27,2.51,314.0,995.9,
2009,3,15,17,-2.13,57.57,77.0,0.0,77.0,217.65,2.4,299.0,995.54,
2009,3,15,18,-3.71,64.65,55.0,0.0,55.0,212.07,2.57,294.0,996.0,
2009,3,15,19,-5.29,71.73,17.0,0.0,17.0,206.48,2.74,289.0,996.45,
2009,3,15,20,-6.87,78.81,0.0,0.0,0.0,200.9,2.91,284.0,996.91,
2009,3,15,21,-7.28,79.48,0.0,0.0,0.0,204.32,3.07,290.0,997.04,
2009,3,15,22,-7.7,80.16,0.0,0.0,0.0,207.73,3.22,297.0,997.17,
2009,3,15,23,-8.11,80.83,0.0,0.0,0.0,211.15,3.38,304.0,997.3,
2009,3,16,0,-8.67,81.77,0.0,0.0,0.0,211.23,3.39,304.0,997.39,
2009,3,16,1,-9.22,82.7,0.0,0.0,0.0,211.32,3.4,305.0,997.49,
2009,3,16,2,-9.77,83.64,0.0,0.0,0.0,211.4,3.41,306.0,997.59,
2009,3,16,3,-10.29,84.44,0.0,0.0,0.0,209.03,3.37,304.0,997.49,
2009,3,16,4,-10.8,85.25,0.0,0.0,0.0,206.67,3.33,302.0,997.39,
2009,3,16,5,-11.31,86.05,0.0,0.0,0.0,204.3,3.3,300.0,997.3,
2009,3,16,6,-11.6,86.24,0.0,0.0,0.0,201.27,3.15,295.0,997.26,
2009,3,16,7,-11.88,86.44,0.0,0.0,0.0,198.23,3.01,290.0,997.23,
2009,3,16,8,-12.17,86.63,0.0,0.0,0.0,195.2,2.87,286.0,997.2,
2009,3,16,9,-9.4,80.75,41.0,46.06,36.0,198.22,2.81,286.0,996.97,
2009,3,16,10,-6.63,74.88,121.0,55.49,107.0,201.23,2.76,286.0,996.74,
2009,3,16,11,-3.87,69.0,189.0,52.98,169.0,204.25,2.7,286.0,996.52,
2009,3,16,12,-2.77,64.06,224.0,31.53,209.0,207.48,2.99,287.0,995.83,
2009,3,16,13,-1.67,59.12,282.0,51.83,254.0,210.72,3.28,289.0,995.15,
2009,3,16,14,-0.57,54.18,295.0,49.41,267.0,213.95,3.57,290.0,994.47,
2009,3,16,15,-0.42,54.86,306.0,68.7,268.0,217.42,3.53,290.0,993.98,
2009,3,16,16,-0.27,55.55,272.0,65.91,239.0,220.88,3.49,290.0,993.49,
2009,3,16,17,-0.12,56.23,237.0,96.91,197.0,224.35,3.45,290.0,993.01,
2009,3,16,18,-1.24,59.17,159.0,88.01,133.0,223.0,2.77,285.0,993.2,
2009,3,16,19,-2.36,62.12,61.0,31.91,56.0,221.65,2.09,279.0,993.4,
2009,3,16,20,-3.48,65.06,0.0,0.0,0.0,220.3,1.41,273.0,993.59,
2009,3,16,21,-5.25,70.06,0.0,0.0,0.0,220.0,1.53,268.0,993.43,
2009,3,16,22,-7.02,75.05,0.0,0.0,0.0,219.7,1.65,262.0,993.27,
2009,3,16,23,-8.78,80.05,0.0,0.0,0.0,219.4,1.77,257.0,993.1,
2009,3,17,0,-9.85,82.04,0.0,0.0,0.0,220.7,1.78,267.0,993.01,
2009,3,17,1,-10.92,84.03,0.0,0.0,0.0,222.0,1.79,276.0,992.91,
2009,3,17,2,-11.98,86.02,0.0,0.0,0.0,223.3,1.81,286.0,992.81,
2009,3,17,3,-12.01,85.96,0.0,0.0,0.0,225.27,1.79,294.0,992.78,
2009,3,17,4,-12.04,85.91,0.0,0.0,0.0,227.23,1.78,301.0,992.75,
2009,3,17,5,-12.07,85.85,0.0,0.0,0.0,229.2,1.77,309.0,992.71,
2009,3,17,6,-12.43,86.16,0.0,0.0,0.0,227.2,1.62,310.0,992.81,
2009,3,17,7,-12.78,86.47,0.0,0.0,0.0,225.2,1.47,310.0,992.91,
2009,3,17,8,-13.13,86.78,0.0,0.0,0.0,223.2,1.32,311.0,993.01,
2009,3,17,9,-10.04,79.49,49.0,69.62,41.0,224.57,1.02,315.0,993.1,
2009,3,17,10,-6.95,72.19,137.0,88.94,114.0,225.93,0.71,320.0,993.2,
2009,3,17,11,-3.87,64.9,189.0,46.91,171.0,227.3,0.4,325.0,993.3,
2009,3,17,12,-2.78,60.6,270.0,78.87,232.0,231.28,0.39,342.0,993.04,
2009,3,17,13,-1.7,56.29,292.0,58.59,260.0,235.27,0.38,360.0,992.78,
2009,3,17,14,-0.62,51.99,334.0,87.36,284.0,239.25,0.37,18.0,992.52,
2009,3,17,15,-0.57,52.55,322.0,84.13,275.0,249.4,0.61,13.0,992.58,
2009,3,17,16,-0.51,53.11,314.0,122.54,252.0,259.55,0.85,9.0,992.65,
2009,3,17,17,-0.46,53.67,263.0,143.58,203.0,269.7,1.09,5.0,992.71,
2009,3,17,18,-1.17,58.22,165.0,96.53,136.0,268.95,1.15,61.0,993.33,
2009,3,17,19,-1.89,62.78,89.0,136.17,67.0,268.2,1.21,116.0,993.95,
2009,3,17,20,-2.61,67.33,0.0,0.0,0.0,267.45,1.27,172.0,994.57,
2009,3,17,21,-3.69,72.54,0.0,0.0,0.0,264.6,1.53,184.0,994.89,
2009,3,17,22,-4.78,77.75,0.0,0.0,0.0,261.75,1.78,196.0,995.22,
2009,3,17,23,-5.86,82.96,0.0,0.0,0.0,258.9,2.04,208.0,995.54,
2009,3,18,0,-6.28,84.56,0.0,0.0,0.0,259.05,2.0,216.0,995.7,
2009,3,18,1,-6.7,86.17,0.0,0.0,0.0,259.2,1.97,225.0,995.87,
2009,3,18,2,-7.12,87.77,0.0,0.0,0.0,259.35,1.93,233.0,996.03,
2009,3,18,3,-7.42,88.56,0.0,0.0,0.0,259.67,1.87,235.0,996.35,
2009,3,18,4,-7.72,89.36,0.0,0.0,0.0,259.98,1.81,238.0,996.68,
2009,3,18,5,-8.02,90.15,0.0,0.0,0.0,260.3,1.75,240.0,997.0,
2009,3,18,6,-8.35,90.43,0.0,0.0,0.0,259.8,1.65,253.0,997.75,
2009,3,18,7,-8.68,90.71,0.0,0.0,0.0,259.3,1.55,266.0,998.5,
2009,3,18,8,-9.01,90.99,0.0,0.0,0.0,258.8,1.45,279.0,999.25,
2009,3,18,9,-6.9,85.24,7.0,0.0,7.0,259.0,1.15,253.0,999.64,
2009,3,18,10,-4.78,79.48,130.0,60.4,114.0,259.2,0.86,227.0,1000.03,
2009,3,18,11,-2.67,73.73,215.0,82.07,183.0,259.4,0.57,201.0,1000.42,
2009,3,18,12,-1.87,66.61,287.0,98.39,239.0,260.28,0.86,197.0,1000.35,
2009,3,18,13,-1.07,59.5,280.0,43.48,256.0,261.17,1.14,193.0,1000.29,
2009,3,18,14,-0.27,52.38,257.0,19.03,246.0,262.05,1.43,190.0,1000.22,
2009,3,18,15,-0.17,52.94,275.0,33.68,256.0,264.77,1.51,192.0,1000.39,
2009,3,18,16,-0.08,53.5,332.0,150.61,255.0,267.48,1.59,195.0,1000.55,
2009,3,18,17,0.02,54.06,287.0,196.22,204.0,270.2,1.67,198.0,1000.71,
2009,3,18,18,-1.78,62.34,198.0,186.65,141.0,256.58,2.03,188.0,1001.3,
2009,3,18,19,-3.58,70.62,81.0,84.11,67.0,242.97,2.39,177.0,1001.88,
2009,3,18,20,-5.39,78.9,0.0,0.0,0.0,229.35,2.74,167.0,1002.47,
2009,3,18,21,-6.38,80.62,0.0,0.0,0.0,223.08,2.72,171.0,1002.66,
2009,3,18,22,-7.37,82.33,0.0,0.0,0.0,216.82,2.7,175.0,1002.86,
2009,3,18,23,-8.36,84.05,0.0,0.0,0.0,210.55,2.68,179.0,1003.05,
2009,3,19,0,-8.83,84.26,0.0,0.0,0.0,208.87,2.68,183.0,1003.05,
2009,3,19,1,-9.29,84.46,0.0,0.0,0.0,207.18,2.68,187.0,1003.05,
2009,3,19,2,-9.75,84.67,0.0,0.0,0.0,205.5,2.68,191.0,1003.05,
2009,3,19,3,-10.23,85.01,0.0,0.0,0.0,204.28,2.67,192.0,1003.05,
2009,3,19,4,-10.71,85.36,0.0,0.0,0.0,203.07,2.67,193.0,1003.05,
2009,3,19,5,-11.18,85.7,0.0,0.0,0.0,201.85,2.66,194.0,1003.05,
2009,3,19,6,-11.64,86.07,0.0,0.0,0.0,202.5,2.55,194.0,1003.18,
2009,3,19,7,-12.09,86.45,0.0,0.0,0.0,203.15,2.44,192.0,1003.31,
2009,3,19,8,-12.54,86.82,0.0,0.0,0.0,203.8,2.33,192.0,1003.44,
2009,3,19,9,-9.72,80.97,58.0,78.35,48.0,206.83,2.34,189.0,1003.25,
2009,3,19,10,-6.9,75.11,147.0,95.87,121.0,209.87,2.35,186.0,1003.05,
2009,3,19,11,-4.09,69.26,223.0,90.88,187.0,212.9,2.36,183.0,1002.86,
2009,3,19,12,-2.8,66.18,286.0,91.11,241.0,218.43,2.94,186.0,1002.14,
2009,3,19,13,-1.52,63.09,337.0,103.97,279.0,223.97,3.53,189.0,1001.43,
2009,3,19,14,-0.24,60.01,348.0,97.65,291.0,229.5,4.11,192.0,1000.71,
2009,3,19,15,-0.16,60.34,358.0,124.65,287.0,240.8,4.2,193.0,1000.22,
2009,3,19,16,-0.09,60.66,330.0,139.4,258.0,252.1,4.29,195.0,999.74,
2009,3,19,17,-0.01,60.99,259.0,119.14,208.0,263.4,4.37,196.0,999.25,
2009,3,19,18,-1.27,66.23,187.0,141.78,143.0,262.23,4.18,192.0,999.31,
2009,3,19,19,-2.54,71.46,79.0,64.21,68.0,261.07,4.0,187.0,999.38,
2009,3,19,20,-3.81,76.7,0.0,0.0,0.0,259.9,3.81,182.0,999.44,
2009,3,19,21,-4.16,77.99,0.0,0.0,0.0,257.75,3.91,184.0,999.05,
2009,3,19,22,-4.51,79.27,0.0,0.0,0.0,255.6,4.01,186.0,998.66,
2009,3,19,23,-4.86,80.56,0.0,0.0,0.0,253.45,4.11,189.0,998.27,
2009,3,20,0,-5.14,81.63,0.0,0.0,0.0,253.72,4.03,193.0,997.88,
2009,3,20,1,-5.43,82.7,0.0,0.0,0.0,253.98,3.94,196.0,997.49,
2009,3,20,2,-5.72,83.77,0.0,0.0,0.0,254.25,3.86,200.0,997.1,
2009,3,20,3,-5.99,84.73,0.0,0.0,0.0,255.12,3.77,201.0,996.71,
2009,3,20,4,-6.26,85.68,0.0,0.0,0.0,255.98,3.68,202.0,996.32,
2009,3,20,5,-6.53,86.64,0.0,0.0,0.0,256.85,3.59,203.0,995.93,
2009,3,20,6,-8.14,87.2,0.0,0.0,0.0,251.25,3.55,204.0,995.64,
2009,3,20,7,-9.74,87.77,0.0,0.0,0.0,245.65,3.51,205.0,995.35,
2009,3,20,8,-11.35,88.33,0.0,0.0,0.0,240.05,3.48,206.0,995.05,
2009,3,20,9,-8.98,83.41,59.0,67.17,50.0,241.25,3.64,206.0,994.73,
2009,3,20,10,-6.61,78.49,156.0,111.72,125.0,242.45,3.8,206.0,994.4,
2009,3,20,11,-4.24,73.57,232.0,99.43,192.0,243.65,3.96,207.0,994.08,
2009,3,20,12,-3.01,68.38,295.0,100.02,245.0,241.83,4.5,213.0,993.33,
2009,3,20,13,-1.79,63.19,347.0,113.54,283.0,240.02,5.03,218.0,992.58,
2009,3,20,14,-0.56,58.0,386.0,145.93,300.0,238.2,5.57,224.0,991.84,
2009,3,20,15,-0.32,57.28,385.0,161.74,292.0,242.18,5.49,225.0,991.32,
2009,3,20,16,-0.08,56.55,349.0,168.67,261.0,246.17,5.42,225.0,990.8,
2009,3,20,17,0.16,55.83,284.0,168.54,211.0,250.15,5.34,225.0,990.27,
2009,3,20,18,-1.91,63.02,194.0,152.25,146.0,237.1,4.87,215.0,990.21,
2009,3,20,19,-3.99,70.22,100.0,147.61,74.0,224.05,4.41,205.0,990.14,
2009,3,20,20,-6.07,77.41,0.0,0.0,0.0,211.0,3.94,195.0,990.08,
2009,3,20,21,-6.57,78.94,0.0,0.0,0.0,212.27,4.05,196.0,989.95,
2009,3,20,22,-7.08,80.47,0.0,0.0,0.0,213.53,4.15,197.0,989.82,
2009,3,20,23,-7.59,82.0,0.0,0.0,0.0,214.8,4.25,198.0,989.69,
2009,3,21,0,-8.35,83.28,0.0,0.0,0.0,211.75,4.17,198.0,989.27,
2009,3,21,1,-9.12,84.56,0.0,0.0,0.0,208.7,4.08,197.0,988.84,
2009,3,21,2,-9.88,85.84,0.0,0.0,0.0,205.65,4.0,197.0,988.42,
2009,3,21,3,-10.24,86.07,0.0,0.0,0.0,206.9,3.92,196.0,988.13,
2009,3,21,4,-10.6,86.31,0.0,0.0,0.0,208.15,3.83,194.0,987.84,
2009,3,21,5,-10.95,86.54,0.0,0.0,0.0,209.4,3.75,193.0,987.54,
2009,3,21,6,-10.91,86.58,0.0,0.0,0.0,212.3,3.64,191.0,987.15,
2009,3,21,7,-10.87,86.62,0.0,0.0,0.0,215.2,3.52,188.0,986.76,
2009,3,21,8,-10.83,86.66,0.0,0.0,0.0,218.1,3.41,186.0,986.37,
2009,3,21,9,-8.7,81.43,60.0,57.0,52.0,228.77,3.44,181.0,985.95,
2009,3,21,10,-6.57,76.21,148.0,77.53,126.0,239.43,3.47,176.0,985.53,
2009,3,21,11,-4.45,70.98,199.0,44.07,181.0,250.1,3.5,171.0,985.11,
2009,3,21,12,-3.35,69.6,269.0,59.3,239.0,255.47,3.72,168.0,984.29,
2009,3,21,13,-2.26,68.21,261.0,24.58,247.0,260.83,3.94,165.0,983.48,
2009,3,21,14,-1.17,66.83,215.0,3.36,213.0,266.2,4.15,161.0,982.67,
2009,3,21,15,-1.35,70.26,167.0,0.0,167.0,271.48,3.91,157.0,981.98,
2009,3,21,16,-1.54,73.68,137.0,0.0,137.0,276.77,3.67,154.0,981.3,
2009,3,21,17,-1.72,77.11,98.0,0.0,98.0,282.05,3.43,150.0,980.62,
2009,3,21,18,-3.11,81.13,47.0,0.0,47.0,278.8,3.03,147.0,980.46,
2009,3,21,19,-4.5,85.16,32.0,0.0,32.0,275.55,2.62,144.0,980.29,
2009,3,21,20,-5.9,89.18,0.0,0.0,0.0,272.3,2.21,141.0,980.13,
2009,3,21,21,-6.79,90.17,0.0,0.0,0.0,265.17,2.17,157.0,979.81,
2009,3,21,22,-7.68,91.16,0.0,0.0,0.0,258.03,2.14,173.0,979.48,
2009,3,21,23,-8.56,92.15,0.0,0.0,0.0,250.9,2.11,189.0,979.16,
2009,3,22,0,-8.75,91.94,0.0,0.0,0.0,247.67,2.48,199.0,978.8,
2009,3,22,1,-8.94,91.73,0.0,0.0,0.0,244.43,2.85,209.0,978.44,
2009,3,22,2,-9.12,91.52,0.0,0.0,0.0,241.2,3.21,220.0,978.08,
2009,3,22,3,-8.88,91.32,0.0,0.0,0.0,230.13,3.62,216.0,977.92,
2009,3,22,4,-8.64,91.13,0.0,0.0,0.0,219.07,4.03,212.0,977.76,
2009,3,22,5,-8.4,90.93,0.0,0.0,0.0,208.0,4.44,208.0,977.6,
2009,3,22,6,-7.18,90.63,0.0,0.0,0.0,221.52,5.04,204.0,977.27,
2009,3,22,7,-5.95,90.32,0.0,0.0,0.0,235.03,5.64,200.0,976.95,
2009,3,22,8,-4.72,90.02,0.0,0.0,0.0,248.55,6.23,197.0,976.62,
2009,3,22,9,-2.8,85.55,12.0,0.0,12.0,264.4,6.74,201.0,976.46,
2009,3,22,10,-0.87,81.09,50.0,0.0,50.0,280.25,7.24,205.0,976.29,
2009,3,22,11,1.05,76.62,207.0,48.24,187.0,296.1,7.74,209.0,976.13,
2009,3,22,12,1.71,73.52,278.0,66.43,244.0,294.17,8.49,214.0,976.2,
2009,3,22,13,2.37,70.42,316.0,66.06,278.0,292.23,9.25,220.0,976.26,
2009,3,22,14,3.03,67.32,319.0,53.29,287.0,290.3,10.0,225.0,976.33,
2009,3,22,15,2.82,69.07,270.0,23.9,256.0,288.13,9.36,221.0,976.49,
2009,3,22,16,2.6,70.83,191.0,3.76,189.0,285.97,8.71,217.0,976.65,
2009,3,22,17,2.39,72.58,175.0,11.28,170.0,283.8,8.07,214.0,976.81,
2009,3,22,18,2.25,75.6,108.0,3.08,107.0,278.78,8.73,211.0,976.59,
2009,3,22,19,2.11,78.62,75.0,32.3,69.0,273.77,9.38,208.0,976.36,
2009,3,22,20,1.96,81.64,0.0,0.0,0.0,268.75,10.04,205.0,976.13,
2009,3,22,21,1.5,80.97,0.0,0.0,0.0,263.4,10.0,211.0,976.85,
2009,3,22,22,1.04,80.31,0.0,0.0,0.0,258.05,9.95,217.0,977.56,
2009,3,22,23,0.57,79.64,0.0,0.0,0.0,252.7,9.9,222.0,978.28,
2009,3,23,0,-0.38,78.98,0.0,0.0,0.0,247.6,9.12,229.0,979.61,
2009,3,23,1,-1.34,78.33,0.0,0.0,0.0,242.5,8.34,235.0,980.94,
2009,3,23,2,-2.29,77.67,0.0,0.0,0.0,237.4,7.56,241.0,982.28,
2009,3,23,3,-3.26,78.42,0.0,0.0,0.0,243.32,6.77,246.0,983.61,
2009,3,23,4,-4.23,79.17,0.0,0.0,0.0,249.23,5.98,251.0,984.94,
2009,3,23,5,-5.19,79.92,0.0,0.0,0.0,255.15,5.19,256.0,986.28,
2009,3,23,6,-5.83,81.0,0.0,0.0,0.0,255.8,4.58,258.0,987.45,
2009,3,23,7,-6.46,82.09,0.0,0.0,0.0,256.45,3.97,259.0,988.62,
2009,3,23,8,-7.1,83.17,0.0,0.0,0.0,257.1,3.37,261.0,989.79,
2009,3,23,9,-5.77,76.85,69.0,65.35,59.0,260.23,3.04,260.0,990.37,
2009,3,23,10,-4.44,70.53,225.0,351.05,121.0,263.37,2.72,259.0,990.96,
2009,3,23,11,-3.11,64.21,276.0,171.16,204.0,266.5,2.4,258.0,991.54,
2009,3,23,12,-2.26,60.4,276.0,59.87,245.0,271.15,2.18,242.0,991.71,
2009,3,23,13,-1.42,56.58,212.0,3.44,210.0,275.8,1.96,226.0,991.87,
2009,3,23,14,-0.58,52.77,412.0,169.98,309.0,280.45,1.74,209.0,992.03,
2009,3,23,15,-0.43,55.16,457.0,291.02,285.0,283.6,1.95,193.0,992.06,
2009,3,23,16,-0.27,57.54,454.0,416.98,230.0,286.75,2.16,177.0,992.1,
2009,3,23,17,-0.12,59.93,359.0,361.51,197.0,289.9,2.37,160.0,992.13,
2009,3,23,18,-1.3,67.66,207.0,160.66,154.0,290.35,2.51,150.0,992.68,
2009,3,23,19,-2.48,75.4,104.0,120.7,81.0,290.8,2.66,140.0,993.23,
2009,3,23,20,-3.66,83.13,0.0,0.0,0.0,291.25,2.8,130.0,993.79,
2009,3,23,21,-3.43,85.86,0.0,0.0,0.0,294.62,2.91,123.0,993.53,
2009,3,23,22,-3.2,88.6,0.0,0.0,0.0,297.98,3.02,115.0,993.27,
2009,3,23,23,-2.96,91.33,0.0,0.0,0.0,301.35,3.13,108.0,993.01,
2009,3,24,0,-2.52,91.01,0.0,0.0,0.0,298.67,3.48,109.0,992.26,
2009,3,24,1,-2.08,90.68,0.0,0.0,0.0,295.98,3.82,111.0,991.51,
2009,3,24,2,-1.63,90.36,0.0,0.0,0.0,293.3,4.17,113.0,990.76,
2009,3,24,3,-0.88,88.02,0.0,0.0,0.0,291.53,4.51,122.0,990.01,
2009,3,24,4,-0.12,85.67,0.0,0.0,0.0,289.77,4.86,131.0,989.27,
2009,3,24,5,0.64,83.33,0.0,0.0,0.0,288.0,5.2,141.0,988.52,
2009,3,24,6,1.16,81.96,0.0,0.0,0.0,287.68,5.73,144.0,988.06,
2009,3,24,7,1.68,80.59,0.0,0.0,0.0,287.37,6.26,147.0,987.61,
2009,3,24,8,2.2,79.22,0.0,0.0,0.0,287.05,6.79,151.0,987.15,
2009,3,24,9,2.89,75.52,16.0,0.0,16.0,284.57,7.03,153.0,986.44,
2009,3,24,10,3.59,71.83,47.0,0.0,47.0,282.08,7.28,155.0,985.72,
2009,3,24,11,4.28,68.13,63.0,0.0,63.0,279.6,7.53,157.0,985.01,
2009,3,24,12,5.14,65.38,248.0,30.55,232.0,283.92,7.78,159.0,984.13,
2009,3,24,13,5.99,62.64,400.0,175.57,297.0,288.23,8.03,162.0,983.25,
2009,3,24,14,6.84,59.89,136.0,0.0,136.0,292.55,8.28,164.0,982.37,
2009,3,24,15,6.81,60.64,109.0,0.0,109.0,297.07,8.2,168.0,981.98,
2009,3,24,16,6.77,61.38,109.0,0.0,109.0,301.58,8.12,171.0,981.59,
2009,3,24,17,6.74,62.13,67.0,0.0,67.0,306.1,8.04,174.0,981.2,
2009,3,24,18,6.3,65.52,54.0,0.0,54.0,299.42,7.5,175.0,981.43,
2009,3,24,19,5.86,68.9,14.0,0.0,14.0,292.73,6.96,176.0,981.66,
2009,3,24,20,5.42,72.29,3.0,0.0,3.0,286.05,6.41,177.0,981.89,
2009,3,24,21,4.98,74.23,0.0,0.0,0.0,290.15,6.14,174.0,981.92,
2009,3,24,22,4.54,76.18,0.0,0.0,0.0,294.25,5.86,171.0,981.95,
2009,3,24,23,4.11,78.12,0.0,0.0,0.0,298.35,5.59,168.0,981.98,
2009,3,25,0,3.75,79.43,0.0,0.0,0.0,291.95,5.49,169.0,981.98,
2009,3,25,1,3.39,80.74,0.0,0.0,0.0,285.55,5.38,171.0,981.98,
2009,3,25,2,3.03,82.05,0.0,0.0,0.0,279.15,5.28,172.0,981.98,
2009,3,25,3,2.8,84.36,0.0,0.0,0.0,284.33,4.89,172.0,981.98,
2009,3,25,4,2.57,86.67,0.0,0.0,0.0,289.52,4.49,172.0,981.98,
2009,3,25,5,2.34,88.98,0.0,0.0,0.0,294.7,4.1,172.0,981.98,
2009,3,25,6,1.87,91.4,0.0,0.0,0.0,299.87,3.68,161.0,982.02,
2009,3,25,7,1.41,93.81,0.0,0.0,0.0,305.03,3.27,150.0,982.05,
2009,3,25,8,0.94,96.23,0.0,0.0,0.0,310.2,2.86,139.0,982.08,
2009,3,25,9,1.06,95.77,17.0,0.0,17.0,311.42,2.8,137.0,982.15,
2009,3,25,10,1.18,95.3,29.0,0.0,29.0,312.63,2.75,135.0,982.21,
2009,3,25,11,1.3,94.84,60.0,0.0,60.0,313.85,2.7,133.0,982.28,
2009,3,25,12,1.27,95.16,82.0,0.0,82.0,314.65,2.74,135.0,982.15,
2009,3,25,13,1.23,95.49,86.0,0.0,86.0,315.45,2.77,136.0,982.02,
2009,3,25,14,1.2,95.81,119.0,0.0,119.0,316.25,2.8,138.0,981.89,
2009,3,25,15,1.03,96.31,114.0,0.0,114.0,316.37,2.57,141.0,981.82,
2009,3,25,16,0.85,96.8,89.0,0.0,89.0,316.48,2.35,144.0,981.76,
2009,3,25,17,0.68,97.3,52.0,0.0,52.0,316.6,2.12,148.0,981.69,
2009,3,25,18,0.85,97.64,38.0,0.0,38.0,321.15,1.95,180.0,982.34,
2009,3,25,19,1.01,97.99,40.0,0.0,40.0,325.7,1.77,213.0,982.99,
2009,3,25,20,1.17,98.33,2.0,0.0,2.0,330.25,1.6,245.0,983.64,
2009,3,25,21,1.12,98.03,0.0,0.0,0.0,332.17,1.85,262.0,984.03,
2009,3,25,22,1.07,97.74,0.0,0.0,0.0,334.08,2.1,279.0,984.42,
2009,3,25,23,1.01,97.44,0.0,0.0,0.0,336.0,2.34,296.0,984.81,
2009,3,26,0,0.91,96.27,0.0,0.0,0.0,335.17,2.74,301.0,985.43,
2009,3,26,1,0.8,95.09,0.0,0.0,0.0,334.33,3.14,307.0,986.05,
2009,3,26,2,0.69,93.92,0.0,0.0,0.0,333.5,3.53,313.0,986.67,
2009,3,26,3,0.3,93.29,0.0,0.0,0.0,325.47,3.8,315.0,987.38,
2009,3,26,4,-0.09,92.66,0.0,0.0,0.0,317.43,4.06,318.0,988.1,
2009,3,26,5,-0.47,92.03,0.0,0.0,0.0,309.4,4.33,320.0,988.81,
2009,3,26,6,-1.03,91.55,0.0,0.0,0.0,295.5,4.08,326.0,989.66,
2009,3,26,7,-1.59,91.07,0.0,0.0,0.0,281.6,3.83,332.0,990.5,
2009,3,26,8,-2.15,90.59,0.0,0.0,0.0,267.7,3.59,338.0,991.35,
2009,3,26,9,-0.16,84.11,127.0,401.26,58.0,264.88,3.42,338.0,991.77,
2009,3,26,10,1.83,77.63,271.0,533.59,103.0,262.07,3.26,338.0,992.19,
2009,3,26,11,3.82,71.15,390.0,531.0,157.0,259.25,3.09,338.0,992.62,
2009,3,26,12,4.83,69.7,503.0,610.81,176.0,258.08,3.06,335.0,992.62,
2009,3,26,13,5.84,68.25,591.0,704.09,170.0,256.92,3.03,332.0,992.62,
2009,3,26,14,6.85,66.8,619.0,713.51,175.0,255.75,3.01,329.0,992.62,
2009,3,26,15,7.36,62.65,601.0,707.08,172.0,255.7,2.76,333.0,992.71,
2009,3,26,16,7.87,58.49,544.0,713.34,150.0,255.65,2.51,336.0,992.81,
2009,3,26,17,8.38,54.34,438.0,652.53,136.0,255.6,2.26,339.0,992.91,
2009,3,26,18,7.85,57.15,296.0,511.24,120.0,257.77,1.75,18.0,993.3,
2009,3,26,19,7.32,59.97,123.0,170.93,88.0,259.93,1.24,56.0,993.69,
2009,3,26,20,6.79,62.78,15.0,18.58,14.0,262.1,0.73,95.0,994.08,
2009,3,26,21,4.01,69.86,0.0,0.0,0.0,259.6,0.89,136.0,994.57,
2009,3,26,22,1.23,76.94,0.0,0.0,0.0,257.1,1.05,178.0,995.05,
2009,3,26,23,-1.54,84.02,0.0,0.0,0.0,254.6,1.21,220.0,995.54,
2009,3,27,0,-3.04,86.09,0.0,0.0,0.0,248.95,1.59,234.0,996.0,
2009,3,27,1,-4.54,88.16,0.0,0.0,0.0,243.3,1.97,247.0,996.45,
2009,3,27,2,-6.04,90.23,0.0,0.0,0.0,237.65,2.34,261.0,996.91,
2009,3,27,3,-6.54,90.98,0.0,0.0,0.0,232.87,2.42,273.0,997.46,
2009,3,27,4,-7.03,91.74,0.0,0.0,0.0,228.08,2.5,286.0,998.01,
2009,3,27,5,-7.52,92.49,0.0,0.0,0.0,223.3,2.58,298.0,998.57,
2009,3,27,6,-6.25,92.41,0.0,0.0,0.0,223.6,2.26,308.0,999.22,
2009,3,27,7,-4.97,92.34,0.0,0.0,0.0,223.9,1.94,318.0,999.87,
2009,3,27,8,-3.7,92.26,0.0,0.0,0.0,224.2,1.61,328.0,1000.52,
2009,3,27,9,-0.61,86.11,136.0,443.25,57.0,230.12,1.36,355.0,1001.07,
2009,3,27,10,2.48,79.95,289.0,616.82,91.0,236.03,1.11,21.0,1001.62,
2009,3,27,11,5.56,73.8,425.0,681.24,122.0,241.95,0.86,48.0,1002.17,
2009,3,27,12,7.17,68.36,531.0,705.92,149.0,244.07,0.92,81.0,1002.11,
2009,3,27,13,8.77,62.91,618.0,793.7,139.0,246.18,0.99,115.0,1002.04,
2009,3,27,14,10.37,57.47,640.0,774.34,154.0,248.3,1.06,149.0,1001.98,
2009,3,27,15,10.61,56.41,617.0,753.43,156.0,248.02,1.14,160.0,1002.04,
2009,3,27,16,10.86,55.36,563.0,771.57,133.0,247.73,1.23,172.0,1002.11,
2009,3,27,17,11.1,54.3,444.0,656.49,137.0,247.45,1.31,184.0,1002.17,
2009,3,27,18,8.19,63.73,312.0,581.67,109.0,245.87,1.89,174.0,1002.69,
2009,3,27,19,5.28,73.15,169.0,491.75,66.0,244.28,2.48,164.0,1003.21,
2009,3,27,20,2.37,82.58,24.0,119.6,17.0,242.7,3.06,153.0,1003.73,
2009,3,27,21,1.4,85.11,0.0,0.0,0.0,241.85,2.97,160.0,1004.12,
2009,3,27,22,0.43,87.64,0.0,0.0,0.0,241.0,2.89,166.0,1004.51,
2009,3,27,23,-0.55,90.17,0.0,0.0,0.0,240.15,2.8,173.0,1004.91,
2009,3,28,0,-1.08,90.79,0.0,0.0,0.0,238.85,2.7,184.0,1005.07,
2009,3,28,1,-1.62,91.4,0.0,0.0,0.0,237.55,2.6,194.0,1005.23,
2009,3,28,2,-2.16,92.02,0.0,0.0,0.0,236.25,2.5,205.0,1005.39,
2009,3,28,3,-2.53,92.2,0.0,0.0,0.0,235.3,2.41,215.0,1005.62,
2009,3,28,4,-2.89,92.38,0.0,0.0,0.0,234.35,2.32,225.0,1005.85,
2009,3,28,5,-3.25,92.56,0.0,0.0,0.0,233.4,2.23,235.0,1006.08,
2009,3,28,6,-2.35,92.13,0.0,0.0,0.0,234.85,2.29,231.0,1006.6,
2009,3,28,7,-1.45,91.71,0.0,0.0,0.0,236.3,2.34,227.0,1007.12,
2009,3,28,8,-0.55,91.28,0.0,0.0,0.0,237.75,2.39,223.0,1007.64,
2009,3,28,9,2.08,84.98,112.0,189.72,77.0,241.88,2.21,220.0,1007.7,
2009,3,28,10,4.71,78.69,237.0,284.3,144.0,246.02,2.04,217.0,1007.77,
2009,3,28,11,7.34,72.39,399.0,523.6,163.0,250.15,1.86,213.0,1007.83,
2009,3,28,12,8.84,65.85,531.0,682.05,158.0,253.7,1.84,212.0,1007.57,
2009,3,28,13,10.34,59.31,628.0,811.12,134.0,257.25,1.83,210.0,1007.31,
2009,3,28,14,11.84,52.77,657.0,823.14,136.0,260.8,1.81,208.0,1007.05,
2009,3,28,15,11.91,51.81,644.0,846.06,122.0,263.47,1.73,205.0,1006.99,
2009,3,28,16,11.97,50.86,568.0,773.7,133.0,266.13,1.65,202.0,1006.92,
2009,3,28,17,12.04,49.9,470.0,768.36,107.0,268.8,1.57,199.0,1006.86,
2009,3,28,18,8.64,61.01,326.0,644.61,98.0,266.6,2.07,194.0,1007.31,
2009,3,28,19,5.24,72.11,175.0,518.39,64.0,264.4,2.57,189.0,1007.77,
2009,3,28,20,1.84,83.22,33.0,253.07,17.0,262.2,3.08,184.0,1008.22,
2009,3,28,21,1.02,85.76,0.0,0.0,0.0,260.97,2.99,194.0,1008.35,
2009,3,28,22,0.2,88.31,0.0,0.0,0.0,259.73,2.91,204.0,1008.48,
2009,3,28,23,-0.62,90.85,0.0,0.0,0.0,258.5,2.83,213.0,1008.61,
2009,3,29,0,-0.91,91.26,0.0,0.0,0.0,257.27,2.75,220.0,1008.71,
2009,3,29,1,-1.2,91.66,0.0,0.0,0.0,256.03,2.67,227.0,1008.81,
2009,3,29,2,-1.49,92.07,0.0,0.0,0.0,254.8,2.59,234.0,1008.9,
2009,3,29,3,-1.59,92.12,0.0,0.0,0.0,254.82,2.6,237.0,1009.03,
2009,3,29,4,-1.69,92.18,0.0,0.0,0.0,254.83,2.61,240.0,1009.16,
2009,3,29,5,-1.79,92.23,0.0,0.0,0.0,254.85,2.62,244.0,1009.29,
2009,3,29,6,-1.38,91.51,0.0,0.0,0.0,254.75,2.72,242.0,1009.49,
2009,3,29,7,-0.97,90.8,0.0,0.0,0.0,254.65,2.81,240.0,1009.68,
2009,3,29,8,-0.56,90.08,0.0,0.0,0.0,254.55,2.91,238.0,1009.88,
2009,3,29,9,1.64,83.4,159.0,576.82,49.0,256.45,2.97,237.0,1009.85,
2009,3,29,10,3.84,76.72,320.0,762.3,66.0,258.35,3.02,236.0,1009.81,
2009,3,29,11,6.03,70.04,453.0,770.85,101.0,260.25,3.08,235.0,1009.78,
2009,3,29,12,6.98,66.15,586.0,924.74,75.0,265.12,3.33,238.0,1009.33,
2009,3,29,13,7.92,62.26,661.0,943.83,81.0,269.98,3.59,240.0,1008.87,
2009,3,29,14,8.87,58.37,674.0,872.76,117.0,274.85,3.85,242.0,1008.42,
2009,3,29,15,9.02,56.17,671.0,946.88,82.0,277.55,3.72,245.0,1008.22,
2009,3,29,16,9.18,53.97,592.0,869.31,99.0,280.25,3.59,248.0,1008.03,
2009,3,29,17,9.33,51.77,485.0,829.86,89.0,282.95,3.46,250.0,1007.83,
2009,3,29,18,6.77,59.69,342.0,725.5,82.0,272.97,3.57,244.0,1008.06,
2009,3,29,19,4.2,67.6,182.0,543.95,63.0,262.98,3.68,237.0,1008.29,
2009,3,29,20,1.63,75.52,28.0,88.37,22.0,253.0,3.79,230.0,1008.51,
2009,3,29,21,1.12,78.29,0.0,0.0,0.0,251.0,3.75,234.0,1008.55,
2009,3,29,22,0.6,81.07,0.0,0.0,0.0,249.0,3.7,238.0,1008.58,
2009,3,29,23,0.09,83.84,0.0,0.0,0.0,247.0,3.66,243.0,1008.61,
2009,3,30,0,-0.21,85.4,0.0,0.0,0.0,245.78,3.62,246.0,1008.48,
2009,3,30,1,-0.5,86.97,0.0,0.0,0.0,244.57,3.59,249.0,1008.35,
2009,3,30,2,-0.79,88.53,0.0,0.0,0.0,243.35,3.56,252.0,1008.22,
2009,3,30,3,-1.04,89.48,0.0,0.0,0.0,242.4,3.51,254.0,1008.16,
2009,3,30,4,-1.29,90.43,0.0,0.0,0.0,241.45,3.46,255.0,1008.09,
2009,3,30,5,-1.54,91.38,0.0,0.0,0.0,240.5,3.41,257.0,1008.03,
2009,3,30,6,-1.08,90.86,0.0,0.0,0.0,240.5,3.34,254.0,1008.16,
2009,3,30,7,-0.62,90.33,0.0,0.0,0.0,240.5,3.28,252.0,1008.29,
2009,3,30,8,-0.16,89.81,2.0,0.0,2.0,240.5,3.21,250.0,1008.42,
2009,3,30,9,2.09,82.63,155.0,472.33,62.0,243.48,3.34,250.0,1008.06,
2009,3,30,10,4.34,75.46,309.0,630.79,95.0,246.47,3.47,250.0,1007.7,
2009,3,30,11,6.58,68.28,460.0,774.04,102.0,249.45,3.6,250.0,1007.34,
2009,3,30,12,8.87,59.3,584.0,879.54,93.0,250.85,3.93,250.0,1006.73,
2009,3,30,13,11.15,50.33,654.0,879.09,109.0,252.25,4.25,251.0,1006.11,
2009,3,30,14,13.44,41.35,701.0,974.47,74.0,253.65,4.58,251.0,1005.49,
2009,3,30,15,13.29,40.24,670.0,915.39,96.0,253.93,4.44,250.0,1004.94,
2009,3,30,16,13.15,39.13,601.0,886.42,94.0,254.22,4.3,249.0,1004.38,
2009,3,30,17,13.0,38.02,493.0,846.64,85.0,254.5,4.17,248.0,1003.83,
2009,3,30,18,10.7,46.52,349.0,741.02,80.0,253.63,3.91,243.0,1003.83,
2009,3,30,19,8.4,55.03,189.0,568.5,62.0,252.77,3.66,238.0,1003.83,
2009,3,30,20,6.1,63.53,32.0,124.04,23.0,251.9,3.41,233.0,1003.83,
2009,3,30,21,4.93,67.64,0.0,0.0,0.0,251.2,3.35,237.0,1003.73,
2009,3,30,22,3.75,71.74,0.0,0.0,0.0,250.5,3.3,240.0,1003.64,
2009,3,30,23,2.58,75.85,0.0,0.0,0.0,249.8,3.24,244.0,1003.54,
2009,3,31,0,1.83,78.24,0.0,0.0,0.0,248.38,3.16,246.0,1003.21,
2009,3,31,1,1.08,80.63,0.0,0.0,0.0,246.97,3.09,248.0,1002.89,
2009,3,31,2,0.34,83.02,0.0,0.0,0.0,245.55,3.01,251.0,1002.56,
2009,3,31,3,-0.03,84.07,0.0,0.0,0.0,244.82,2.93,248.0,1002.3,
2009,3,31,4,-0.39,85.13,0.0,0.0,0.0,244.08,2.86,246.0,1002.04,
2009,3,31,5,-0.75,86.18,0.0,0.0,0.0,243.35,2.79,244.0,1001.78,
2009,3,31,6,0.11,84.72,0.0,0.0,0.0,244.35,2.86,241.0,1001.65,
2009,3,31,7,0.97,83.26,0.0,0.0,0.0,245.35,2.94,238.0,1001.52,
2009,3,31,8,1.83,81.8,18.0,97.29,13.0,246.35,3.02,235.0,1001.39,
2009,3,31,9,4.44,73.85,153.0,398.9,72.0,249.53,3.14,234.0,1000.97,
2009,3,31,10,7.04,65.89,307.0,570.57,110.0,252.72,3.26,232.0,1000.55,
2009,3,31,11,9.65,57.94,451.0,687.54,129.0,255.9,3.38,230.0,1000.13,
2009,3,31,12,10.84,53.17,565.0,744.86,145.0,260.9,3.63,227.0,999.28,
2009,3,31,13,12.02,48.39,639.0,777.17,153.0,265.9,3.88,223.0,998.44,
2009,3,31,14,13.21,43.62,682.0,849.53,131.0,270.9,4.12,220.0,997.59,
2009,3,31,15,13.38,42.27,647.0,780.03,154.0,274.43,4.29,215.0,996.97,
2009,3,31,16,13.55,40.91,593.0,809.68,126.0,277.97,4.46,210.0,996.35,
2009,3,31,17,13.72,39.56,399.0,386.37,211.0,281.5,4.63,205.0,995.74,
2009,3,31,18,11.82,44.97,243.0,193.13,172.0,279.05,4.25,202.0,995.67,
2009,3,31,19,9.92,50.38,138.0,171.06,99.0,276.6,3.87,199.0,995.61,
2009,3,31,20,8.02,55.79,30.0,77.72,24.0,274.15,3.49,196.0,995.54,
2009,3,31,21,6.99,59.73,0.0,0.0,0.0,271.52,3.53,200.0,995.48,
2009,3,31,22,3.81,71.95,0.0,0.0,0.0,253.39,3.86,203.0,995.41,
2009,3,31,23,3.62,73.26,0.0,0.0,0.0,257.53,3.67,207.0,995.35,
2013,4,1,0,3.42,74.57,0.0,0.0,0.0,261.68,3.49,209.0,994.99,
2013,4,1,1,3.22,75.88,0.0,0.0,0.0,265.82,3.3,211.0,994.63,
2013,4,1,2,3.03,77.2,0.0,0.0,0.0,269.96,3.11,213.0,994.27,
2013,4,1,3,2.83,78.51,0.0,0.0,0.0,274.11,2.92,212.0,993.95,
2013,4,1,4,2.64,79.82,0.0,0.0,0.0,278.25,2.74,212.0,993.62,
2013,4,1,5,2.44,81.13,0.0,0.0,0.0,282.39,2.55,211.0,993.3,
2013,4,1,6,2.24,82.44,0.0,0.0,0.0,286.54,2.36,270.0,1005.46,
2013,4,1,7,2.05,83.75,0.0,0.0,0.0,290.68,2.17,264.0,1005.62,
2013,4,1,8,1.85,85.06,8.0,0.0,8.0,294.82,1.99,259.0,1005.78,
2013,4,1,9,1.66,86.37,66.0,9.56,64.0,298.97,1.8,242.0,1005.85,
2013,4,1,10,1.46,87.68,69.0,0.0,69.0,303.11,1.61,225.0,1005.91,
2013,4,1,11,1.26,89.0,89.0,0.0,89.0,307.25,1.42,208.0,1005.98,
2013,4,1,12,1.07,90.31,96.0,0.0,96.0,311.4,1.24,207.0,1005.75,
2013,4,1,13,0.87,91.62,107.0,0.0,107.0,315.54,1.05,207.0,1005.52,
2013,4,1,14,3.85,76.77,163.0,0.0,163.0,305.25,1.94,207.0,1005.3,
2013,4,1,15,4.09,74.41,224.0,3.14,222.0,309.63,2.09,206.0,1005.0,
2013,4,1,16,4.33,72.05,145.0,0.0,145.0,314.02,2.23,206.0,1004.71,
2013,4,1,17,4.57,69.69,113.0,0.0,113.0,318.4,2.37,205.0,1004.42,
2013,4,1,18,3.93,70.0,167.0,34.93,154.0,309.38,2.82,204.0,1004.19,
2013,4,1,19,3.28,70.3,46.0,0.0,46.0,300.37,3.27,204.0,1003.96,
2013,4,1,20,2.64,70.61,15.0,0.0,15.0,291.35,3.72,203.0,1003.73,
2013,4,1,21,2.28,70.71,0.0,0.0,0.0,284.02,3.64,208.0,1003.6,
2013,4,1,22,1.93,70.81,0.0,0.0,0.0,276.68,3.56,214.0,1003.47,
2013,4,1,23,1.58,70.91,0.0,0.0,0.0,269.35,3.48,219.0,1003.34,
2013,4,2,0,1.17,70.82,0.0,0.0,0.0,263.67,3.55,224.0,1003.25,
2013,4,2,1,0.77,70.74,0.0,0.0,0.0,257.98,3.63,228.0,1003.15,
2013,4,2,2,0.37,70.65,0.0,0.0,0.0,252.3,3.71,233.0,1003.05,
2013,4,2,3,0.15,70.57,0.0,0.0,0.0,249.52,3.79,237.0,1003.12,
2013,4,2,4,-0.06,70.49,0.0,0.0,0.0,246.73,3.87,240.0,1003.18,
2013,4,2,5,-0.28,70.41,0.0,0.0,0.0,243.95,3.94,243.0,1003.25,
2013,4,2,6,0.41,69.78,0.0,0.0,0.0,241.65,3.6,244.0,1003.21,
2013,4,2,7,1.11,69.15,0.0,0.0,0.0,239.35,3.26,244.0,1003.18,
2013,4,2,8,1.8,68.52,8.0,0.0,8.0,237.05,2.91,244.0,1003.15,
2013,4,2,9,3.62,62.82,79.0,18.58,75.0,235.88,3.02,244.0,1002.82,
2013,4,2,10,5.45,57.11,124.0,5.6,122.0,234.72,3.13,244.0,1002.5,
2013,4,2,11,7.27,51.41,216.0,29.18,202.0,233.55,3.24,243.0,1002.17,
2013,4,2,12,8.3,48.14,275.0,34.79,255.0,235.03,3.39,242.0,1001.65,
2013,4,2,13,9.34,44.87,349.0,67.61,306.0,236.52,3.54,241.0,1001.13,
2013,4,2,14,10.37,41.6,357.0,62.24,316.0,238.0,3.7,240.0,1000.61,
2013,4,2,15,10.04,42.14,364.0,79.46,313.0,239.1,3.88,238.0,1000.35,
2013,4,2,16,9.71,42.67,301.0,51.17,271.0,240.2,4.06,235.0,1000.09,
2013,4,2,17,9.38,43.21,259.0,60.5,229.0,241.3,4.23,233.0,999.83,
2013,4,2,18,7.54,46.06,173.0,39.81,158.0,238.18,4.33,234.0,1000.0,
2013,4,2,19,5.69,48.9,92.0,25.3,86.0,235.07,4.43,236.0,1000.16,
2013,4,2,20,3.85,51.75,24.0,11.57,23.0,231.95,4.52,238.0,1000.32,
2013,4,2,21,3.04,54.09,0.0,0.0,0.0,230.15,4.53,240.0,1000.52,
2013,4,2,22,2.24,56.42,0.0,0.0,0.0,228.35,4.53,241.0,1000.71,
2013,4,2,23,1.44,58.76,0.0,0.0,0.0,226.55,4.54,242.0,1000.91,
2013,4,3,0,0.82,61.17,0.0,0.0,0.0,225.7,4.66,242.0,1000.84,
2013,4,3,1,0.2,63.57,0.0,0.0,0.0,224.85,4.79,242.0,1000.78,
2013,4,3,2,-0.41,65.98,0.0,0.0,0.0,224.0,4.91,242.0,1000.71,
2013,4,3,3,-0.64,68.06,0.0,0.0,0.0,223.72,4.75,241.0,1000.58,
2013,4,3,4,-0.86,70.14,0.0,0.0,0.0,223.43,4.6,240.0,1000.45,
2013,4,3,5,-1.09,72.22,0.0,0.0,0.0,223.15,4.44,239.0,1000.32,
2013,4,3,6,-0.23,71.75,0.0,0.0,0.0,223.97,3.96,239.0,1000.09,
2013,4,3,7,0.62,71.28,0.0,0.0,0.0,224.78,3.49,239.0,999.87,
2013,4,3,8,1.48,70.81,13.0,0.0,13.0,225.6,3.01,239.0,999.64,
2013,4,3,9,3.51,65.64,50.0,0.0,50.0,229.17,3.01,240.0,999.31,
2013,4,3,10,5.54,60.48,63.0,0.0,63.0,232.73,3.01,241.0,998.99,
2013,4,3,11,7.57,55.31,116.0,0.0,116.0,236.3,3.01,242.0,998.66,
2013,4,3,12,8.59,52.77,179.0,0.0,179.0,239.02,3.09,243.0,998.11,
2013,4,3,13,9.6,50.23,128.0,0.0,128.0,241.73,3.16,244.0,997.56,
2013,4,3,14,10.62,47.69,106.0,0.0,106.0,244.45,3.24,245.0,997.0,
2013,4,3,15,9.92,49.69,193.0,0.0,193.0,246.42,3.28,251.0,996.91,
2013,4,3,16,9.22,51.69,202.0,1.69,201.0,248.38,3.32,257.0,996.81,
2013,4,3,17,8.52,53.69,196.0,11.99,190.0,250.35,3.37,262.0,996.71,
2013,4,3,18,6.66,59.34,86.0,0.0,86.0,252.58,3.53,285.0,997.46,
2013,4,3,19,4.81,65.0,56.0,0.0,56.0,254.82,3.69,307.0,998.21,
2013,4,3,20,2.95,70.65,13.0,0.0,13.0,257.05,3.85,329.0,998.96,
2013,4,3,21,2.55,73.44,0.0,0.0,0.0,259.35,3.72,347.0,999.8,
2013,4,3,22,2.15,76.22,0.0,0.0,0.0,261.65,3.6,5.0,1000.65,
2013,4,3,23,1.76,79.01,0.0,0.0,0.0,263.95,3.48,23.0,1001.49,
2013,4,4,0,1.16,81.04,0.0,0.0,0.0,262.9,3.16,31.0,1002.08,
2013,4,4,1,0.57,83.06,0.0,0.0,0.0,261.85,2.85,39.0,1002.66,
2013,4,4,2,-0.02,85.09,0.0,0.0,0.0,260.8,2.54,47.0,1003.25,
2013,4,4,3,-0.56,86.34,0.0,0.0,0.0,259.75,2.89,53.0,1003.6,
2013,4,4,4,-1.09,87.59,0.0,0.0,0.0,258.7,3.25,59.0,1003.96,
2013,4,4,5,-1.62,88.84,0.0,0.0,0.0,257.65,3.6,64.0,1004.32,
2013,4,4,6,-1.16,88.87,0.0,0.0,0.0,259.12,3.05,72.0,1004.87,
2013,4,4,7,-0.71,88.89,0.0,0.0,0.0,260.58,2.51,80.0,1005.43,
2013,4,4,8,-0.25,88.92,3.0,0.0,3.0,262.05,1.96,88.0,1005.98,
2013,4,4,9,1.09,83.82,36.0,0.0,36.0,263.42,2.17,96.0,1005.85,
2013,4,4,10,2.42,78.73,67.0,0.0,67.0,264.78,2.38,104.0,1005.72,
2013,4,4,11,3.75,73.63,123.0,0.0,123.0,266.15,2.59,111.0,1005.59,
2013,4,4,12,4.77,70.27,152.0,0.0,152.0,261.43,2.51,119.0,1005.07,
2013,4,4,13,5.79,66.9,221.0,1.55,220.0,256.72,2.43,127.0,1004.55,
2013,4,4,14,6.81,63.54,157.0,0.0,157.0,252.0,2.34,135.0,1004.03,
2013,4,4,15,6.96,62.32,115.0,0.0,115.0,252.13,2.29,142.0,1003.57,
2013,4,4,16,7.1,61.11,136.0,0.0,136.0,252.27,2.24,148.0,1003.12,
2013,4,4,17,7.25,59.89,96.0,0.0,96.0,252.4,2.19,155.0,1002.66,
2013,4,4,18,5.16,66.17,61.0,0.0,61.0,252.22,2.87,160.0,1002.56,
2013,4,4,19,3.07,72.45,40.0,0.0,40.0,252.03,3.55,166.0,1002.47,
2013,4,4,20,0.98,78.73,8.0,0.0,8.0,251.85,4.23,171.0,1002.37,
2013,4,4,21,0.69,80.85,0.0,0.0,0.0,251.18,4.29,178.0,1002.21,
2013,4,4,22,0.4,82.98,0.0,0.0,0.0,250.52,4.34,184.0,1002.04,
2013,4,4,23,0.11,85.1,0.0,0.0,0.0,249.85,4.4,190.0,1001.88,
2013,4,5,0,-0.03,86.52,0.0,0.0,0.0,249.3,4.27,195.0,1001.39,
2013,4,5,1,-0.17,87.95,0.0,0.0,0.0,248.75,4.14,200.0,1000.91,
2013,4,5,2,-0.31,89.37,0.0,0.0,0.0,248.2,4.01,205.0,1000.42,
2013,4,5,3,-0.11,90.48,0.0,0.0,0.0,248.22,4.05,208.0,1000.22,
2013,4,5,4,0.1,91.59,0.0,0.0,0.0,248.23,4.08,211.0,1000.03,
2013,4,5,5,0.3,92.7,0.0,0.0,0.0,248.25,4.11,215.0,999.83,
2013,4,5,6,1.57,92.28,0.0,0.0,0.0,251.78,3.72,217.0,999.48,
2013,4,5,7,2.84,91.87,0.0,0.0,0.0,255.32,3.33,220.0,999.12,
2013,4,5,8,4.11,91.45,4.0,0.0,4.0,258.85,2.94,223.0,998.76,
2013,4,5,9,6.28,84.39,43.0,0.0,43.0,262.65,3.03,223.0,998.37,
2013,4,5,10,8.46,77.32,139.0,10.67,135.0,266.45,3.12,223.0,997.98,
2013,4,5,11,10.63,70.26,298.0,116.75,240.0,270.25,3.21,223.0,997.59,
2013,4,5,12,11.98,65.9,374.0,137.01,293.0,274.4,3.35,221.0,996.87,
2013,4,5,13,13.34,61.53,479.0,242.5,321.0,278.55,3.49,219.0,996.16,
2013,4,5,14,14.69,57.17,510.0,268.67,329.0,282.7,3.63,217.0,995.44,
2013,4,5,15,14.29,57.1,523.0,330.71,306.0,283.65,3.66,214.0,994.92,
2013,4,5,16,13.89,57.03,457.0,286.61,285.0,284.6,3.7,211.0,994.4,
2013,4,5,17,13.49,56.96,342.0,186.49,247.0,285.55,3.74,208.0,993.88,
2013,4,5,18,11.49,62.34,219.0,99.95,180.0,280.77,4.09,206.0,993.75,
2013,4,5,19,9.5,67.71,128.0,83.8,107.0,275.98,4.45,203.0,993.62,
2013,4,5,20,7.5,73.09,20.0,0.0,20.0,271.2,4.8,200.0,993.49,
2013,4,5,21,7.25,74.21,0.0,0.0,0.0,269.85,4.67,202.0,993.23,
2013,4,5,22,7.0,75.32,0.0,0.0,0.0,268.5,4.54,203.0,992.97,
2013,4,5,23,6.76,76.44,0.0,0.0,0.0,267.15,4.41,205.0,992.71,
2013,4,6,0,6.6,76.78,0.0,0.0,0.0,267.85,4.52,206.0,992.16,
2013,4,6,1,6.44,77.11,0.0,0.0,0.0,268.55,4.63,207.0,991.61,
2013,4,6,2,6.29,77.45,0.0,0.0,0.0,269.25,4.74,208.0,991.06,
2013,4,6,3,6.25,77.05,0.0,0.0,0.0,268.48,4.66,209.0,990.63,
2013,4,6,4,6.22,76.65,0.0,0.0,0.0,267.72,4.57,209.0,990.21,
2013,4,6,5,6.18,76.25,0.0,0.0,0.0,266.95,4.48,209.0,989.79,
2013,4,6,6,6.88,73.49,0.0,0.0,0.0,271.42,4.4,210.0,989.46,
2013,4,6,7,7.58,70.73,0.0,0.0,0.0,275.88,4.31,210.0,989.14,
2013,4,6,8,8.28,67.97,5.0,0.0,5.0,280.35,4.22,211.0,988.81,
2013,4,6,9,9.63,63.07,17.0,0.0,17.0,284.22,4.1,210.0,988.55,
2013,4,6,10,10.98,58.18,121.0,2.63,120.0,288.08,3.98,210.0,988.29,
2013,4,6,11,12.33,53.28,118.0,0.0,118.0,291.95,3.86,209.0,988.03,
2013,4,6,12,13.44,49.97,149.0,0.0,149.0,294.55,4.2,207.0,987.41,
2013,4,6,13,14.56,46.67,290.0,19.8,277.0,297.15,4.54,205.0,986.8,
2013,4,6,14,15.67,43.36,219.0,1.47,218.0,299.75,4.88,204.0,986.18,
2013,4,6,15,15.5,43.25,201.0,0.0,201.0,300.23,4.62,201.0,985.63,
2013,4,6,16,15.32,43.14,266.0,19.85,254.0,300.72,4.35,199.0,985.07,
2013,4,6,17,15.15,43.03,297.0,97.31,247.0,301.2,4.08,196.0,984.52,
2013,4,6,18,13.39,47.83,148.0,10.14,144.0,299.1,4.42,195.0,984.36,
2013,4,6,19,11.62,52.62,112.0,43.13,101.0,297.0,4.75,194.0,984.2,
2013,4,6,20,9.86,57.42,25.0,0.0,25.0,294.9,5.09,192.0,984.03,
2013,4,6,21,9.38,59.43,0.0,0.0,0.0,295.73,4.94,194.0,983.94,
2013,4,6,22,8.9,61.44,0.0,0.0,0.0,296.57,4.8,195.0,983.84,
2013,4,6,23,8.42,63.45,0.0,0.0,0.0,297.4,4.65,196.0,983.74,
2013,4,7,0,7.98,64.36,0.0,0.0,0.0,299.58,4.51,197.0,983.32,
2013,4,7,1,7.54,65.26,0.0,0.0,0.0,301.77,4.38,198.0,982.89,
2013,4,7,2,7.11,66.17,0.0,0.0,0.0,303.95,4.25,199.0,982.47,
2013,4,7,3,6.82,67.27,0.0,0.0,0.0,307.17,4.14,201.0,982.31,
2013,4,7,4,6.53,68.38,0.0,0.0,0.0,310.38,4.04,203.0,982.15,
2013,4,7,5,6.24,69.48,0.0,0.0,0.0,313.6,3.93,205.0,981.98,
2013,4,7,6,6.4,69.18,0.0,0.0,0.0,314.27,4.2,202.0,981.82,
2013,4,7,7,6.56,68.89,0.0,0.0,0.0,314.93,4.47,200.0,981.66,
2013,4,7,8,6.72,68.59,5.0,0.0,5.0,315.6,4.74,198.0,981.5,
2013,4,7,9,8.53,63.95,42.0,0.0,42.0,313.3,4.69,199.0,981.2,
2013,4,7,10,10.35,59.3,261.0,214.94,178.0,311.0,4.64,200.0,980.91,
2013,4,7,11,12.16,54.66,303.0,114.22,245.0,308.7,4.59,200.0,980.62,
2013,4,7,12,13.1,54.26,395.0,157.88,300.0,312.07,4.68,204.0,980.36,
2013,4,7,13,14.03,53.87,613.0,571.32,235.0,315.43,4.76,209.0,980.1,
2013,4,7,14,14.97,53.47,495.0,225.36,341.0,318.8,4.84,213.0,979.84,
2013,4,7,15,14.34,56.55,493.75,390.11,234.15,322.88,4.79,219.0,979.97,
2013,4,7,16,13.72,59.62,579.0,638.6,190.0,326.97,4.73,224.0,980.1,
2013,4,7,17,13.09,62.7,463.0,536.42,185.0,331.05,4.68,230.0,980.23,
2013,4,7,18,10.54,68.73,296.0,300.77,176.0,318.98,4.46,236.0,980.68,
2013,4,7,19,7.99,74.76,54.0,0.0,54.0,306.92,4.25,243.0,981.14,
2013,4,7,20,5.44,80.79,58.0,174.06,39.0,294.85,4.04,249.0,981.59,
2013,4,7,21,5.06,82.95,0.0,0.0,0.0,286.4,3.84,253.0,982.5,
2013,4,7,22,4.68,85.1,0.0,0.0,0.0,277.95,3.64,257.0,983.41,
2013,4,7,23,4.3,87.26,0.0,0.0,0.0,269.5,3.43,261.0,984.33,
2013,4,8,0,3.85,87.67,0.0,0.0,0.0,267.43,3.38,262.0,984.81,
2013,4,8,1,3.4,88.07,0.0,0.0,0.0,265.37,3.33,262.0,985.3,
2013,4,8,2,2.95,88.48,0.0,0.0,0.0,263.3,3.28,263.0,985.79,
2013,4,8,3,2.98,87.78,0.0,0.0,0.0,273.82,3.2,263.0,986.34,
2013,4,8,4,3.02,87.08,0.0,0.0,0.0,284.33,3.12,263.0,986.89,
2013,4,8,5,3.06,86.38,0.0,0.0,0.0,294.85,3.03,263.0,987.45,
2013,4,8,6,2.88,87.5,0.0,0.0,0.0,284.82,2.8,261.0,987.97,
2013,4,8,7,2.69,88.63,0.0,0.0,0.0,274.78,2.56,260.0,988.49,
2013,4,8,8,2.51,89.75,39.0,59.8,33.0,264.75,2.32,258.0,989.01,
2013,4,8,9,3.8,84.93,167.0,243.06,106.0,265.95,2.19,255.0,989.14,
2013,4,8,10,5.08,80.12,293.0,311.4,171.0,267.15,2.07,251.0,989.27,
2013,4,8,11,6.37,75.3,353.0,204.6,248.0,268.35,1.94,248.0,989.4,
2013,4,8,12,7.21,72.44,516.0,431.69,254.0,274.0,2.11,234.0,988.94,
2013,4,8,13,8.06,69.59,499.0,259.53,326.0,279.65,2.29,220.0,988.49,
2013,4,8,14,8.9,66.73,406.0,93.01,342.0,285.3,2.46,205.0,988.03,
2013,4,8,15,9.58,65.53,551.0,370.13,303.0,290.58,2.7,193.0,987.32,
2013,4,8,16,10.26,64.34,404.0,159.72,306.0,295.87,2.95,181.0,986.6,
2013,4,8,17,10.94,63.14,434.0,413.31,218.0,301.15,3.2,169.0,985.89,
2013,4,8,18,10.64,66.09,285.0,250.43,184.0,304.65,3.25,170.0,984.94,
2013,4,8,19,10.34,69.05,157.0,159.2,115.0,308.15,3.29,172.0,984.0,
2013,4,8,20,10.04,72.0,39.0,26.4,36.0,311.65,3.34,173.0,983.06,
2013,4,8,21,10.6,68.38,0.0,0.0,0.0,311.72,4.18,183.0,982.89,
2013,4,8,22,11.17,64.77,0.0,0.0,0.0,311.78,5.03,193.0,982.73,
2013,4,8,23,11.74,61.15,0.0,0.0,0.0,311.85,5.88,203.0,982.57,
2013,4,9,0,11.32,59.17,0.0,0.0,0.0,309.17,5.19,207.0,982.57,
2013,4,9,1,10.9,57.2,0.0,0.0,0.0,306.48,4.5,211.0,982.57,
2013,4,9,2,10.49,55.22,0.0,0.0,0.0,303.8,3.81,215.0,982.57,
2013,4,9,3,9.18,58.56,0.0,0.0,0.0,300.28,3.62,221.0,983.09,
2013,4,9,4,7.88,61.9,0.0,0.0,0.0,296.77,3.44,227.0,983.61,
2013,4,9,5,6.58,65.24,0.0,0.0,0.0,293.25,3.26,233.0,984.13,
2013,4,9,6,5.81,71.53,0.0,0.0,0.0,290.25,3.4,268.0,985.2,
2013,4,9,7,5.03,77.81,0.0,0.0,0.0,287.25,3.55,303.0,986.28,
2013,4,9,8,4.26,84.1,25.0,0.0,25.0,284.25,3.7,338.0,987.35,
2013,4,9,9,5.11,80.97,55.0,0.0,55.0,286.0,4.3,347.0,988.42,
2013,4,9,10,5.97,77.83,200.0,60.4,176.0,287.75,4.9,355.0,989.49,
2013,4,9,11,6.82,74.7,191.0,5.79,188.0,289.5,5.5,3.0,990.57,
2013,4,9,12,6.88,73.83,170.0,0.0,170.0,292.73,5.72,9.0,991.28,
2013,4,9,13,6.93,72.97,301.0,20.85,287.0,295.97,5.94,14.0,992.0,
2013,4,9,14,6.99,72.1,401.0,85.16,342.0,299.2,6.17,19.0,992.71,
2013,4,9,15,6.36,73.21,456.0,171.97,340.0,298.38,6.24,22.0,993.2,
2013,4,9,16,5.73,74.32,363.0,97.09,303.0,297.57,6.31,25.0,993.69,
2013,4,9,17,5.1,75.43,280.0,66.42,245.0,296.75,6.39,28.0,994.18,
2013,4,9,18,3.76,78.58,227.0,95.68,188.0,285.68,6.06,31.0,994.99,
2013,4,9,19,2.43,81.72,78.0,3.73,77.0,274.62,5.74,35.0,995.8,
2013,4,9,20,1.09,84.87,20.0,0.0,20.0,263.55,5.42,39.0,996.61,
2013,4,9,21,0.85,85.08,0.0,0.0,0.0,260.77,5.55,43.0,996.91,
2013,4,9,22,0.61,85.3,0.0,0.0,0.0,257.98,5.69,47.0,997.2,
2013,4,9,23,0.38,85.51,0.0,0.0,0.0,255.2,5.82,51.0,997.49,
2013,4,10,0,0.2,84.49,0.0,0.0,0.0,255.15,5.76,54.0,997.33,
2013,4,10,1,0.03,83.48,0.0,0.0,0.0,255.1,5.69,56.0,997.17,
2013,4,10,2,-0.14,82.46,0.0,0.0,0.0,255.05,5.63,59.0,997.0,
2013,4,10,3,-0.16,81.5,0.0,0.0,0.0,256.13,5.21,61.0,996.61,
2013,4,10,4,-0.18,80.54,0.0,0.0,0.0,257.22,4.79,63.0,996.22,
2013,4,10,5,-0.2,79.58,0.0,0.0,0.0,258.3,4.37,65.0,995.83,
2013,4,10,6,-0.03,78.56,0.0,0.0,0.0,259.72,4.36,66.0,995.7,
2013,4,10,7,0.14,77.54,0.0,0.0,0.0,261.13,4.35,67.0,995.57,
2013,4,10,8,0.31,76.52,25.0,0.0,25.0,262.55,4.34,68.0,995.44,
2013,4,10,9,1.71,73.52,91.0,11.43,88.0,267.87,4.42,70.0,994.79,
2013,4,10,10,3.11,70.53,102.0,0.0,102.0,273.18,4.49,73.0,994.14,
2013,4,10,11,4.51,67.53,215.0,15.27,207.0,278.5,4.57,75.0,993.49,
2013,4,10,12,5.95,63.53,322.0,55.1,288.0,278.83,4.39,78.0,992.65,
2013,4,10,13,7.4,59.53,412.0,109.42,338.0,279.17,4.22,81.0,991.8,
2013,4,10,14,8.84,55.53,299.0,15.77,288.0,279.5,4.04,84.0,990.96,
2013,4,10,15,9.5,54.68,305.0,22.09,290.0,275.98,3.48,85.0,990.27,
2013,4,10,16,10.17,53.82,271.0,19.28,259.0,272.47,2.92,86.0,989.59,
2013,4,10,17,10.83,52.97,235.0,24.47,222.0,268.95,2.36,87.0,988.91,
2013,4,10,18,7.48,62.11,154.0,9.71,150.0,266.02,2.41,71.0,988.97,
2013,4,10,19,4.13,71.24,89.0,7.34,87.0,263.08,2.46,55.0,989.04,
2013,4,10,20,0.78,80.38,24.0,0.0,24.0,260.15,2.51,39.0,989.1,
2013,4,10,21,-0.14,83.42,0.0,0.0,0.0,259.77,2.42,37.0,989.14,
2013,4,10,22,-1.06,86.45,0.0,0.0,0.0,259.38,2.33,35.0,989.17,
2013,4,10,23,-1.98,89.49,0.0,0.0,0.0,259.0,2.23,33.0,989.2,
2013,4,11,0,-2.9,90.54,0.0,0.0,0.0,258.33,2.15,28.0,989.1,
2013,4,11,1,-3.82,91.6,0.0,0.0,0.0,257.67,2.06,24.0,989.01,
2013,4,11,2,-4.73,92.65,0.0,0.0,0.0,257.0,1.97,19.0,988.91,
2013,4,11,3,-5.2,92.68,0.0,0.0,0.0,255.6,2.38,14.0,989.01,
2013,4,11,4,-5.66,92.72,0.0,0.0,0.0,254.2,2.78,9.0,989.1,
2013,4,11,5,-6.13,92.75,0.0,0.0,0.0,252.8,3.19,4.0,989.2,
2013,4,11,6,-4.98,90.01,0.0,0.0,0.0,250.07,3.04,359.0,989.95,
2013,4,11,7,-3.84,87.26,0.0,0.0,0.0,247.33,2.89,355.0,990.7,
2013,4,11,8,-2.69,84.52,6.0,0.0,6.0,244.6,2.74,351.0,991.45,
2013,4,11,9,-0.11,78.38,53.0,0.0,53.0,247.83,2.8,354.0,991.45,
2013,4,11,10,2.47,72.24,140.0,4.9,138.0,251.07,2.86,357.0,991.45,
2013,4,11,11,5.05,66.1,237.0,26.46,223.0,254.3,2.91,0.0,991.45,
2013,4,11,12,5.79,64.51,514.0,385.78,274.0,262.05,2.99,4.0,991.38,
2013,4,11,13,6.54,62.91,576.0,409.63,297.0,269.8,3.07,7.0,991.32,
2013,4,11,14,7.28,61.32,542.0,287.75,340.0,277.55,3.14,10.0,991.25,
2013,4,11,15,6.91,62.04,478.0,197.54,343.0,281.68,3.45,12.0,991.45,
2013,4,11,16,6.54,62.76,487.0,306.41,295.0,285.82,3.75,15.0,991.64,
2013,4,11,17,6.17,63.48,226.0,18.68,216.0,289.95,4.06,17.0,991.84,
2013,4,11,18,4.67,67.23,166.0,16.82,159.0,288.67,4.11,21.0,992.75,
2013,4,11,19,3.16,70.99,80.0,3.61,79.0,287.38,4.17,25.0,993.66,
2013,4,11,20,1.66,74.74,22.0,0.0,22.0,286.1,4.22,29.0,994.57,
2013,4,11,21,0.89,76.22,0.0,0.0,0.0,283.55,4.37,31.0,994.99,
2013,4,11,22,0.13,77.71,0.0,0.0,0.0,281.0,4.52,32.0,995.41,
2013,4,11,23,-0.63,79.19,0.0,0.0,0.0,278.45,4.68,34.0,995.83,
2013,4,12,0,-1.29,80.05,0.0,0.0,0.0,278.18,4.23,32.0,995.93,
2013,4,12,1,-1.95,80.9,0.0,0.0,0.0,277.92,3.78,29.0,996.03,
2013,4,12,2,-2.6,81.76,0.0,0.0,0.0,277.65,3.34,27.0,996.13,
2013,4,12,3,-2.76,81.86,0.0,0.0,0.0,281.25,3.46,26.0,996.22,
2013,4,12,4,-2.91,81.96,0.0,0.0,0.0,284.85,3.58,26.0,996.32,
2013,4,12,5,-3.06,82.06,0.0,0.0,0.0,288.45,3.7,25.0,996.42,
2013,4,12,6,-2.58,80.63,0.0,0.0,0.0,286.88,3.85,26.0,996.68,
2013,4,12,7,-2.1,79.2,0.0,0.0,0.0,285.32,4.01,27.0,996.94,
2013,4,12,8,-1.62,77.77,7.0,0.0,7.0,283.75,4.17,28.0,997.2,
2013,4,12,9,-0.93,75.06,27.0,0.0,27.0,286.82,3.9,29.0,997.26,
2013,4,12,10,-0.24,72.35,50.0,0.0,50.0,289.88,3.64,30.0,997.33,
2013,4,12,11,0.45,69.64,80.0,0.0,80.0,292.95,3.38,30.0,997.39,
2013,4,12,12,1.17,68.07,125.0,0.0,125.0,287.53,3.27,33.0,997.07,
2013,4,12,13,1.9,66.5,142.0,0.0,142.0,282.12,3.16,36.0,996.74,
2013,4,12,14,2.62,64.93,143.0,0.0,143.0,276.7,3.05,38.0,996.42,
2013,4,12,15,3.06,62.16,89.0,0.0,89.0,268.83,2.94,39.0,996.26,
2013,4,12,16,3.49,59.38,110.0,0.0,110.0,260.97,2.83,40.0,996.09,
2013,4,12,17,3.93,56.61,92.0,0.0,92.0,253.1,2.72,41.0,995.93,
2013,4,12,18,2.81,59.9,147.0,4.76,145.0,252.15,2.46,40.0,996.58,
2013,4,12,19,1.68,63.18,85.0,3.56,84.0,251.2,2.21,39.0,997.23,
2013,4,12,20,0.56,66.47,38.0,7.61,37.0,250.25,1.96,38.0,997.88,
2013,4,12,21,0.22,68.27,0.0,0.0,0.0,261.02,2.06,42.0,998.18,
2013,4,12,22,-0.12,70.08,0.0,0.0,0.0,271.78,2.16,46.0,998.47,
2013,4,12,23,-0.45,71.88,0.0,0.0,0.0,282.55,2.26,50.0,998.76,
2013,4,13,0,-0.74,73.21,0.0,0.0,0.0,286.63,2.32,51.0,998.66,
2013,4,13,1,-1.03,74.53,0.0,0.0,0.0,290.72,2.37,52.0,998.57,
2013,4,13,2,-1.31,75.86,0.0,0.0,0.0,294.8,2.43,54.0,998.47,
2013,4,13,3,-1.27,76.75,0.0,0.0,0.0,295.58,2.49,51.0,998.5,
2013,4,13,4,-1.23,77.65,0.0,0.0,0.0,296.37,2.55,48.0,998.53,
2013,4,13,5,-1.19,78.54,0.0,0.0,0.0,297.15,2.61,45.0,998.57,
2013,4,13,6,-1.18,78.06,0.0,0.0,0.0,297.5,2.79,47.0,998.92,
2013,4,13,7,-1.18,77.59,0.0,0.0,0.0,297.85,2.97,49.0,999.28,
2013,4,13,8,-1.17,77.11,30.0,0.0,30.0,298.2,3.16,50.0,999.64,
2013,4,13,9,-0.5,74.19,65.0,0.0,65.0,300.17,3.43,53.0,999.67,
2013,4,13,10,0.16,71.26,121.0,0.0,121.0,302.13,3.7,55.0,999.7,
2013,4,13,11,0.82,68.34,217.0,12.98,210.0,304.1,3.97,58.0,999.74,
2013,4,13,12,1.5,66.19,169.0,0.0,169.0,305.82,4.1,58.0,999.41,
2013,4,13,13,2.19,64.03,173.0,0.0,173.0,307.53,4.23,57.0,999.09,
2013,4,13,14,2.87,61.88,156.0,0.0,156.0,309.25,4.36,57.0,998.76,
2013,4,13,15,3.02,61.32,170.0,0.0,170.0,307.17,4.38,56.0,998.47,
2013,4,13,16,3.18,60.76,123.0,0.0,123.0,305.08,4.4,56.0,998.18,
2013,4,13,17,3.33,60.2,86.0,0.0,86.0,303.0,4.43,56.0,997.88,
2013,4,13,18,2.74,61.52,63.0,0.0,63.0,299.85,4.22,52.0,998.21,
2013,4,13,19,2.15,62.85,61.0,0.0,61.0,296.7,4.0,48.0,998.53,
2013,4,13,20,1.56,64.17,18.0,0.0,18.0,293.55,3.79,45.0,998.86,
2013,4,13,21,1.17,64.57,0.0,0.0,0.0,294.32,4.0,44.0,998.89,
2013,4,13,22,0.78,64.97,0.0,0.0,0.0,295.08,4.21,43.0,998.92,
2013,4,13,23,0.39,65.37,0.0,0.0,0.0,295.85,4.41,42.0,998.96,
2013,4,14,0,0.04,65.8,0.0,0.0,0.0,296.65,4.56,40.0,998.79,
2013,4,14,1,-0.31,66.22,0.0,0.0,0.0,297.45,4.71,37.0,998.63,
2013,4,14,2,-0.65,66.65,0.0,0.0,0.0,298.25,4.86,35.0,998.47,
2013,4,14,3,-0.8,67.63,0.0,0.0,0.0,292.0,4.78,32.0,998.4,
2013,4,14,4,-0.95,68.61,0.0,0.0,0.0,285.75,4.71,29.0,998.34,
2013,4,14,5,-1.1,69.59,0.0,0.0,0.0,279.5,4.63,26.0,998.27,
2013,4,14,6,-0.79,69.06,0.0,0.0,0.0,282.7,4.98,25.0,998.14,
2013,4,14,7,-0.49,68.53,0.0,0.0,0.0,285.9,5.33,24.0,998.01,
2013,4,14,8,-0.18,68.0,8.0,0.0,8.0,289.1,5.68,24.0,997.88,
2013,4,14,9,0.88,63.1,41.0,0.0,41.0,291.1,6.38,28.0,997.79,
2013,4,14,10,1.94,58.21,136.0,2.36,135.0,293.1,7.07,33.0,997.69,
2013,4,14,11,3.0,53.31,216.0,11.02,210.0,295.1,7.77,38.0,997.59,
2013,4,14,12,3.75,50.56,313.0,39.26,288.0,295.8,7.65,37.0,997.36,
2013,4,14,13,4.51,47.81,378.0,63.31,334.0,296.5,7.53,36.0,997.13,
2013,4,14,14,5.26,45.06,549.0,280.98,348.0,297.2,7.41,35.0,996.91,
2013,4,14,15,5.17,44.51,516.0,247.02,344.0,299.0,7.29,35.0,996.97,
2013,4,14,16,5.07,43.97,420.0,156.45,320.0,300.8,7.17,36.0,997.04,
2013,4,14,17,4.98,43.42,249.0,27.38,234.0,302.6,7.05,37.0,997.1,
2013,4,14,18,4.16,44.69,174.0,16.33,167.0,299.95,6.09,36.0,997.52,
2013,4,14,19,3.34,45.96,101.0,10.36,98.0,297.3,5.14,35.0,997.95,
2013,4,14,20,2.52,47.23,60.0,64.26,51.0,294.65,4.18,34.0,998.37,
2013,4,14,21,1.9,48.55,0.0,0.0,0.0,292.35,4.29,31.0,998.73,
2013,4,14,22,1.29,49.87,0.0,0.0,0.0,290.05,4.41,28.0,999.09,
2013,4,14,23,0.68,51.19,0.0,0.0,0.0,287.75,4.52,26.0,999.44,
2013,4,15,0,0.12,52.18,0.0,0.0,0.0,281.43,4.52,25.0,999.48,
2013,4,15,1,-0.44,53.17,0.0,0.0,0.0,275.12,4.52,24.0,999.51,
2013,4,15,2,-1.0,54.16,0.0,0.0,0.0,268.8,4.52,24.0,999.54,
2013,4,15,3,-1.13,54.15,0.0,0.0,0.0,267.12,4.29,24.0,999.67,
2013,4,15,4,-1.26,54.15,0.0,0.0,0.0,265.43,4.05,24.0,999.8,
2013,4,15,5,-1.39,54.14,0.0,0.0,0.0,263.75,3.81,23.0,999.93,
2013,4,15,6,-0.71,53.66,0.0,0.0,0.0,260.52,3.78,22.0,1000.09,
2013,4,15,7,-0.02,53.17,0.0,0.0,0.0,257.28,3.75,20.0,1000.26,
2013,4,15,8,0.66,52.69,89.0,269.99,51.0,254.05,3.72,18.0,1000.42,
2013,4,15,9,2.22,48.36,242.0,516.92,92.0,257.42,4.06,21.0,1000.26,
2013,4,15,10,3.77,44.04,404.0,684.43,110.0,260.78,4.4,25.0,1000.09,
2013,4,15,11,5.33,39.71,533.0,711.72,142.0,264.15,4.74,28.0,999.93,
2013,4,15,12,6.28,35.89,646.0,774.79,149.0,262.7,4.62,30.0,999.51,
2013,4,15,13,7.23,32.06,720.0,816.23,149.0,261.25,4.5,33.0,999.09,
2013,4,15,14,8.18,28.24,741.0,810.07,158.0,259.8,4.37,35.0,998.66,
2013,4,15,15,8.08,27.76,733.0,863.67,128.0,253.97,4.4,35.0,998.34,
2013,4,15,16,7.97,27.28,665.0,850.34,118.0,248.13,4.43,34.0,998.01,
2013,4,15,17,7.87,26.8,542.0,739.22,134.0,242.3,4.46,34.0,997.69,
2013,4,15,18,6.07,30.64,394.0,612.45,129.0,237.38,4.25,36.0,997.75,
2013,4,15,19,4.27,34.47,246.0,517.58,94.0,232.47,4.05,39.0,997.82,
2013,4,15,20,2.47,38.31,96.0,325.57,49.0,227.55,3.85,41.0,997.88,
2013,4,15,21,1.35,42.3,0.0,0.0,0.0,224.05,3.18,45.0,997.69,
2013,4,15,22,0.24,46.29,0.0,0.0,0.0,220.55,2.51,49.0,997.49,
2013,4,15,23,-0.87,50.28,0.0,0.0,0.0,217.05,1.85,53.0,997.3,
2013,4,16,0,-2.71,55.74,0.0,0.0,0.0,214.0,2.28,3.0,996.74,
2013,4,16,1,-4.55,61.21,0.0,0.0,0.0,210.95,2.71,312.0,996.19,
2013,4,16,2,-6.39,66.67,0.0,0.0,0.0,207.9,3.14,261.0,995.64,
2013,4,16,3,-5.67,65.33,0.0,0.0,0.0,206.22,3.36,258.0,994.99,
2013,4,16,4,-4.95,63.98,0.0,0.0,0.0,204.53,3.57,255.0,994.34,
2013,4,16,5,-4.23,62.64,0.0,0.0,0.0,202.85,3.78,252.0,993.69,
2013,4,16,6,-1.92,61.34,0.0,0.0,0.0,209.87,3.71,255.0,992.94,
2013,4,16,7,0.39,60.03,0.0,0.0,0.0,216.88,3.63,258.0,992.19,
2013,4,16,8,2.7,58.73,16.0,0.0,16.0,223.9,3.56,261.0,991.45,
2013,4,16,9,3.2,66.32,37.0,0.0,37.0,244.58,3.37,266.0,991.02,
2013,4,16,10,3.71,73.92,73.0,0.0,73.0,265.27,3.18,271.0,990.6,
2013,4,16,11,4.21,81.51,91.0,0.0,91.0,285.95,2.99,276.0,990.18,
2013,4,16,12,4.21,85.52,202.0,0.0,202.0,294.83,4.0,284.0,989.88,
2013,4,16,13,4.2,89.52,181.0,0.0,181.0,303.72,5.0,292.0,989.59,
2013,4,16,14,4.2,93.53,280.0,6.91,275.0,312.6,6.0,300.0,989.3,
2013,4,16,15,4.29,93.3,97.0,0.0,97.0,315.33,5.14,311.0,989.46,
2013,4,16,16,4.39,93.06,93.0,0.0,93.0,318.07,4.28,322.0,989.62,
2013,4,16,17,4.48,92.83,107.0,0.0,107.0,320.8,3.42,334.0,989.79,
2013,4,16,18,4.32,92.54,112.0,0.0,112.0,322.07,3.2,339.0,990.4,
2013,4,16,19,4.15,92.26,88.0,3.36,87.0,323.33,2.97,344.0,991.02,
2013,4,16,20,3.99,91.97,56.0,33.64,51.0,324.6,2.74,349.0,991.64,
2013,4,16,21,3.68,92.07,0.0,0.0,0.0,322.35,2.79,351.0,992.26,
2013,4,16,22,3.37,92.16,0.0,0.0,0.0,320.1,2.83,352.0,992.88,
2013,4,16,23,3.07,92.26,0.0,0.0,0.0,317.85,2.87,354.0,993.49,
2013,4,17,0,2.64,92.44,0.0,0.0,0.0,315.85,2.74,353.0,993.85,
2013,4,17,1,2.22,92.63,0.0,0.0,0.0,313.85,2.61,353.0,994.21,
2013,4,17,2,1.8,92.81,0.0,0.0,0.0,311.85,2.48,352.0,994.57,
2013,4,17,3,1.31,93.19,0.0,0.0,0.0,305.8,2.51,348.0,994.96,
2013,4,17,4,0.83,93.57,0.0,0.0,0.0,299.75,2.53,344.0,995.35,
2013,4,17,5,0.35,93.95,0.0,0.0,0.0,293.7,2.55,341.0,995.74,
2013,4,17,6,1.45,92.54,0.0,0.0,0.0,285.23,2.35,334.0,996.06,
2013,4,17,7,2.54,91.12,0.0,0.0,0.0,276.77,2.15,326.0,996.39,
2013,4,17,8,3.64,89.71,103.0,342.65,51.0,268.3,1.94,319.0,996.71,
2013,4,17,9,5.2,79.33,216.0,305.83,124.0,267.63,2.18,321.0,996.68,
2013,4,17,10,6.77,68.95,343.0,354.74,187.0,266.97,2.41,323.0,996.65,
2013,4,17,11,8.33,58.57,556.0,770.88,125.0,266.3,2.65,325.0,996.61,
2013,4,17,12,8.95,54.39,660.0,792.95,144.0,280.3,2.56,320.0,996.19,
2013,4,17,13,9.57,50.22,734.0,835.69,142.0,294.3,2.47,315.0,995.77,
2013,4,17,14,10.19,46.04,642.0,473.79,297.0,308.3,2.39,310.0,995.35,
2013,4,17,15,10.4,44.94,550.0,296.32,340.0,304.25,2.64,304.0,994.83,
2013,4,17,16,10.61,43.85,548.0,411.48,280.0,300.2,2.89,298.0,994.31,
2013,4,17,17,10.82,42.75,484.0,475.07,218.0,296.15,3.14,292.0,993.79,
2013,4,17,18,8.97,49.62,407.0,642.09,124.0,281.78,3.07,279.0,993.66,
2013,4,17,19,7.11,56.49,249.0,486.88,102.0,267.42,2.99,266.0,993.53,
2013,4,17,20,5.26,63.36,106.0,359.7,51.0,253.05,2.91,253.0,993.4,
2013,4,17,21,3.92,68.67,0.0,0.0,0.0,253.37,2.66,249.0,993.27,
2013,4,17,22,2.58,73.98,0.0,0.0,0.0,253.68,2.4,245.0,993.14,
2013,4,17,23,1.25,79.29,0.0,0.0,0.0,254.0,2.15,241.0,993.01,
2013,4,18,0,1.15,79.37,0.0,0.0,0.0,256.8,2.14,248.0,992.71,
2013,4,18,1,1.05,79.45,0.0,0.0,0.0,259.6,2.13,254.0,992.42,
2013,4,18,2,0.96,79.53,0.0,0.0,0.0,262.4,2.12,261.0,992.13,
2013,4,18,3,1.06,80.63,0.0,0.0,0.0,261.93,2.14,263.0,991.8,
2013,4,18,4,1.17,81.72,0.0,0.0,0.0,261.47,2.16,266.0,991.48,
2013,4,18,5,1.27,82.82,0.0,0.0,0.0,261.0,2.18,268.0,991.15,
2013,4,18,6,2.71,81.03,0.0,0.0,0.0,260.85,2.59,266.0,990.8,
2013,4,18,7,4.16,79.24,0.0,0.0,0.0,260.7,3.01,264.0,990.44,
2013,4,18,8,5.6,77.45,33.0,0.0,33.0,260.55,3.42,261.0,990.08,
2013,4,18,9,7.64,72.55,256.0,509.75,100.0,268.07,3.46,267.0,989.59,
2013,4,18,10,9.67,67.66,391.0,539.64,151.0,275.58,3.49,273.0,989.1,
2013,4,18,11,11.71,62.76,544.0,691.66,154.0,283.1,3.53,280.0,988.62,
2013,4,18,12,12.53,57.46,566.0,453.25,269.0,286.05,4.24,289.0,988.19,
2013,4,18,13,13.34,52.17,445.0,120.67,359.0,289.0,4.95,298.0,987.77,
2013,4,18,14,14.16,46.87,464.0,127.0,371.0,291.95,5.66,308.0,987.35,
2013,4,18,15,14.06,44.76,574.0,339.55,332.0,293.33,5.71,314.0,987.54,
2013,4,18,16,13.97,42.64,413.0,131.25,327.0,294.72,5.77,319.0,987.74,
2013,4,18,17,13.87,40.53,363.0,154.3,276.0,296.1,5.83,325.0,987.93,
2013,4,18,18,12.23,44.12,162.0,6.75,159.0,291.47,4.74,331.0,988.58,
2013,4,18,19,10.58,47.71,113.0,13.07,109.0,286.83,3.64,337.0,989.23,
2013,4,18,20,8.94,51.3,85.0,146.37,62.0,282.2,2.54,343.0,989.88,
2013,4,18,21,7.07,58.88,0.0,0.0,0.0,277.4,2.66,342.0,990.34,
2013,4,18,22,5.2,66.45,0.0,0.0,0.0,272.6,2.79,342.0,990.8,
2013,4,18,23,3.33,74.03,0.0,0.0,0.0,267.8,2.91,341.0,991.25,
2013,4,19,0,2.31,78.13,0.0,0.0,0.0,263.37,2.77,330.0,991.19,
2013,4,19,1,1.29,82.23,0.0,0.0,0.0,258.93,2.63,318.0,991.12,
2013,4,19,2,0.27,86.33,0.0,0.0,0.0,254.5,2.48,307.0,991.06,
2013,4,19,3,0.3,86.86,0.0,0.0,0.0,253.62,2.46,296.0,991.09,
2013,4,19,4,0.33,87.4,0.0,0.0,0.0,252.73,2.44,285.0,991.12,
2013,4,19,5,0.36,87.93,0.0,0.0,0.0,251.85,2.41,275.0,991.15,
2013,4,19,6,2.23,82.01,0.0,0.0,0.0,253.37,2.24,256.0,991.38,
2013,4,19,7,4.09,76.1,0.0,0.0,0.0,254.88,2.06,238.0,991.61,
2013,4,19,8,5.96,70.18,110.0,326.13,57.0,256.4,1.89,219.0,991.84,
2013,4,19,9,8.65,61.6,254.0,469.19,108.0,259.2,2.72,221.0,991.45,
2013,4,19,10,11.33,53.03,408.0,600.45,138.0,262.0,3.54,222.0,991.06,
2013,4,19,11,14.01,44.45,543.0,668.37,163.0,264.8,4.37,224.0,990.66,
2013,4,19,12,15.14,41.48,652.0,724.55,174.0,269.4,4.67,229.0,990.01,
2013,4,19,13,16.27,38.52,736.0,807.57,157.0,274.0,4.97,234.0,989.36,
2013,4,19,14,17.4,35.55,747.0,771.33,179.0,278.6,5.27,239.0,988.71,
2013,4,19,15,17.71,35.39,711.0,720.01,195.0,281.53,5.12,242.0,988.23,
2013,4,19,16,18.01,35.23,640.0,682.72,190.0,284.47,4.97,245.0,987.74,
2013,4,19,17,18.32,35.07,563.0,760.94,131.0,287.4,4.81,247.0,987.25,
2013,4,19,18,16.88,38.31,425.0,697.65,112.0,287.67,4.17,245.0,987.09,
2013,4,19,19,15.45,41.56,260.0,512.83,101.0,287.93,3.54,243.0,986.93,
2013,4,19,20,14.01,44.8,110.0,328.5,57.0,288.2,2.9,241.0,986.76,
2013,4,19,21,12.93,48.11,0.0,0.0,0.0,286.12,2.92,246.0,986.89,
2013,4,19,22,11.85,51.41,0.0,0.0,0.0,284.03,2.94,251.0,987.02,
2013,4,19,23,10.78,54.72,0.0,0.0,0.0,281.95,2.97,256.0,987.15,
2013,4,20,0,9.81,58.94,0.0,0.0,0.0,280.37,2.92,260.0,987.15,
2013,4,20,1,8.84,63.17,0.0,0.0,0.0,278.78,2.88,264.0,987.15,
2013,4,20,2,7.88,67.39,0.0,0.0,0.0,277.2,2.84,269.0,987.15,
2013,4,20,3,7.12,71.84,0.0,0.0,0.0,275.7,2.68,271.0,987.28,
2013,4,20,4,6.36,76.29,0.0,0.0,0.0,274.2,2.51,274.0,987.41,
2013,4,20,5,5.6,80.74,0.0,0.0,0.0,272.7,2.34,277.0,987.54,
2013,4,20,6,6.98,77.77,0.0,0.0,0.0,274.08,2.39,275.0,987.58,
2013,4,20,7,8.36,74.79,0.0,0.0,0.0,275.47,2.44,273.0,987.61,
2013,4,20,8,9.74,71.82,102.0,214.56,66.0,276.85,2.48,271.0,987.64,
2013,4,20,9,12.37,64.99,245.0,392.11,121.0,281.48,2.29,269.0,987.45,
2013,4,20,10,15.0,58.15,423.0,651.26,127.0,286.12,2.11,267.0,987.25,
2013,4,20,11,17.63,51.32,557.0,710.11,150.0,290.75,1.92,265.0,987.06,
2013,4,20,12,18.86,46.05,661.0,740.85,169.0,296.58,2.13,265.0,986.7,
2013,4,20,13,20.09,40.77,716.0,721.08,196.0,302.42,2.35,264.0,986.34,
2013,4,20,14,21.32,35.5,705.0,619.94,246.0,308.25,2.57,263.0,985.98,
2013,4,20,15,21.34,34.58,744.0,824.36,150.0,312.97,2.51,261.0,985.76,
2013,4,20,16,21.37,33.66,555.0,404.25,287.0,317.68,2.45,259.0,985.53,
2013,4,20,17,21.39,32.74,502.0,500.39,216.0,322.4,2.39,256.0,985.3,
2013,4,20,18,20.44,35.58,364.0,393.33,186.0,316.5,2.23,198.0,985.11,
2013,4,20,19,19.49,38.42,249.0,423.5,116.0,310.6,2.08,139.0,984.91,
2013,4,20,20,18.54,41.26,35.0,0.0,35.0,304.7,1.93,80.0,984.72,
2013,4,20,21,15.81,51.47,0.0,0.0,0.0,305.1,1.93,101.0,984.75,
2013,4,20,22,13.08,61.69,0.0,0.0,0.0,305.5,1.92,121.0,984.78,
2013,4,20,23,10.35,71.9,0.0,0.0,0.0,305.9,1.92,142.0,984.81,
2013,4,21,0,9.58,74.56,0.0,0.0,0.0,305.55,2.21,151.0,984.49,
2013,4,21,1,8.81,77.22,0.0,0.0,0.0,305.2,2.5,159.0,984.16,
2013,4,21,2,8.04,79.88,0.0,0.0,0.0,304.85,2.79,168.0,983.84,
2013,4,21,3,7.66,81.82,0.0,0.0,0.0,301.9,2.59,175.0,983.71,
2013,4,21,4,7.29,83.75,0.0,0.0,0.0,298.95,2.39,181.0,983.58,
2013,4,21,5,6.91,85.69,0.0,0.0,0.0,296.0,2.19,187.0,983.45,
2013,4,21,6,8.37,81.11,0.0,0.0,0.0,297.77,2.01,190.0,983.48,
2013,4,21,7,9.84,76.52,0.0,0.0,0.0,299.53,1.83,192.0,983.51,
2013,4,21,8,11.3,71.94,117.0,312.17,63.0,301.3,1.64,195.0,983.54,
2013,4,21,9,14.1,64.49,244.0,361.11,128.0,301.28,1.42,194.0,983.45,
2013,4,21,10,16.89,57.03,378.0,424.58,183.0,301.27,1.19,193.0,983.35,
2013,4,21,11,19.68,49.58,546.0,645.68,173.0,301.25,0.97,191.0,983.25,
2013,4,21,12,20.65,44.3,658.0,713.64,181.0,307.32,1.37,193.0,982.99,
2013,4,21,13,21.62,39.01,741.0,795.58,164.0,313.38,1.77,195.0,982.73,
2013,4,21,14,22.59,33.73,552.0,245.85,369.0,319.45,2.18,197.0,982.47,
2013,4,21,15,22.29,34.34,551.0,273.33,353.0,320.92,1.83,195.0,982.18,
2013,4,21,16,21.98,34.94,585.0,476.94,267.0,322.38,1.47,193.0,981.89,
2013,4,21,17,21.68,35.55,344.0,109.5,281.0,323.85,1.12,192.0,981.59,
2013,4,21,18,20.18,40.98,255.0,92.03,213.0,320.52,1.64,184.0,981.5,
2013,4,21,19,18.69,46.41,194.0,160.37,143.0,317.18,2.17,175.0,981.4,
2013,4,21,20,17.19,51.84,72.0,53.05,63.0,313.85,2.69,167.0,981.3,
2013,4,21,21,15.02,60.3,0.0,0.0,0.0,309.12,2.8,168.0,981.3,
2013,4,21,22,12.85,68.77,0.0,0.0,0.0,304.38,2.92,168.0,981.3,
2013,4,21,23,10.68,77.23,0.0,0.0,0.0,299.65,3.03,168.0,981.3,
2013,4,22,0,9.88,79.12,0.0,0.0,0.0,296.23,3.07,175.0,981.14,
2013,4,22,1,9.08,81.01,0.0,0.0,0.0,292.82,3.1,182.0,980.98,
2013,4,22,2,8.28,82.9,0.0,0.0,0.0,289.4,3.13,188.0,980.81,
2013,4,22,3,8.22,82.56,0.0,0.0,0.0,285.27,2.91,189.0,980.72,
2013,4,22,4,8.16,82.23,0.0,0.0,0.0,281.13,2.7,189.0,980.62,
2013,4,22,5,8.1,81.89,0.0,0.0,0.0,277.0,2.48,190.0,980.52,
2013,4,22,6,9.08,78.4,0.0,0.0,0.0,277.87,2.89,133.0,980.91,
2013,4,22,7,10.07,74.92,0.0,0.0,0.0,278.73,3.3,76.0,981.3,
2013,4,22,8,11.05,71.43,116.0,269.5,68.0,279.6,3.71,20.0,981.69,
2013,4,22,9,12.94,65.49,250.0,374.06,128.0,283.8,4.07,24.0,981.66,
2013,4,22,10,14.84,59.55,428.0,631.52,135.0,288.0,4.43,29.0,981.63,
2013,4,22,11,16.73,53.61,570.0,726.62,147.0,292.2,4.79,34.0,981.59,
2013,4,22,12,17.69,50.73,681.0,786.45,152.0,296.83,5.01,36.0,981.17,
2013,4,22,13,18.66,47.86,762.0,858.37,136.0,301.47,5.24,39.0,980.75,
2013,4,22,14,19.62,44.98,773.0,820.6,159.0,306.1,5.46,41.0,980.33,
2013,4,22,15,19.45,44.73,765.0,873.42,129.0,308.97,5.74,41.0,980.07,
2013,4,22,16,19.27,44.48,704.0,891.91,106.0,311.83,6.02,41.0,979.81,
2013,4,22,17,19.1,44.23,544.0,633.77,177.0,314.7,6.3,42.0,979.55,
2013,4,22,18,17.49,48.35,424.0,630.15,134.0,321.55,6.25,37.0,979.45,
2013,4,22,19,15.88,52.47,267.0,493.85,108.0,328.4,6.19,32.0,979.35,
2013,4,22,20,14.27,56.59,77.0,63.3,66.0,335.25,6.14,27.0,979.25,
2013,4,22,21,13.05,58.89,0.0,0.0,0.0,334.78,6.09,26.0,979.55,
2013,4,22,22,11.84,61.2,0.0,0.0,0.0,334.32,6.04,26.0,979.84,
2013,4,22,23,10.63,63.5,0.0,0.0,0.0,333.85,5.99,26.0,980.13,
2013,4,23,0,9.6,65.31,0.0,0.0,0.0,333.58,5.95,24.0,980.23,
2013,4,23,1,8.58,67.13,0.0,0.0,0.0,333.32,5.91,22.0,980.33,
2013,4,23,2,7.56,68.94,0.0,0.0,0.0,333.05,5.88,20.0,980.42,
2013,4,23,3,6.92,70.58,0.0,0.0,0.0,326.87,5.67,18.0,980.55,
2013,4,23,4,6.29,72.22,0.0,0.0,0.0,320.68,5.47,17.0,980.68,
2013,4,23,5,5.65,73.86,0.0,0.0,0.0,314.5,5.27,15.0,980.81,
2013,4,23,6,5.81,73.53,0.0,0.0,0.0,309.83,5.43,15.0,981.4,
2013,4,23,7,5.97,73.21,0.0,0.0,0.0,305.17,5.6,14.0,981.98,
2013,4,23,8,6.13,72.88,41.0,0.0,41.0,300.5,5.77,14.0,982.57,
2013,4,23,9,7.43,67.96,89.0,0.0,89.0,296.75,5.64,14.0,982.73,
2013,4,23,10,8.72,63.04,253.0,78.96,216.0,293.0,5.51,15.0,982.89,
2013,4,23,11,10.01,58.12,533.0,562.64,203.0,289.25,5.38,15.0,983.06,
2013,4,23,12,10.97,54.94,633.0,596.92,229.0,290.35,5.2,16.0,982.96,
2013,4,23,13,11.94,51.77,725.0,710.52,204.0,291.45,5.03,17.0,982.86,
2013,4,23,14,12.9,48.59,563.0,253.97,372.0,292.55,4.86,18.0,982.76,
2013,4,23,15,12.8,48.19,715.0,683.16,215.0,292.55,4.74,19.0,983.06,
2013,4,23,16,12.69,47.78,494.0,243.27,330.0,292.55,4.62,19.0,983.35,
2013,4,23,17,12.59,47.38,327.0,82.37,279.0,292.55,4.5,20.0,983.64,
2013,4,23,18,11.36,50.3,322.0,226.3,217.0,290.48,3.75,21.0,984.2,
2013,4,23,19,10.14,53.23,55.0,0.0,55.0,288.42,3.0,23.0,984.75,
2013,4,23,20,8.91,56.15,48.0,5.62,47.0,286.35,2.25,24.0,985.3,
2013,4,23,21,8.16,57.47,0.0,0.0,0.0,286.62,2.35,33.0,985.76,
2013,4,23,22,7.42,58.79,0.0,0.0,0.0,286.88,2.45,41.0,986.21,
2013,4,23,23,6.68,60.11,0.0,0.0,0.0,287.15,2.55,50.0,986.67,
2013,4,24,0,6.15,61.28,0.0,0.0,0.0,286.18,2.59,57.0,986.67,
2013,4,24,1,5.62,62.44,0.0,0.0,0.0,285.22,2.63,65.0,986.67,
2013,4,24,2,5.1,63.61,0.0,0.0,0.0,284.25,2.66,73.0,986.67,
2013,4,24,3,5.12,63.93,0.0,0.0,0.0,290.32,2.8,79.0,986.7,
2013,4,24,4,5.15,64.26,0.0,0.0,0.0,296.38,2.95,85.0,986.73,
2013,4,24,5,5.17,64.58,0.0,0.0,0.0,302.45,3.09,92.0,986.76,
2013,4,24,6,5.43,71.09,0.0,0.0,0.0,311.92,3.46,97.0,986.7,
2013,4,24,7,5.7,77.61,1.0,24.82,0.0,321.38,3.83,103.0,986.63,
2013,4,24,8,5.96,84.12,12.0,0.0,12.0,330.85,4.19,108.0,986.57,
2013,4,24,9,6.14,87.79,41.0,0.0,41.0,333.6,4.22,110.0,986.47,
2013,4,24,10,6.31,91.46,104.0,0.0,104.0,336.35,4.25,112.0,986.37,
2013,4,24,11,6.48,95.13,96.0,0.0,96.0,339.1,4.28,114.0,986.28,
2013,4,24,12,7.05,95.63,101.0,0.0,101.0,341.55,3.88,118.0,985.92,
2013,4,24,13,7.62,96.13,98.0,0.0,98.0,344.0,3.49,122.0,985.56,
2013,4,24,14,8.19,96.63,167.0,0.0,167.0,346.45,3.09,126.0,985.2,
2013,4,24,15,8.84,95.35,149.0,0.0,149.0,342.33,2.51,135.0,984.85,
2013,4,24,16,9.48,94.07,161.0,0.0,161.0,338.22,1.94,144.0,984.49,
2013,4,24,17,10.13,92.79,254.0,20.46,242.0,334.1,1.37,154.0,984.13,
2013,4,24,18,9.44,91.55,303.0,171.05,223.0,323.82,1.9,136.0,984.46,
2013,4,24,19,8.76,90.3,125.0,15.16,120.0,313.53,2.44,118.0,984.78,
2013,4,24,20,8.07,89.06,106.0,181.42,73.0,303.25,2.98,100.0,985.11,
2013,4,24,21,7.15,90.9,0.0,0.0,0.0,294.93,2.85,107.0,985.01,
2013,4,24,22,6.23,92.75,0.0,0.0,0.0,286.62,2.72,114.0,984.91,
2013,4,24,23,5.31,94.59,0.0,0.0,0.0,278.3,2.59,121.0,984.81,
2013,4,25,0,4.77,94.7,0.0,0.0,0.0,275.58,2.53,124.0,984.49,
2013,4,25,1,4.24,94.81,0.0,0.0,0.0,272.87,2.47,128.0,984.16,
2013,4,25,2,3.71,94.92,0.0,0.0,0.0,270.15,2.41,131.0,983.84,
2013,4,25,3,3.67,94.93,0.0,0.0,0.0,269.95,2.51,130.0,983.58,
2013,4,25,4,3.64,94.94,0.0,0.0,0.0,269.75,2.62,129.0,983.32,
2013,4,25,5,3.6,94.95,0.0,0.0,0.0,269.55,2.72,127.0,983.06,
2013,4,25,6,4.71,94.35,0.0,0.0,0.0,274.9,3.47,119.0,982.86,
2013,4,25,7,5.81,93.75,2.0,0.0,2.0,280.25,4.22,111.0,982.67,
2013,4,25,8,6.92,93.15,54.0,5.18,53.0,285.6,4.97,103.0,982.47,
2013,4,25,9,9.16,87.06,124.0,11.75,120.0,293.4,5.39,104.0,981.4,
2013,4,25,10,11.41,80.98,257.0,75.38,221.0,301.2,5.82,105.0,980.33,
2013,4,25,11,13.65,74.89,510.0,455.43,239.0,309.0,6.25,106.0,979.25,
2013,4,25,12,13.97,71.86,480.0,202.95,341.0,320.1,6.86,114.0,978.31,
2013,4,25,13,14.28,68.82,519.0,195.69,374.0,331.2,7.47,123.0,977.37,
2013,4,25,14,14.6,65.79,244.0,0.0,244.0,342.3,8.08,131.0,976.42,
2013,4,25,15,13.31,75.05,175.0,0.0,175.0,343.43,7.06,138.0,976.1,
2013,4,25,16,12.02,84.31,166.0,0.0,166.0,344.57,6.04,145.0,975.77,
2013,4,25,17,10.73,93.57,218.0,6.78,214.0,345.7,5.02,151.0,975.45,
2013,4,25,18,9.93,94.58,63.0,0.0,63.0,337.97,4.41,154.0,975.35,
2013,4,25,19,9.13,95.59,206.0,164.89,151.0,330.23,3.81,157.0,975.25,
2013,4,25,20,8.33,96.6,29.0,0.0,29.0,322.5,3.2,160.0,975.16,
2013,4,25,21,7.84,96.25,0.0,0.0,0.0,313.82,3.17,162.0,975.16,
2013,4,25,22,7.36,95.91,0.0,0.0,0.0,305.13,3.14,165.0,975.16,
2013,4,25,23,6.88,95.56,0.0,0.0,0.0,296.45,3.1,167.0,975.16,
2013,4,26,0,6.53,95.43,0.0,0.0,0.0,297.35,2.93,168.0,974.99,
2013,4,26,1,6.18,95.31,0.0,0.0,0.0,298.25,2.76,169.0,974.83,
2013,4,26,2,5.84,95.18,0.0,0.0,0.0,299.15,2.59,170.0,974.67,
2013,4,26,3,5.73,95.44,0.0,0.0,0.0,301.28,2.49,169.0,974.57,
2013,4,26,4,5.63,95.71,0.0,0.0,0.0,303.42,2.38,167.0,974.47,
2013,4,26,5,5.53,95.97,0.0,0.0,0.0,305.55,2.28,166.0,974.38,
2013,4,26,6,5.78,95.93,0.0,0.0,0.0,298.87,2.87,174.0,973.89,
2013,4,26,7,6.04,95.9,2.0,0.0,2.0,292.18,3.47,183.0,973.4,
2013,4,26,8,6.29,95.86,93.0,70.77,79.0,285.5,4.07,191.0,972.91,
2013,4,26,9,7.36,93.84,162.0,49.27,145.0,293.13,4.17,195.0,972.69,
2013,4,26,10,8.44,91.82,262.0,78.85,224.0,300.77,4.28,200.0,972.46,
2013,4,26,11,9.51,89.8,425.0,225.3,290.0,308.4,4.39,204.0,972.23,
2013,4,26,12,10.16,87.32,576.0,399.23,301.0,306.63,4.38,209.0,972.04,
2013,4,26,13,10.8,84.83,471.0,127.56,376.0,304.87,4.38,214.0,971.84,
2013,4,26,14,11.45,82.35,559.0,233.26,381.0,303.1,4.37,219.0,971.65,
2013,4,26,15,11.74,75.81,225.0,0.0,225.0,301.58,4.69,221.0,971.68,
2013,4,26,16,12.03,69.26,290.0,14.6,280.0,300.07,5.01,224.0,971.71,
2013,4,26,17,12.32,62.72,469.0,340.31,267.0,298.55,5.32,226.0,971.74,
2013,4,26,18,11.44,65.81,107.0,0.0,107.0,296.33,4.84,228.0,971.94,
2013,4,26,19,10.56,68.9,141.0,26.68,132.0,294.12,4.35,229.0,972.13,
2013,4,26,20,9.68,71.99,75.0,31.6,69.0,291.9,3.86,231.0,972.33,
2013,4,26,21,9.04,76.37,1.0,23.42,0.0,288.7,4.11,242.0,973.08,
2013,4,26,22,8.4,80.76,0.0,0.0,0.0,285.5,4.35,253.0,973.82,
2013,4,26,23,7.77,85.14,0.0,0.0,0.0,282.3,4.59,263.0,974.57,
2013,4,27,0,7.12,84.9,0.0,0.0,0.0,281.18,4.51,269.0,975.12,
2013,4,27,1,6.47,84.66,0.0,0.0,0.0,280.07,4.43,275.0,975.68,
2013,4,27,2,5.83,84.42,0.0,0.0,0.0,278.95,4.34,281.0,976.23,
2013,4,27,3,5.26,81.81,0.0,0.0,0.0,273.2,4.16,278.0,976.81,
2013,4,27,4,4.69,79.19,0.0,0.0,0.0,267.45,3.98,276.0,977.4,
2013,4,27,5,4.12,76.58,0.0,0.0,0.0,261.7,3.79,273.0,977.99,
2013,4,27,6,4.9,74.2,0.0,0.0,0.0,271.33,4.07,263.0,977.4,
2013,4,27,7,5.69,71.83,2.0,0.0,2.0,280.97,4.35,252.0,976.81,
2013,4,27,8,6.47,69.45,108.0,123.42,83.0,290.6,4.63,242.0,976.23,
2013,4,27,9,7.35,70.21,88.0,0.0,88.0,301.2,5.24,245.0,975.94,
2013,4,27,10,8.22,70.97,165.0,4.11,163.0,311.8,5.84,249.0,975.64,
2013,4,27,11,9.1,71.73,318.0,59.68,282.0,322.4,6.44,253.0,975.35,
2013,4,27,12,10.37,64.84,199.0,0.0,199.0,323.48,6.8,261.0,975.06,
2013,4,27,13,11.65,57.94,181.0,0.0,181.0,324.57,7.15,268.0,974.77,
2013,4,27,14,12.92,51.05,354.0,23.48,336.0,325.65,7.5,276.0,974.47,
2013,4,27,15,13.21,48.12,696.0,581.64,262.0,329.47,6.8,280.0,974.7,
2013,4,27,16,13.49,45.2,598.0,460.54,281.0,333.28,6.1,285.0,974.93,
2013,4,27,17,13.78,42.27,501.0,423.73,248.0,337.1,5.39,289.0,975.16,
2013,4,27,18,12.36,44.84,416.0,513.94,170.0,323.23,4.31,293.0,976.16,
2013,4,27,19,10.95,47.41,309.0,656.67,85.0,309.37,3.22,297.0,977.17,
2013,4,27,20,9.53,49.98,148.0,453.99,60.0,295.5,2.14,300.0,978.18,
2013,4,27,21,8.33,53.32,2.0,0.0,2.0,286.15,2.22,299.0,979.09,
2013,4,27,22,7.14,56.66,0.0,0.0,0.0,276.8,2.3,298.0,980.0,
2013,4,27,23,5.95,60.0,0.0,0.0,0.0,267.45,2.39,296.0,980.91,
2013,4,28,0,5.12,63.14,0.0,0.0,0.0,263.55,2.36,292.0,981.33,
2013,4,28,1,4.3,66.27,0.0,0.0,0.0,259.65,2.33,287.0,981.76,
2013,4,28,2,3.48,69.41,0.0,0.0,0.0,255.75,2.3,282.0,982.18,
2013,4,28,3,3.14,72.43,0.0,0.0,0.0,254.58,2.34,276.0,982.6,
2013,4,28,4,2.81,75.46,0.0,0.0,0.0,253.42,2.38,270.0,983.02,
2013,4,28,5,2.48,78.48,0.0,0.0,0.0,252.25,2.41,264.0,983.45,
2013,4,28,6,4.04,77.71,0.0,0.0,0.0,260.45,2.23,256.0,983.41,
2013,4,28,7,5.6,76.94,3.0,0.0,3.0,268.65,2.05,247.0,983.38,
2013,4,28,8,7.16,76.17,48.0,0.0,48.0,276.85,1.86,238.0,983.35,
2013,4,28,9,7.88,77.04,49.0,0.0,49.0,291.98,2.06,228.0,982.8,
2013,4,28,10,8.59,77.92,44.0,0.0,44.0,307.12,2.27,218.0,982.24,
2013,4,28,11,9.31,78.79,110.0,0.0,110.0,322.25,2.47,207.0,981.69,
2013,4,28,12,8.97,84.75,111.0,0.0,111.0,329.5,2.73,179.0,980.65,
2013,4,28,13,8.62,90.72,80.0,0.0,80.0,336.75,2.99,150.0,979.61,
2013,4,28,14,8.28,96.68,136.0,0.0,136.0,344.0,3.26,122.0,978.57,
2013,4,28,15,8.34,97.07,68.0,0.0,68.0,346.33,3.48,98.0,977.69,
2013,4,28,16,8.39,97.47,62.0,0.0,62.0,348.67,3.7,74.0,976.81,
2013,4,28,17,8.45,97.86,88.0,0.0,88.0,351.0,3.92,51.0,975.94,
2013,4,28,18,7.67,97.78,60.0,0.0,60.0,349.13,4.17,39.0,976.49,
2013,4,28,19,6.9,97.69,38.0,0.0,38.0,347.27,4.42,26.0,977.04,
2013,4,28,20,6.12,97.61,14.0,0.0,14.0,345.4,4.68,14.0,977.6,
2013,4,28,21,5.51,96.3,2.0,0.0,2.0,347.8,4.9,7.0,978.8,
2013,4,28,22,4.91,95.0,0.0,0.0,0.0,350.2,5.13,1.0,980.0,
2013,4,28,23,4.31,93.69,0.0,0.0,0.0,352.6,5.35,354.0,981.2,
2013,4,29,0,4.08,90.39,0.0,0.0,0.0,346.75,5.0,348.0,982.34,
2013,4,29,1,3.85,87.08,0.0,0.0,0.0,340.9,4.64,342.0,983.48,
2013,4,29,2,3.63,83.78,0.0,0.0,0.0,335.05,4.29,336.0,984.62,
2013,4,29,3,3.24,81.37,0.0,0.0,0.0,319.37,4.34,329.0,985.85,
2013,4,29,4,2.86,78.95,0.0,0.0,0.0,303.68,4.4,323.0,987.09,
2013,4,29,5,2.47,76.54,0.0,0.0,0.0,288.0,4.46,316.0,988.32,
2013,4,29,6,3.53,73.3,0.0,0.0,0.0,271.72,4.51,310.0,989.43,
2013,4,29,7,4.59,70.06,3.0,0.0,3.0,255.43,4.57,304.0,990.53,
2013,4,29,8,5.65,66.82,168.0,500.52,62.0,239.15,4.63,298.0,991.64,
2013,4,29,9,7.35,58.62,328.0,667.0,89.0,241.57,5.73,298.0,992.06,
2013,4,29,10,9.05,50.41,489.0,790.65,98.0,243.98,6.83,299.0,992.49,
2013,4,29,11,10.75,42.21,628.0,857.43,104.0,246.4,7.93,300.0,992.91,
2013,4,29,12,11.28,38.57,728.0,858.38,127.0,255.55,8.23,300.0,993.23,
2013,4,29,13,11.82,34.92,680.0,512.2,293.0,264.7,8.54,299.0,993.56,
2013,4,29,14,12.35,31.28,735.0,615.33,259.0,273.85,8.84,299.0,993.88,
2013,4,29,15,12.18,30.34,725.0,648.13,237.0,279.03,8.27,301.0,994.24,
2013,4,29,16,12.01,29.39,569.0,371.18,311.0,284.22,7.7,302.0,994.6,
2013,4,29,17,11.84,28.45,494.0,387.45,260.0,289.4,7.13,304.0,994.96,
2013,4,29,18,10.69,30.85,408.0,452.92,188.0,277.58,5.55,303.0,995.54,
2013,4,29,19,9.55,33.24,254.0,307.02,147.0,265.77,3.98,303.0,996.13,
2013,4,29,20,8.4,35.64,144.0,357.11,72.0,253.95,2.4,302.0,996.71,
2013,4,29,21,6.88,40.07,3.0,0.0,3.0,251.5,2.71,295.0,997.3,
2013,4,29,22,5.36,44.51,0.0,0.0,0.0,249.05,3.03,288.0,997.88,
2013,4,29,23,3.84,48.94,0.0,0.0,0.0,246.6,3.34,281.0,998.47,
2013,4,30,0,3.18,51.94,0.0,0.0,0.0,245.7,3.12,275.0,998.53,
2013,4,30,1,2.52,54.95,0.0,0.0,0.0,244.8,2.91,270.0,998.6,
2013,4,30,2,1.87,57.95,0.0,0.0,0.0,243.9,2.69,264.0,998.66,
2013,4,30,3,1.78,59.98,0.0,0.0,0.0,243.67,2.55,256.0,998.6,
2013,4,30,4,1.7,62.01,0.0,0.0,0.0,243.43,2.4,248.0,998.53,
2013,4,30,5,1.61,64.04,0.0,0.0,0.0,243.2,2.26,240.0,998.47,
2013,4,30,6,3.29,62.5,0.0,0.0,0.0,247.38,2.85,235.0,998.34,
2013,4,30,7,4.97,60.96,30.0,129.37,21.0,251.57,3.43,229.0,998.21,
2013,4,30,8,6.65,59.42,165.0,434.66,71.0,255.75,4.01,224.0,998.08,
2013,4,30,9,8.65,54.63,120.0,5.52,118.0,266.88,4.35,226.0,997.13,
2013,4,30,10,10.64,49.84,94.0,0.0,94.0,278.02,4.69,227.0,996.19,
2013,4,30,11,12.63,45.05,182.0,0.0,182.0,289.15,5.02,229.0,995.25,
2013,4,30,12,13.03,43.68,168.0,0.0,168.0,301.73,6.43,234.0,994.37,
2013,4,30,13,13.44,42.3,247.0,1.32,246.0,314.32,7.84,239.0,993.49,
2013,4,30,14,13.84,40.93,202.0,0.0,202.0,326.9,9.26,244.0,992.62,
2013,4,30,15,12.82,51.14,133.0,0.0,133.0,330.12,7.85,242.0,992.36,
2013,4,30,16,11.79,61.36,462.4,329.76,232.1,333.33,6.45,241.0,992.1,
2013,4,30,17,10.77,71.57,53.0,0.0,53.0,336.55,5.05,240.0,991.84,
2013,4,30,18,10.86,67.81,86.0,0.0,86.0,338.85,5.18,243.0,991.15,
2013,4,30,19,10.95,64.06,29.0,0.0,29.0,341.15,5.31,247.0,990.47,
2013,4,30,20,11.04,60.3,20.0,0.0,20.0,343.45,5.43,250.0,989.79,
2013,4,30,21,10.22,66.36,18.0,33.82,16.0,341.15,5.15,257.0,990.05,
2013,4,30,22,5.08,91.4,0.0,0.0,0.0,314.48,4.03,265.0,990.31,
2013,4,30,23,5.75,87.8,0.0,0.0,0.0,312.73,3.99,272.0,990.57,
2014,5,1,0,6.42,84.19,0.0,0.0,0.0,310.98,3.94,272.0,990.66,
2014,5,1,1,7.09,80.59,0.0,0.0,0.0,309.23,3.9,273.0,990.76,
2014,5,1,2,7.76,76.98,0.0,0.0,0.0,307.48,3.85,273.0,990.86,
2014,5,1,3,8.43,73.37,0.0,0.0,0.0,305.73,3.81,272.0,990.93,
2014,5,1,4,9.1,69.77,0.0,0.0,0.0,303.98,3.76,271.0,990.99,
2014,5,1,5,9.76,66.16,0.0,0.0,0.0,302.23,3.71,270.0,991.06,
2014,5,1,6,10.43,62.56,0.0,0.0,0.0,300.48,3.67,171.0,987.9,
2014,5,1,7,11.1,58.95,3.0,0.0,3.0,298.73,3.62,168.0,987.58,
2014,5,1,8,11.77,55.34,18.0,0.0,18.0,296.98,3.58,166.0,987.25,
2014,5,1,9,12.44,51.74,112.0,2.76,111.0,295.23,3.53,164.0,986.7,
2014,5,1,10,13.11,48.13,296.0,120.35,236.0,293.48,3.49,162.0,986.15,
2014,5,1,11,13.78,44.53,515.0,427.68,252.0,291.73,3.44,160.0,985.59,
2014,5,1,12,14.45,40.92,663.0,628.04,221.0,289.98,3.4,163.0,985.07,
2014,5,1,13,15.12,37.31,627.0,382.07,337.0,288.23,3.35,165.0,984.55,
2014,5,1,14,19.74,29.93,491.0,128.71,391.0,303.7,4.87,168.0,984.03,
2014,5,1,15,19.8,29.98,773.0,815.89,156.0,307.18,4.55,177.0,983.64,
2014,5,1,16,19.85,30.03,699.0,776.08,157.0,310.67,4.23,185.0,983.25,
2014,5,1,17,19.91,30.08,536.0,520.33,220.0,314.15,3.9,194.0,982.86,
2014,5,1,18,18.04,35.79,390.0,386.34,201.0,314.6,3.51,194.0,982.6,
2014,5,1,19,16.17,41.49,312.0,619.06,94.0,315.05,3.12,194.0,982.34,
2014,5,1,20,14.3,47.2,159.0,472.12,62.0,315.5,2.73,194.0,982.08,
2014,5,1,21,13.09,50.39,26.0,152.2,17.0,309.65,3.04,209.0,982.21,
2014,5,1,22,11.88,53.57,0.0,0.0,0.0,303.8,3.35,224.0,982.34,
2014,5,1,23,10.67,56.76,0.0,0.0,0.0,297.95,3.66,239.0,982.47,
2014,5,2,0,10.13,60.37,0.0,0.0,0.0,295.4,3.28,246.0,982.54,
2014,5,2,1,9.6,63.97,0.0,0.0,0.0,292.85,2.91,253.0,982.6,
2014,5,2,2,9.06,67.58,0.0,0.0,0.0,290.3,2.54,260.0,982.67,
2014,5,2,3,8.78,73.17,0.0,0.0,0.0,289.5,2.56,260.0,982.89,
2014,5,2,4,8.49,78.76,0.0,0.0,0.0,288.7,2.57,260.0,983.12,
2014,5,2,5,8.2,84.35,0.0,0.0,0.0,287.9,2.59,260.0,983.35,
2014,5,2,6,9.25,82.89,0.0,0.0,0.0,290.12,3.1,262.0,983.54,
2014,5,2,7,10.29,81.44,6.0,0.0,6.0,292.33,3.61,264.0,983.74,
2014,5,2,8,11.34,79.98,171.0,462.27,69.0,294.55,4.12,266.0,983.94,
2014,5,2,9,12.8,74.51,325.0,613.49,100.0,299.6,4.12,271.0,984.1,
2014,5,2,10,14.26,69.05,474.0,688.54,128.0,304.65,4.11,277.0,984.26,
2014,5,2,11,15.71,63.58,572.0,607.75,196.0,309.7,4.11,283.0,984.42,
2014,5,2,12,16.26,60.06,545.0,301.14,332.0,320.17,4.25,282.0,984.59,
2014,5,2,13,16.8,56.55,587.0,292.49,364.0,330.63,4.39,281.0,984.75,
2014,5,2,14,17.35,53.03,458.0,92.28,386.0,341.1,4.52,280.0,984.91,
2014,5,2,15,17.69,51.49,575.0,276.51,365.0,345.15,4.24,282.0,985.11,
2014,5,2,16,18.02,49.94,117.0,0.0,117.0,349.2,3.95,284.0,985.3,
2014,5,2,17,18.36,48.4,251.0,14.74,242.0,353.25,3.67,287.0,985.5,
2014,5,2,18,16.89,52.47,218.0,28.42,204.0,348.67,3.23,302.0,985.63,
2014,5,2,19,15.42,56.53,278.0,401.97,135.0,344.08,2.79,317.0,985.76,
2014,5,2,20,13.95,60.6,129.0,210.27,85.0,339.5,2.34,333.0,985.89,
2014,5,2,21,12.24,67.24,2.0,0.0,2.0,327.6,2.53,349.0,986.21,
2014,5,2,22,10.52,73.89,0.0,0.0,0.0,315.7,2.72,5.0,986.54,
2014,5,2,23,8.8,80.53,0.0,0.0,0.0,303.8,2.91,21.0,986.86,
2014,5,3,0,8.24,82.28,0.0,0.0,0.0,300.42,2.75,35.0,986.76,
2014,5,3,1,7.68,84.03,0.0,0.0,0.0,297.03,2.59,48.0,986.67,
2014,5,3,2,7.12,85.78,0.0,0.0,0.0,293.65,2.43,62.0,986.57,
2014,5,3,3,6.83,87.42,0.0,0.0,0.0,293.78,2.35,76.0,986.44,
2014,5,3,4,6.53,89.05,0.0,0.0,0.0,293.92,2.28,89.0,986.31,
2014,5,3,5,6.23,90.69,0.0,0.0,0.0,294.05,2.21,103.0,986.18,
2014,5,3,6,7.84,85.69,0.0,0.0,0.0,297.67,2.54,108.0,986.11,
2014,5,3,7,9.45,80.69,21.0,12.71,20.0,301.28,2.87,113.0,986.05,
2014,5,3,8,11.06,75.69,169.0,413.42,76.0,304.9,3.2,118.0,985.98,
2014,5,3,9,13.31,69.38,304.0,469.21,130.0,312.98,3.32,125.0,985.46,
2014,5,3,10,15.55,63.07,417.0,430.51,199.0,321.07,3.45,132.0,984.94,
2014,5,3,11,17.79,56.76,471.0,294.06,288.0,329.15,3.57,139.0,984.42,
2014,5,3,12,18.64,55.58,623.0,485.38,278.0,337.02,3.71,150.0,983.68,
2014,5,3,13,19.48,54.4,689.0,522.38,289.0,344.88,3.85,161.0,982.93,
2014,5,3,14,20.32,53.22,774.0,722.48,208.0,352.75,3.99,172.0,982.18,
2014,5,3,15,20.66,52.66,587.0,292.41,364.0,352.87,4.81,168.0,981.24,
2014,5,3,16,21.01,52.1,302.0,17.03,290.0,352.98,5.64,164.0,980.29,
2014,5,3,17,21.35,51.54,599.0,736.31,147.0,353.1,6.47,160.0,979.35,
2014,5,3,18,20.52,51.9,463.0,669.32,131.0,349.45,5.7,154.0,978.51,
2014,5,3,19,19.69,52.26,315.0,592.82,102.0,345.8,4.92,147.0,977.66,
2014,5,3,20,18.86,52.62,161.0,436.6,68.0,342.15,4.15,141.0,976.81,
2014,5,3,21,17.84,55.82,15.0,14.9,14.0,334.18,4.34,161.0,976.55,
2014,5,3,22,16.81,59.02,0.0,0.0,0.0,326.22,4.53,180.0,976.29,
2014,5,3,23,15.79,62.22,0.0,0.0,0.0,318.25,4.72,199.0,976.03,
2014,5,4,0,15.21,66.41,0.0,0.0,0.0,315.23,5.1,212.0,976.33,
2014,5,4,1,14.64,70.61,0.0,0.0,0.0,312.22,5.49,224.0,976.62,
2014,5,4,2,14.06,74.8,0.0,0.0,0.0,309.2,5.88,236.0,976.91,
2014,5,4,3,13.56,78.71,0.0,0.0,0.0,305.67,6.09,239.0,977.47,
2014,5,4,4,13.05,82.63,0.0,0.0,0.0,302.13,6.3,242.0,978.02,
2014,5,4,5,12.55,86.54,0.0,0.0,0.0,298.6,6.51,245.0,978.57,
2014,5,4,6,12.91,82.71,0.0,0.0,0.0,300.13,6.26,254.0,979.55,
2014,5,4,7,13.26,78.88,38.0,120.36,28.0,301.67,6.01,262.0,980.52,
2014,5,4,8,13.62,75.05,166.0,362.18,83.0,303.2,5.77,270.0,981.5,
2014,5,4,9,14.36,70.11,336.0,629.62,100.0,311.67,5.66,278.0,982.47,
2014,5,4,10,15.09,65.17,485.0,705.68,125.0,320.13,5.54,286.0,983.45,
2014,5,4,11,15.82,60.23,573.0,584.77,207.0,328.6,5.43,294.0,984.42,
2014,5,4,12,16.04,58.55,299.0,14.0,289.0,333.18,4.94,298.0,985.2,
2014,5,4,13,16.26,56.87,532.0,191.16,385.0,337.77,4.45,302.0,985.98,
2014,5,4,14,16.48,55.19,533.0,172.9,397.0,342.35,3.96,307.0,986.76,
2014,5,4,15,16.51,54.09,239.0,0.0,239.0,339.88,4.0,308.0,987.58,
2014,5,4,16,16.55,52.99,138.0,0.0,138.0,337.42,4.05,310.0,988.39,
2014,5,4,17,16.58,51.89,192.0,0.0,192.0,334.95,4.1,312.0,989.2,
2014,5,4,18,15.16,52.97,319.0,164.21,237.0,329.47,4.38,319.0,990.34,
2014,5,4,19,13.73,54.06,134.0,11.02,130.0,323.98,4.67,326.0,991.48,
2014,5,4,20,12.3,55.14,167.0,456.79,68.0,318.5,4.95,333.0,992.62,
2014,5,4,21,10.78,56.35,27.0,70.36,22.0,309.33,4.44,339.0,993.92,
2014,5,4,22,9.26,57.55,0.0,0.0,0.0,300.17,3.93,344.0,995.22,
2014,5,4,23,7.74,58.76,0.0,0.0,0.0,291.0,3.42,350.0,996.52,
2014,5,5,0,6.74,59.0,0.0,0.0,0.0,283.3,3.53,355.0,997.39,
2014,5,5,1,5.74,59.25,0.0,0.0,0.0,275.6,3.63,0.0,998.27,
2014,5,5,2,4.74,59.49,0.0,0.0,0.0,267.9,3.74,5.0,999.15,
2014,5,5,3,4.17,60.44,0.0,0.0,0.0,263.13,3.52,12.0,999.93,
2014,5,5,4,3.6,61.4,0.0,0.0,0.0,258.37,3.3,19.0,1000.71,
2014,5,5,5,3.03,62.35,0.0,0.0,0.0,253.6,3.08,25.0,1001.49,
2014,5,5,6,3.11,60.64,0.0,0.0,0.0,253.87,3.32,33.0,1002.27,
2014,5,5,7,3.2,58.93,7.0,0.0,7.0,254.13,3.56,40.0,1003.05,
2014,5,5,8,3.28,57.22,113.0,77.16,95.0,254.4,3.81,48.0,1003.83,
2014,5,5,9,4.95,52.05,240.0,179.54,172.0,255.33,3.52,55.0,1003.9,
2014,5,5,10,6.62,46.87,438.0,482.65,190.0,256.27,3.23,63.0,1003.96,
2014,5,5,11,8.28,41.7,525.0,421.06,260.0,257.2,2.94,71.0,1004.03,
2014,5,5,12,9.68,38.37,665.0,592.36,240.0,261.45,3.21,75.0,1003.57,
2014,5,5,13,11.08,35.04,774.0,761.52,186.0,265.7,3.48,79.0,1003.12,
2014,5,5,14,12.48,31.71,794.0,767.43,188.0,269.95,3.75,82.0,1002.66,
2014,5,5,15,13.2,31.01,769.0,759.62,185.0,274.88,3.99,87.0,1002.17,
2014,5,5,16,13.93,30.32,654.0,578.04,243.0,279.82,4.22,91.0,1001.69,
2014,5,5,17,14.65,29.62,478.0,317.61,281.0,284.75,4.46,96.0,1001.2,
2014,5,5,18,13.35,31.99,431.0,499.34,180.0,280.4,3.96,96.0,1000.94,
2014,5,5,19,12.04,34.36,230.0,177.46,165.0,276.05,3.47,95.0,1000.68,
2014,5,5,20,10.73,36.73,143.0,249.54,88.0,271.7,2.98,95.0,1000.42,
2014,5,5,21,9.81,38.93,26.0,53.36,22.0,273.15,3.01,99.0,1000.61,
2014,5,5,22,8.88,41.14,0.0,0.0,0.0,274.6,3.03,103.0,1000.81,
2014,5,5,23,7.96,43.34,0.0,0.0,0.0,276.05,3.06,106.0,1001.0,
2014,5,6,0,7.57,44.18,0.0,0.0,0.0,279.48,3.1,108.0,1000.52,
2014,5,6,1,7.18,45.01,0.0,0.0,0.0,282.92,3.14,111.0,1000.03,
2014,5,6,2,6.8,45.85,0.0,0.0,0.0,286.35,3.19,113.0,999.54,
2014,5,6,3,6.79,46.46,0.0,0.0,0.0,289.93,3.36,115.0,999.22,
2014,5,6,4,6.78,47.06,0.0,0.0,0.0,293.52,3.53,117.0,998.89,
2014,5,6,5,6.77,47.67,0.0,0.0,0.0,297.1,3.7,120.0,998.57,
2014,5,6,6,8.1,47.34,0.0,0.0,0.0,303.77,3.82,123.0,998.21,
2014,5,6,7,9.44,47.01,5.0,0.0,5.0,310.43,3.94,127.0,997.85,
2014,5,6,8,10.77,46.68,102.0,42.14,92.0,317.1,4.07,131.0,997.49,
2014,5,6,9,12.6,45.7,331.0,559.4,117.0,310.95,4.46,134.0,996.81,
2014,5,6,10,14.42,44.73,452.0,527.61,179.0,304.8,4.86,136.0,996.13,
2014,5,6,11,16.24,43.75,425.0,181.74,310.0,298.65,5.26,139.0,995.44,
2014,5,6,12,17.58,43.42,705.0,713.2,191.0,305.53,5.33,141.0,994.83,
2014,5,6,13,18.91,43.08,803.0,853.94,141.0,312.42,5.41,143.0,994.21,
2014,5,6,14,20.25,42.75,815.0,828.85,158.0,319.3,5.49,145.0,993.59,
2014,5,6,15,20.89,42.89,729.0,621.93,249.0,322.53,5.69,147.0,993.07,
2014,5,6,16,21.53,43.04,713.0,767.45,165.0,325.77,5.89,149.0,992.55,
2014,5,6,17,22.17,43.18,619.0,782.85,131.0,329.0,6.1,151.0,992.03,
2014,5,6,18,20.62,45.88,469.0,650.3,140.0,325.23,5.56,148.0,991.97,
2014,5,6,19,19.06,48.58,242.0,205.56,166.0,321.47,5.02,145.0,991.9,
2014,5,6,20,17.5,51.28,84.0,22.32,79.0,317.7,4.48,142.0,991.84,
2014,5,6,21,16.51,54.03,7.0,0.0,7.0,315.5,4.57,145.0,991.93,
2014,5,6,22,15.51,56.79,0.0,0.0,0.0,313.3,4.66,149.0,992.03,
2014,5,6,23,14.52,59.54,0.0,0.0,0.0,311.1,4.74,153.0,992.13,
2014,5,7,0,14.06,61.36,0.0,0.0,0.0,310.78,4.72,157.0,991.8,
2014,5,7,1,13.6,63.19,0.0,0.0,0.0,310.47,4.69,160.0,991.48,
2014,5,7,2,13.15,65.01,0.0,0.0,0.0,310.15,4.66,164.0,991.15,
2014,5,7,3,13.12,66.06,0.0,0.0,0.0,309.37,4.52,167.0,990.83,
2014,5,7,4,13.1,67.12,0.0,0.0,0.0,308.58,4.39,169.0,990.5,
2014,5,7,5,13.08,68.17,0.0,0.0,0.0,307.8,4.25,172.0,990.18,
2014,5,7,6,14.32,67.84,0.0,0.0,0.0,311.17,4.09,176.0,989.98,
2014,5,7,7,15.57,67.5,9.0,0.0,9.0,314.53,3.94,180.0,989.79,
2014,5,7,8,16.81,67.17,141.0,161.65,102.0,317.9,3.78,184.0,989.59,
2014,5,7,9,18.84,62.14,328.0,517.77,128.0,323.08,3.99,186.0,989.14,
2014,5,7,10,20.86,57.1,472.0,598.93,160.0,328.27,4.19,188.0,988.68,
2014,5,7,11,22.88,52.07,614.0,704.33,166.0,333.45,4.4,190.0,988.23,
2014,5,7,12,23.8,48.78,676.0,606.49,237.0,341.07,4.7,195.0,987.58,
2014,5,7,13,24.72,45.48,604.0,303.24,368.0,348.68,5.01,201.0,986.93,
2014,5,7,14,25.64,42.19,508.0,134.49,401.0,356.3,5.31,206.0,986.28,
2014,5,7,15,24.7,45.97,475.0,113.59,387.0,363.57,5.55,218.0,986.37,
2014,5,7,16,23.77,49.76,592.0,391.9,311.0,370.83,5.8,230.0,986.47,
2014,5,7,17,22.83,53.54,382.0,122.92,305.0,378.1,6.04,243.0,986.57,
2014,5,7,18,20.26,58.38,191.0,9.82,186.0,373.45,5.63,268.0,987.58,
2014,5,7,19,17.68,63.22,153.0,24.12,144.0,368.8,5.21,293.0,988.58,
2014,5,7,20,15.1,68.06,73.0,8.79,71.0,364.15,4.8,318.0,989.59,
2014,5,7,21,13.64,69.36,9.0,0.0,9.0,355.4,4.66,318.0,990.7,
2014,5,7,22,12.17,70.65,0.0,0.0,0.0,346.65,4.52,319.0,991.8,
2014,5,7,23,10.71,71.95,0.0,0.0,0.0,337.9,4.39,319.0,992.91,
2014,5,8,0,10.01,70.18,0.0,0.0,0.0,329.12,4.4,315.0,993.62,
2014,5,8,1,9.32,68.42,0.0,0.0,0.0,320.33,4.4,311.0,994.34,
2014,5,8,2,8.62,66.65,0.0,0.0,0.0,311.55,4.41,307.0,995.05,
2014,5,8,3,8.04,65.39,0.0,0.0,0.0,300.47,4.0,307.0,996.0,
2014,5,8,4,7.46,64.12,0.0,0.0,0.0,289.38,3.58,307.0,996.94,
2014,5,8,5,6.88,62.86,0.0,0.0,0.0,278.3,3.16,307.0,997.88,
2014,5,8,6,7.57,60.05,0.0,0.0,0.0,270.9,3.37,305.0,998.73,
2014,5,8,7,8.26,57.25,43.0,90.14,34.0,263.5,3.58,303.0,999.57,
2014,5,8,8,8.95,54.44,198.0,514.05,72.0,256.1,3.79,300.0,1000.42,
2014,5,8,9,10.22,47.45,348.0,618.1,107.0,256.82,4.03,297.0,1000.55,
2014,5,8,10,11.49,40.45,503.0,726.61,122.0,257.53,4.27,293.0,1000.68,
2014,5,8,11,12.76,33.46,635.0,775.86,139.0,258.25,4.51,290.0,1000.81,
2014,5,8,12,13.32,31.85,732.0,786.9,160.0,261.13,5.22,287.0,1000.65,
2014,5,8,13,13.88,30.25,797.0,809.01,165.0,264.02,5.94,284.0,1000.48,
2014,5,8,14,14.44,28.64,808.0,785.23,181.0,266.9,6.65,281.0,1000.32,
2014,5,8,15,14.59,28.3,774.0,747.18,193.0,268.28,6.59,284.0,1000.35,
2014,5,8,16,14.73,27.97,723.0,783.41,159.0,269.67,6.54,287.0,1000.39,
2014,5,8,17,14.88,27.63,629.0,799.13,126.0,271.05,6.48,290.0,1000.42,
2014,5,8,18,13.72,28.64,486.0,704.69,125.0,270.88,5.67,295.0,1000.84,
2014,5,8,19,12.56,29.65,336.0,629.58,99.0,270.72,4.86,299.0,1001.26,
2014,5,8,20,11.39,30.66,177.0,441.23,75.0,270.55,4.04,303.0,1001.69,
2014,5,8,21,10.13,32.29,35.0,81.03,28.0,266.88,3.55,306.0,1002.47,
2014,5,8,22,8.86,33.91,0.0,0.0,0.0,263.22,3.06,308.0,1003.25,
2014,5,8,23,7.59,35.54,0.0,0.0,0.0,259.55,2.57,311.0,1004.03,
2014,5,9,0,6.81,37.67,0.0,0.0,0.0,255.38,2.49,308.0,1004.38,
2014,5,9,1,6.04,39.8,0.0,0.0,0.0,251.22,2.42,305.0,1004.74,
2014,5,9,2,5.26,41.93,0.0,0.0,0.0,247.05,2.34,303.0,1005.1,
2014,5,9,3,4.89,44.34,0.0,0.0,0.0,244.65,2.34,300.0,1005.46,
2014,5,9,4,4.51,46.76,0.0,0.0,0.0,242.25,2.34,297.0,1005.82,
2014,5,9,5,4.14,49.17,0.0,0.0,0.0,239.85,2.34,294.0,1006.17,
2014,5,9,6,5.7,48.87,0.0,0.0,0.0,242.45,2.57,291.0,1006.34,
2014,5,9,7,7.27,48.57,41.0,57.8,35.0,245.05,2.8,288.0,1006.5,
2014,5,9,8,8.83,48.27,204.0,538.44,70.0,247.65,3.02,284.0,1006.66,
2014,5,9,9,10.82,44.3,354.0,632.88,105.0,253.67,3.3,286.0,1006.5,
2014,5,9,10,12.81,40.32,499.0,689.81,135.0,259.68,3.58,289.0,1006.34,
2014,5,9,11,14.79,36.35,642.0,792.3,133.0,265.7,3.86,291.0,1006.17,
2014,5,9,12,15.85,35.64,747.0,833.01,139.0,271.25,3.93,293.0,1005.62,
2014,5,9,13,16.91,34.93,808.0,840.49,149.0,276.8,3.99,296.0,1005.07,
2014,5,9,14,17.97,34.22,838.0,878.57,134.0,282.35,4.06,298.0,1004.51,
2014,5,9,15,18.58,34.07,804.0,839.32,149.0,286.05,4.08,299.0,1004.06,
2014,5,9,16,19.19,33.91,734.0,814.9,145.0,289.75,4.11,300.0,1003.6,
2014,5,9,17,19.8,33.76,626.0,771.66,138.0,293.45,4.14,301.0,1003.15,
2014,5,9,18,18.28,36.75,481.0,667.46,137.0,292.8,3.59,296.0,1002.99,
2014,5,9,19,16.76,39.73,333.0,587.25,110.0,292.15,3.04,290.0,1002.82,
2014,5,9,20,15.24,42.72,182.0,451.69,76.0,291.5,2.5,285.0,1002.66,
2014,5,9,21,13.55,47.9,38.0,88.79,30.0,290.1,2.74,285.0,1002.79,
2014,5,9,22,11.85,53.07,0.0,0.0,0.0,288.7,2.97,285.0,1002.92,
2014,5,9,23,10.15,58.25,0.0,0.0,0.0,287.3,3.21,285.0,1003.05,
2014,5,10,0,9.35,61.56,0.0,0.0,0.0,285.07,3.11,294.0,1002.99,
2014,5,10,1,8.55,64.87,0.0,0.0,0.0,282.83,3.01,303.0,1002.92,
2014,5,10,2,7.76,68.18,0.0,0.0,0.0,280.6,2.91,311.0,1002.86,
2014,5,10,3,7.08,72.44,0.0,0.0,0.0,278.3,2.89,324.0,1003.08,
2014,5,10,4,6.4,76.71,0.0,0.0,0.0,276.0,2.87,336.0,1003.31,
2014,5,10,5,5.72,80.97,0.0,0.0,0.0,273.7,2.86,348.0,1003.54,
2014,5,10,6,7.67,76.05,0.0,0.0,0.0,275.25,2.21,36.0,1003.8,
2014,5,10,7,9.62,71.12,46.0,74.3,38.0,276.8,1.56,84.0,1004.06,
2014,5,10,8,11.57,66.2,200.0,479.16,79.0,278.35,0.91,133.0,1004.32,
2014,5,10,9,14.14,57.55,358.0,637.47,105.0,283.28,1.01,155.0,1003.9,
2014,5,10,10,16.7,48.89,513.0,744.0,118.0,288.22,1.1,177.0,1003.47,
2014,5,10,11,19.26,40.24,575.0,532.93,231.0,293.15,1.2,199.0,1003.05,
2014,5,10,12,20.11,37.0,730.0,760.11,173.0,299.92,1.69,217.0,1002.43,
2014,5,10,13,20.96,33.75,794.0,780.31,180.0,306.68,2.17,235.0,1001.82,
2014,5,10,14,21.81,30.51,759.0,618.13,262.0,313.45,2.66,254.0,1001.2,
2014,5,10,15,22.17,30.01,763.0,692.08,221.0,317.37,2.86,257.0,1000.71,
2014,5,10,16,22.54,29.5,515.0,219.13,356.0,321.28,3.05,261.0,1000.22,
2014,5,10,17,22.9,29.0,629.0,772.85,138.0,325.2,3.24,264.0,999.74,
2014,5,10,18,21.03,33.36,495.0,721.38,121.0,317.77,3.1,253.0,999.57,
2014,5,10,19,19.16,37.72,345.0,647.55,97.0,310.33,2.97,243.0,999.41,
2014,5,10,20,17.29,42.08,186.0,466.13,75.0,302.9,2.83,232.0,999.25,
2014,5,10,21,15.64,46.0,42.0,106.65,32.0,300.18,2.77,233.0,999.44,
2014,5,10,22,13.98,49.91,0.0,0.0,0.0,297.47,2.71,235.0,999.64,
2014,5,10,23,12.33,53.83,0.0,0.0,0.0,294.75,2.65,237.0,999.83,
2014,5,11,0,11.77,55.75,0.0,0.0,0.0,292.78,2.71,242.0,999.7,
2014,5,11,1,11.21,57.67,0.0,0.0,0.0,290.82,2.78,248.0,999.57,
2014,5,11,2,10.65,59.59,0.0,0.0,0.0,288.85,2.84,253.0,999.44,
2014,5,11,3,10.39,61.5,0.0,0.0,0.0,287.38,2.77,256.0,999.57,
2014,5,11,4,10.13,63.4,0.0,0.0,0.0,285.92,2.7,258.0,999.7,
2014,5,11,5,9.87,65.31,0.0,0.0,0.0,284.45,2.63,260.0,999.83,
2014,5,11,6,11.57,61.51,0.0,0.0,0.0,286.5,2.73,260.0,1000.09,
2014,5,11,7,13.26,57.72,64.0,224.33,39.0,288.55,2.82,260.0,1000.35,
2014,5,11,8,14.96,53.92,153.0,171.82,109.0,290.6,2.91,261.0,1000.61,
2014,5,11,9,17.26,48.79,253.0,172.4,184.0,296.3,3.05,259.0,1000.42,
2014,5,11,10,19.55,43.66,299.0,89.88,251.0,302.0,3.2,257.0,1000.22,
2014,5,11,11,21.84,38.53,514.0,348.52,288.0,307.7,3.34,256.0,1000.03,
2014,5,11,12,22.5,35.18,414.0,77.49,357.0,316.83,3.52,255.0,999.61,
2014,5,11,13,23.17,31.84,419.0,55.73,375.0,325.97,3.7,253.0,999.18,
2014,5,11,14,23.83,28.49,575.0,213.21,403.0,335.1,3.88,252.0,998.76,
2014,5,11,15,23.9,29.19,584.0,254.51,384.0,340.12,3.35,253.0,998.63,
2014,5,11,16,23.97,29.89,384.0,57.67,342.0,345.13,2.83,254.0,998.5,
2014,5,11,17,24.04,30.59,250.0,9.4,244.0,350.15,2.3,254.0,998.37,
2014,5,11,18,22.6,34.14,156.0,0.0,156.0,349.82,2.55,246.0,998.08,
2014,5,11,19,21.16,37.7,176.0,41.43,160.0,349.48,2.8,237.0,997.79,
2014,5,11,20,19.71,41.25,68.0,4.14,67.0,349.15,3.05,228.0,997.49,
2014,5,11,21,18.97,41.87,15.0,0.0,15.0,349.52,3.37,227.0,997.49,
2014,5,11,22,18.22,42.48,0.0,0.0,0.0,349.88,3.68,226.0,997.49,
2014,5,11,23,17.47,43.1,0.0,0.0,0.0,350.25,4.0,225.0,997.49,
2014,5,12,0,17.24,43.93,0.0,0.0,0.0,348.37,4.1,231.0,997.39,
2014,5,12,1,17.01,44.76,0.0,0.0,0.0,346.48,4.19,237.0,997.3,
2014,5,12,2,16.77,45.59,0.0,0.0,0.0,344.6,4.29,243.0,997.2,
2014,5,12,3,16.6,47.0,0.0,0.0,0.0,340.57,4.1,245.0,997.33,
2014,5,12,4,16.43,48.42,0.0,0.0,0.0,336.53,3.91,247.0,997.46,
2014,5,12,5,16.26,49.83,0.0,0.0,0.0,332.5,3.72,249.0,997.59,
2014,5,12,6,17.24,48.07,0.0,0.0,0.0,327.28,3.74,248.0,997.65,
2014,5,12,7,18.23,46.31,41.0,34.75,37.0,322.07,3.76,247.0,997.72,
2014,5,12,8,19.21,44.55,167.0,227.31,108.0,316.85,3.78,246.0,997.79,
2014,5,12,9,21.14,40.17,317.0,394.06,158.0,319.98,4.27,247.0,997.39,
2014,5,12,10,23.06,35.78,495.0,629.28,157.0,323.12,4.76,247.0,997.0,
2014,5,12,11,24.98,31.4,634.0,724.66,162.0,326.25,5.26,248.0,996.61,
2014,5,12,12,26.03,29.05,740.0,776.05,167.0,330.12,5.57,249.0,996.19,
2014,5,12,13,27.07,26.69,809.0,811.62,166.0,333.98,5.88,251.0,995.77,
2014,5,12,14,28.12,24.34,829.0,817.96,167.0,337.85,6.19,252.0,995.35,
2014,5,12,15,28.35,23.94,817.0,857.38,141.0,338.93,6.34,254.0,995.18,
2014,5,12,16,28.57,23.55,747.0,833.08,138.0,340.02,6.48,255.0,995.02,
2014,5,12,17,28.8,23.15,629.0,747.3,150.0,341.1,6.62,257.0,994.86,
2014,5,12,18,27.46,24.24,494.0,684.55,135.0,338.15,6.11,256.0,994.86,
2014,5,12,19,26.12,25.34,329.0,518.83,127.0,335.2,5.59,256.0,994.86,
2014,5,12,20,24.77,26.43,158.0,232.75,101.0,332.25,5.08,255.0,994.86,
2014,5,12,21,23.49,28.38,10.0,0.0,10.0,328.65,5.02,259.0,995.25,
2014,5,12,22,22.2,30.33,0.0,0.0,0.0,325.05,4.97,263.0,995.64,
2014,5,12,23,20.92,32.28,0.0,0.0,0.0,321.45,4.91,267.0,996.03,
2014,5,13,0,20.01,34.98,0.0,0.0,0.0,319.15,4.51,272.0,996.29,
2014,5,13,1,19.11,37.68,0.0,0.0,0.0,316.85,4.1,277.0,996.55,
2014,5,13,2,18.2,40.38,0.0,0.0,0.0,314.55,3.7,282.0,996.81,
2014,5,13,3,17.47,44.07,0.0,0.0,0.0,312.97,3.5,284.0,997.13,
2014,5,13,4,16.73,47.76,0.0,0.0,0.0,311.38,3.3,286.0,997.46,
2014,5,13,5,15.99,51.45,0.0,0.0,0.0,309.8,3.1,288.0,997.79,
2014,5,13,6,17.28,49.25,0.0,0.0,0.0,311.0,2.97,286.0,997.88,
2014,5,13,7,18.56,47.06,9.0,0.0,9.0,312.2,2.84,285.0,997.98,
2014,5,13,8,19.85,44.86,154.0,155.94,113.0,313.4,2.7,284.0,998.08,
2014,5,13,9,21.81,41.04,304.0,327.06,171.0,318.97,2.62,284.0,997.95,
2014,5,13,10,23.76,37.22,492.0,607.31,164.0,324.53,2.53,283.0,997.82,
2014,5,13,11,25.71,33.4,630.0,698.63,173.0,330.1,2.44,283.0,997.69,
2014,5,13,12,26.64,31.32,735.0,747.62,181.0,335.23,2.77,283.0,997.33,
2014,5,13,13,27.57,29.23,784.0,723.44,209.0,340.37,3.1,283.0,996.97,
2014,5,13,14,28.5,27.15,804.0,729.18,212.0,345.5,3.43,283.0,996.61,
2014,5,13,15,28.79,26.32,784.0,737.03,201.0,346.4,3.69,285.0,996.39,
2014,5,13,16,29.09,25.5,697.0,647.44,222.0,347.3,3.95,287.0,996.16,
2014,5,13,17,29.38,24.67,621.0,706.82,166.0,348.2,4.21,289.0,995.93,
2014,5,13,18,27.45,28.01,489.0,648.53,147.0,344.37,3.74,289.0,995.87,
2014,5,13,19,25.52,31.34,342.0,573.34,117.0,340.53,3.28,290.0,995.8,
2014,5,13,20,23.58,34.68,192.0,443.18,82.0,336.7,2.81,291.0,995.74,
2014,5,13,21,21.49,38.9,41.0,57.43,35.0,332.27,2.84,286.0,996.0,
2014,5,13,22,19.39,43.11,0.0,0.0,0.0,327.83,2.86,282.0,996.26,
2014,5,13,23,17.29,47.33,0.0,0.0,0.0,323.4,2.88,278.0,996.52,
2014,5,14,0,16.28,50.04,0.0,0.0,0.0,320.53,2.79,274.0,996.45,
2014,5,14,1,15.27,52.76,0.0,0.0,0.0,317.67,2.69,271.0,996.39,
2014,5,14,2,14.26,55.47,0.0,0.0,0.0,314.8,2.59,268.0,996.32,
2014,5,14,3,13.81,57.18,0.0,0.0,0.0,312.6,2.57,269.0,996.42,
2014,5,14,4,13.37,58.89,0.0,0.0,0.0,310.4,2.54,271.0,996.52,
2014,5,14,5,12.93,60.6,0.0,0.0,0.0,308.2,2.51,273.0,996.61,
2014,5,14,6,15.08,56.08,0.0,0.0,0.0,309.18,2.43,281.0,996.94,
2014,5,14,7,17.24,51.56,42.0,24.56,39.0,310.17,2.35,289.0,997.26,
2014,5,14,8,19.39,47.04,204.0,413.23,94.0,311.15,2.28,297.0,997.59,
2014,5,14,9,21.98,40.48,343.0,493.02,141.0,316.03,2.14,299.0,997.43,
2014,5,14,10,24.57,33.92,504.0,644.61,154.0,320.92,2.0,301.0,997.26,
2014,5,14,11,27.15,27.36,644.0,739.9,158.0,325.8,1.86,303.0,997.1,
2014,5,14,12,27.84,24.47,746.0,777.3,168.0,330.77,2.23,295.0,996.68,
2014,5,14,13,28.52,21.59,814.0,812.72,166.0,335.73,2.59,286.0,996.26,
2014,5,14,14,29.21,18.7,835.0,819.07,168.0,340.7,2.95,278.0,995.83,
2014,5,14,15,29.41,18.85,814.0,826.71,158.0,341.0,3.12,281.0,995.57,
2014,5,14,16,29.61,18.99,733.0,759.27,174.0,341.3,3.29,284.0,995.31,
2014,5,14,17,29.81,19.14,628.0,720.88,162.0,341.6,3.46,286.0,995.05,
2014,5,14,18,27.69,24.0,503.0,701.61,131.0,338.18,3.04,293.0,994.86,
2014,5,14,19,25.57,28.87,345.0,576.49,117.0,334.77,2.63,299.0,994.66,
2014,5,14,20,23.45,33.73,195.0,445.39,83.0,331.35,2.21,306.0,994.47,
2014,5,14,21,21.31,38.8,49.0,101.91,38.0,328.23,2.4,306.0,994.66,
2014,5,14,22,19.16,43.86,0.0,0.0,0.0,325.12,2.58,306.0,994.86,
2014,5,14,23,17.01,48.93,0.0,0.0,0.0,322.0,2.77,306.0,995.05,
2014,5,15,0,15.56,55.27,0.0,0.0,0.0,319.5,2.74,301.0,994.92,
2014,5,15,1,14.11,61.62,0.0,0.0,0.0,317.0,2.7,296.0,994.79,
2014,5,15,2,12.66,67.96,0.0,0.0,0.0,314.5,2.66,292.0,994.66,
2014,5,15,3,12.47,68.94,0.0,0.0,0.0,311.97,2.86,293.0,994.63,
2014,5,15,4,12.27,69.93,0.0,0.0,0.0,309.43,3.05,293.0,994.6,
2014,5,15,5,12.07,70.91,0.0,0.0,0.0,306.9,3.24,294.0,994.57,
2014,5,15,6,14.69,65.99,0.0,0.0,0.0,310.47,2.85,290.0,994.73,
2014,5,15,7,17.3,61.06,53.0,63.72,45.0,314.03,2.46,285.0,994.89,
2014,5,15,8,19.92,56.14,216.0,486.32,85.0,317.6,2.07,280.0,995.05,
2014,5,15,9,23.13,47.15,363.0,579.13,124.0,325.2,1.88,284.0,994.96,
2014,5,15,10,26.34,38.17,524.0,725.61,128.0,332.8,1.69,287.0,994.86,
2014,5,15,11,29.54,29.18,664.0,814.29,127.0,340.4,1.5,291.0,994.76,
2014,5,15,12,30.17,27.19,769.0,853.77,132.0,346.05,1.9,295.0,994.47,
2014,5,15,13,30.79,25.21,830.0,860.27,142.0,351.7,2.3,299.0,994.18,
2014,5,15,14,31.41,23.22,851.0,866.85,143.0,357.35,2.7,303.0,993.88,
2014,5,15,15,31.59,22.84,816.0,827.95,157.0,358.9,2.98,305.0,993.62,
2014,5,15,16,31.76,22.45,739.0,774.27,167.0,360.45,3.26,308.0,993.36,
2014,5,15,17,31.94,22.07,630.0,722.56,161.0,362.0,3.54,310.0,993.1,
2014,5,15,18,29.82,26.13,498.0,664.14,144.0,358.5,3.31,310.0,993.04,
2014,5,15,19,27.7,30.18,351.0,589.71,116.0,355.0,3.07,310.0,992.97,
2014,5,15,20,25.58,34.24,192.0,400.51,90.0,351.5,2.83,309.0,992.91,
2014,5,15,21,23.43,39.33,48.0,80.83,39.0,348.18,2.88,309.0,993.2,
2014,5,15,22,21.27,44.41,0.0,0.0,0.0,344.87,2.93,309.0,993.49,
2014,5,15,23,19.12,49.5,0.0,0.0,0.0,341.55,2.98,309.0,993.79,
2014,5,16,0,18.13,52.77,0.0,0.0,0.0,339.22,2.79,312.0,993.72,
2014,5,16,1,17.15,56.04,0.0,0.0,0.0,336.88,2.59,314.0,993.66,
2014,5,16,2,16.17,59.31,0.0,0.0,0.0,334.55,2.4,317.0,993.59,
2014,5,16,3,15.55,62.84,0.0,0.0,0.0,331.82,2.62,318.0,993.53,
2014,5,16,4,14.93,66.37,0.0,0.0,0.0,329.08,2.84,320.0,993.46,
2014,5,16,5,14.32,69.9,0.0,0.0,0.0,326.35,3.06,322.0,993.4,
2014,5,16,6,16.75,64.56,0.0,0.0,0.0,332.03,2.56,319.0,993.56,
2014,5,16,7,19.19,59.22,57.0,77.63,47.0,337.72,2.06,316.0,993.72,
2014,5,16,8,21.62,53.88,212.0,436.79,93.0,343.4,1.56,313.0,993.88,
2014,5,16,9,24.13,46.35,351.0,505.33,141.0,349.0,1.27,313.0,993.79,
2014,5,16,10,26.64,38.81,513.0,660.05,151.0,354.6,0.99,313.0,993.69,
2014,5,16,11,29.15,31.28,660.0,785.49,140.0,360.2,0.7,312.0,993.59,
2014,5,16,12,29.5,29.12,755.0,793.56,161.0,367.03,1.39,306.0,993.43,
2014,5,16,13,29.84,26.95,833.0,861.48,142.0,373.87,2.08,300.0,993.27,
2014,5,16,14,30.19,24.79,853.0,868.04,142.0,380.7,2.77,294.0,993.1,
2014,5,16,15,29.92,25.95,810.0,797.92,173.0,381.98,3.19,295.0,993.01,
2014,5,16,16,29.66,27.1,67.0,0.0,67.0,383.27,3.6,297.0,992.91,
2014,5,16,17,29.39,28.26,62.0,0.0,62.0,384.55,4.01,298.0,992.81,
2014,5,16,18,28.04,30.24,425.0,373.28,225.0,378.38,3.45,303.0,992.52,
2014,5,16,19,26.69,32.22,361.0,637.69,105.0,372.22,2.89,307.0,992.23,
2014,5,16,20,25.34,34.2,196.0,411.13,90.0,366.05,2.33,312.0,991.93,
2014,5,16,21,23.44,39.27,50.0,87.18,40.0,357.77,2.37,316.0,992.26,
2014,5,16,22,21.54,44.34,0.0,0.0,0.0,349.48,2.4,321.0,992.58,
2014,5,16,23,19.64,49.41,0.0,0.0,0.0,341.2,2.44,325.0,992.91,
2014,5,17,0,19.13,51.38,0.0,0.0,0.0,337.75,3.19,326.0,993.27,
2014,5,17,1,18.62,53.34,0.0,0.0,0.0,334.3,3.94,327.0,993.62,
2014,5,17,2,18.1,55.31,0.0,0.0,0.0,330.85,4.69,329.0,993.98,
2014,5,17,3,17.36,57.32,0.0,0.0,0.0,328.52,4.96,335.0,994.79,
2014,5,17,4,16.61,59.34,0.0,0.0,0.0,326.18,5.23,342.0,995.61,
2014,5,17,5,15.87,61.35,0.0,0.0,0.0,323.85,5.5,349.0,996.42,
2014,5,17,6,15.48,60.78,0.0,0.0,0.0,321.0,5.71,356.0,997.46,
2014,5,17,7,15.08,60.22,54.0,53.03,47.0,318.15,5.93,4.0,998.5,
2014,5,17,8,14.69,59.65,233.0,577.3,74.0,315.3,6.14,11.0,999.54,
2014,5,17,9,15.58,55.24,379.0,640.61,111.0,314.1,5.91,16.0,999.87,
2014,5,17,10,16.47,50.82,524.0,700.49,138.0,312.9,5.69,21.0,1000.19,
2014,5,17,11,17.36,46.41,652.0,743.46,158.0,311.7,5.46,27.0,1000.52,
2014,5,17,12,18.0,42.46,750.0,764.44,176.0,311.8,5.26,29.0,1000.55,
2014,5,17,13,18.63,38.52,699.0,461.22,328.0,311.9,5.05,32.0,1000.58,
2014,5,17,14,19.27,34.57,614.0,258.11,402.0,312.0,4.84,34.0,1000.61,
2014,5,17,15,19.49,32.97,609.0,279.78,385.0,310.57,4.59,38.0,1000.58,
2014,5,17,16,19.71,31.36,504.0,181.54,369.0,309.13,4.34,41.0,1000.55,
2014,5,17,17,19.93,29.76,564.0,476.91,252.0,307.7,4.08,44.0,1000.52,
2014,5,17,18,18.76,31.68,503.0,666.67,144.0,304.73,3.69,51.0,1000.61,
2014,5,17,19,17.59,33.59,365.0,640.53,106.0,301.77,3.29,58.0,1000.71,
2014,5,17,20,16.42,35.51,207.0,475.22,83.0,298.8,2.9,64.0,1000.81,
2014,5,17,21,15.18,37.2,43.0,42.37,38.0,295.13,2.91,71.0,1001.2,
2014,5,17,22,13.93,38.89,0.0,0.0,0.0,291.47,2.91,77.0,1001.59,
2014,5,17,23,12.69,40.58,0.0,0.0,0.0,287.8,2.92,83.0,1001.98,
2014,5,18,0,12.19,41.3,0.0,0.0,0.0,287.23,2.84,88.0,1001.69,
2014,5,18,1,11.69,42.03,0.0,0.0,0.0,286.67,2.76,93.0,1001.39,
2014,5,18,2,11.19,42.75,0.0,0.0,0.0,286.1,2.68,98.0,1001.1,
2014,5,18,3,10.5,49.0,0.0,0.0,0.0,289.47,2.98,102.0,1001.04,
2014,5,18,4,9.81,55.24,0.0,0.0,0.0,292.83,3.29,105.0,1000.97,
2014,5,18,5,9.13,61.49,0.0,0.0,0.0,296.2,3.6,109.0,1000.91,
2014,5,18,6,8.91,69.57,0.0,0.0,0.0,307.32,3.77,113.0,1000.81,
2014,5,18,7,8.68,77.66,8.0,0.0,8.0,318.43,3.95,117.0,1000.71,
2014,5,18,8,8.46,85.74,20.0,0.0,20.0,329.55,4.12,120.0,1000.61,
2014,5,18,9,8.11,88.85,48.0,0.0,48.0,333.62,3.89,119.0,1000.09,
2014,5,18,10,7.76,91.97,95.0,0.0,95.0,337.68,3.65,117.0,999.57,
2014,5,18,11,7.4,95.08,106.0,0.0,106.0,341.75,3.41,116.0,999.05,
2014,5,18,12,7.3,95.6,129.0,0.0,129.0,342.35,3.47,113.0,998.63,
2014,5,18,13,7.19,96.11,79.0,0.0,79.0,342.95,3.54,110.0,998.21,
2014,5,18,14,7.08,96.63,103.0,0.0,103.0,343.55,3.6,108.0,997.79,
2014,5,18,15,7.24,96.97,96.0,0.0,96.0,344.92,4.03,97.0,997.72,
2014,5,18,16,7.39,97.3,101.0,0.0,101.0,346.28,4.46,86.0,997.65,
2014,5,18,17,7.55,97.64,89.0,0.0,89.0,347.65,4.9,75.0,997.59,
2014,5,18,18,6.83,96.76,57.0,0.0,57.0,344.13,4.75,66.0,998.86,
2014,5,18,19,6.11,95.89,55.0,0.0,55.0,340.62,4.61,56.0,1000.13,
2014,5,18,20,5.39,95.01,49.0,0.0,49.0,337.1,4.47,47.0,1001.39,
2014,5,18,21,5.07,93.75,9.0,0.0,9.0,331.8,4.32,43.0,1001.72,
2014,5,18,22,4.74,92.48,0.0,0.0,0.0,326.5,4.17,39.0,1002.04,
2014,5,18,23,4.42,91.22,0.0,0.0,0.0,321.2,4.01,36.0,1002.37,
2014,5,19,0,4.01,90.32,0.0,0.0,0.0,305.75,3.78,31.0,1002.34,
2014,5,19,1,3.6,89.41,0.0,0.0,0.0,290.3,3.54,26.0,1002.3,
2014,5,19,2,3.19,88.51,0.0,0.0,0.0,274.85,3.31,22.0,1002.27,
2014,5,19,3,3.02,87.87,0.0,0.0,0.0,264.25,3.14,20.0,1002.37,
2014,5,19,4,2.85,87.24,0.0,0.0,0.0,253.65,2.98,19.0,1002.47,
2014,5,19,5,2.68,86.6,0.0,0.0,0.0,243.05,2.81,17.0,1002.56,
2014,5,19,6,4.03,84.31,0.0,0.0,0.0,244.37,2.99,19.0,1002.73,
2014,5,19,7,5.37,82.03,18.0,0.0,18.0,245.68,3.17,21.0,1002.89,
2014,5,19,8,6.72,79.74,235.0,547.9,81.0,247.0,3.35,22.0,1003.05,
2014,5,19,9,8.27,66.8,381.0,620.84,118.0,252.28,3.37,26.0,1002.73,
2014,5,19,10,9.82,53.86,530.0,703.27,139.0,257.57,3.38,30.0,1002.4,
2014,5,19,11,11.37,40.92,661.0,759.22,153.0,262.85,3.39,34.0,1002.08,
2014,5,19,12,12.21,38.94,771.0,826.14,147.0,264.4,3.27,23.0,1001.39,
2014,5,19,13,13.05,36.95,794.0,712.22,218.0,265.95,3.14,13.0,1000.71,
2014,5,19,14,13.89,34.97,842.0,806.58,176.0,267.5,3.02,3.0,1000.03,
2014,5,19,15,14.4,34.64,767.0,642.17,250.0,270.08,3.13,357.0,999.38,
2014,5,19,16,14.92,34.31,624.0,406.27,320.0,272.67,3.23,350.0,998.73,
2014,5,19,17,15.43,33.98,519.0,341.36,294.0,275.25,3.34,344.0,998.08,
2014,5,19,18,14.43,38.22,409.0,307.12,242.0,276.58,2.75,326.0,997.49,
2014,5,19,19,13.43,42.46,205.0,63.42,179.0,277.92,2.16,309.0,996.91,
2014,5,19,20,12.43,46.7,163.0,187.29,113.0,279.25,1.57,291.0,996.32,
2014,5,19,21,11.81,48.03,60.0,112.52,46.0,279.02,2.35,280.0,995.7,
2014,5,19,22,11.19,49.36,0.0,0.0,0.0,278.78,3.13,270.0,995.09,
2014,5,19,23,10.57,50.69,0.0,0.0,0.0,278.55,3.9,259.0,994.47,
2014,5,20,0,10.58,53.46,0.0,0.0,0.0,282.15,4.17,271.0,993.69,
2014,5,20,1,10.6,56.22,0.0,0.0,0.0,285.75,4.45,282.0,992.91,
2014,5,20,2,10.61,58.99,0.0,0.0,0.0,289.35,4.72,293.0,992.13,
2014,5,20,3,10.79,60.55,0.0,0.0,0.0,296.27,4.47,309.0,992.0,
2014,5,20,4,10.97,62.1,0.0,0.0,0.0,303.18,4.23,324.0,991.87,
2014,5,20,5,11.15,63.66,0.0,0.0,0.0,310.1,3.99,340.0,991.74,
2014,5,20,6,11.59,65.07,0.0,0.0,0.0,308.87,4.1,347.0,992.36,
2014,5,20,7,12.02,66.48,16.0,0.0,16.0,307.63,4.22,354.0,992.97,
2014,5,20,8,12.46,67.89,185.0,225.55,121.0,306.4,4.33,2.0,993.59,
2014,5,20,9,13.12,59.94,375.0,577.31,129.0,303.45,4.96,2.0,993.95,
2014,5,20,10,13.78,52.0,376.0,197.03,266.0,300.5,5.58,2.0,994.31,
2014,5,20,11,14.44,44.05,590.0,504.98,251.0,297.55,6.21,2.0,994.66,
2014,5,20,12,14.88,39.78,701.0,590.15,254.0,291.62,6.42,2.0,994.86,
2014,5,20,13,15.31,35.52,797.0,712.88,219.0,285.68,6.64,2.0,995.05,
2014,5,20,14,15.75,31.25,854.0,838.38,160.0,279.75,6.86,2.0,995.25,
2014,5,20,15,15.97,29.71,833.0,846.12,150.0,276.5,6.58,3.0,995.51,
2014,5,20,16,16.2,28.18,764.0,823.45,146.0,273.25,6.3,3.0,995.77,
2014,5,20,17,16.42,26.64,654.0,769.45,145.0,270.0,6.03,4.0,996.03,
2014,5,20,18,15.63,27.77,523.0,723.04,128.0,269.02,5.08,5.0,996.22,
2014,5,20,19,14.84,28.91,360.0,564.53,127.0,268.03,4.13,6.0,996.42,
2014,5,20,20,14.04,30.04,211.0,448.31,90.0,267.05,3.19,7.0,996.61,
2014,5,20,21,12.64,32.55,68.0,164.65,47.0,264.67,2.94,11.0,997.3,
2014,5,20,22,11.23,35.06,0.0,0.0,0.0,262.28,2.7,16.0,997.98,
2014,5,20,23,9.82,37.57,0.0,0.0,0.0,259.9,2.46,20.0,998.66,
2014,5,21,0,8.7,40.94,0.0,0.0,0.0,257.48,2.66,20.0,998.96,
2014,5,21,1,7.58,44.32,0.0,0.0,0.0,255.07,2.87,21.0,999.25,
2014,5,21,2,6.45,47.69,0.0,0.0,0.0,252.65,3.08,22.0,999.54,
2014,5,21,3,5.69,52.35,0.0,0.0,0.0,249.82,2.77,17.0,999.83,
2014,5,21,4,4.93,57.02,0.0,0.0,0.0,246.98,2.46,12.0,1000.13,
2014,5,21,5,4.17,61.68,0.0,0.0,0.0,244.15,2.15,8.0,1000.42,
2014,5,21,6,6.12,60.49,0.0,0.0,0.0,246.13,1.65,330.0,1000.61,
2014,5,21,7,8.06,59.3,75.0,139.19,55.0,248.12,1.14,292.0,1000.81,
2014,5,21,8,10.01,58.11,206.0,328.29,112.0,250.1,0.63,254.0,1001.0,
2014,5,21,9,11.83,51.35,360.0,492.4,149.0,259.87,1.28,259.0,1000.39,
2014,5,21,10,13.65,44.59,413.0,280.09,256.0,269.63,1.93,265.0,999.77,
2014,5,21,11,15.46,37.83,496.0,261.35,320.0,279.4,2.58,270.0,999.15,
2014,5,21,12,16.0,37.4,470.0,121.14,378.0,297.62,2.92,274.0,998.47,
2014,5,21,13,16.53,36.96,569.0,200.54,406.0,315.83,3.26,279.0,997.79,
2014,5,21,14,17.07,36.53,239.0,0.0,239.0,334.05,3.6,283.0,997.1,
2014,5,21,15,17.96,36.51,182.0,0.0,182.0,337.07,3.74,282.0,996.19,
2014,5,21,16,18.85,36.49,291.0,7.97,285.0,340.08,3.88,280.0,995.28,
2014,5,21,17,19.74,36.47,247.0,6.03,243.0,343.1,4.01,279.0,994.37,
2014,5,21,18,19.13,40.57,196.0,5.47,193.0,346.75,3.98,280.0,993.82,
2014,5,21,19,18.52,44.66,69.0,0.0,69.0,350.4,3.95,281.0,993.27,
2014,5,21,20,17.9,48.76,88.0,7.33,86.0,354.05,3.92,283.0,992.71,
2014,5,21,21,17.79,49.15,55.0,68.91,46.0,356.8,4.21,290.0,992.55,
2014,5,21,22,17.67,49.54,0.0,0.0,0.0,359.55,4.51,297.0,992.39,
2014,5,21,23,17.55,49.93,0.0,0.0,0.0,362.3,4.8,304.0,992.23,
2014,5,22,0,17.27,51.45,0.0,0.0,0.0,349.73,4.88,306.0,992.06,
2014,5,22,1,16.99,52.97,0.0,0.0,0.0,337.17,4.97,308.0,991.9,
2014,5,22,2,16.72,54.49,0.0,0.0,0.0,324.6,5.05,309.0,991.74,
2014,5,22,3,16.81,54.01,0.0,0.0,0.0,321.45,4.92,307.0,991.58,
2014,5,22,4,16.9,53.52,0.0,0.0,0.0,318.3,4.79,305.0,991.41,
2014,5,22,5,16.99,53.04,0.0,0.0,0.0,315.15,4.66,303.0,991.25,
2014,5,22,6,18.29,52.22,3.0,0.0,3.0,318.45,4.71,306.0,991.35,
2014,5,22,7,19.58,51.39,101.0,368.97,47.0,321.75,4.75,309.0,991.45,
2014,5,22,8,20.88,50.57,228.0,450.13,98.0,325.05,4.8,312.0,991.54,
2014,5,22,9,22.45,46.82,382.0,589.59,128.0,330.53,5.16,315.0,991.51,
2014,5,22,10,24.02,43.06,540.0,719.76,135.0,336.02,5.52,317.0,991.48,
2014,5,22,11,25.58,39.31,668.0,760.98,154.0,341.5,5.88,319.0,991.45,
2014,5,22,12,26.05,38.4,769.0,797.2,162.0,347.23,6.05,323.0,991.32,
2014,5,22,13,26.51,37.49,851.0,881.29,133.0,352.97,6.22,327.0,991.19,
2014,5,22,14,26.98,36.58,872.0,887.31,134.0,358.7,6.39,331.0,991.06,
2014,5,22,15,27.02,36.67,846.0,878.84,133.0,364.28,5.93,336.0,991.32,
2014,5,22,16,27.05,36.75,714.0,639.9,231.0,369.87,5.48,340.0,991.58,
2014,5,22,17,27.09,36.84,652.0,741.62,158.0,375.45,5.02,344.0,991.84,
2014,5,22,18,25.76,41.05,514.0,660.32,150.0,373.38,4.11,350.0,992.1,
2014,5,22,19,24.43,45.27,359.0,535.82,135.0,371.32,3.2,356.0,992.36,
2014,5,22,20,23.1,49.48,219.0,471.71,89.0,369.25,2.29,2.0,992.62,
2014,5,22,21,21.93,52.99,7.0,0.0,7.0,361.15,2.37,336.0,992.84,
2014,5,22,22,20.75,56.5,0.0,0.0,0.0,353.05,2.46,310.0,993.07,
2014,5,22,23,19.58,60.01,0.0,0.0,0.0,344.95,2.54,283.0,993.3,
2014,5,23,0,18.06,65.77,0.0,0.0,0.0,343.08,2.46,275.0,993.07,
2014,5,23,1,16.55,71.53,0.0,0.0,0.0,341.22,2.39,267.0,992.84,
2014,5,23,2,15.03,77.29,0.0,0.0,0.0,339.35,2.32,259.0,992.62,
2014,5,23,3,14.99,76.55,0.0,0.0,0.0,335.38,2.34,261.0,992.42,
2014,5,23,4,14.95,75.82,0.0,0.0,0.0,331.42,2.36,263.0,992.23,
2014,5,23,5,14.91,75.08,0.0,0.0,0.0,327.45,2.39,265.0,992.03,
2014,5,23,6,16.98,69.33,3.0,0.0,3.0,327.8,2.55,260.0,992.03,
2014,5,23,7,19.06,63.58,59.0,47.01,52.0,328.15,2.72,256.0,992.03,
2014,5,23,8,21.13,57.83,232.0,463.62,97.0,328.5,2.88,252.0,992.03,
2014,5,23,9,23.22,51.28,376.0,547.32,139.0,335.25,3.6,259.0,991.67,
2014,5,23,10,25.31,44.72,542.0,720.68,135.0,342.0,4.33,266.0,991.32,
2014,5,23,11,27.4,38.17,681.0,806.03,135.0,348.75,5.05,273.0,990.96,
2014,5,23,12,27.92,34.56,792.0,875.17,124.0,355.15,5.22,275.0,990.4,
2014,5,23,13,28.43,30.96,751.0,568.23,287.0,361.55,5.39,277.0,989.85,
2014,5,23,14,28.95,27.35,855.0,824.13,168.0,367.95,5.56,279.0,989.3,
2014,5,23,15,29.14,26.88,784.0,671.39,238.0,366.3,5.41,280.0,988.75,
2014,5,23,16,29.32,26.4,674.0,516.6,283.0,364.65,5.26,281.0,988.19,
2014,5,23,17,29.51,25.93,647.0,715.23,169.0,363.0,5.1,282.0,987.64,
2014,5,23,18,28.24,27.05,432.0,350.42,238.0,356.17,4.49,280.0,987.38,
2014,5,23,19,26.96,28.17,364.0,549.19,133.0,349.33,3.88,278.0,987.12,
2014,5,23,20,25.68,29.29,222.0,474.22,90.0,342.5,3.27,276.0,986.86,
2014,5,23,21,24.41,31.58,66.0,109.87,51.0,340.67,3.57,281.0,987.02,
2014,5,23,22,23.13,33.87,0.0,0.0,0.0,338.83,3.88,287.0,987.19,
2014,5,23,23,21.86,36.16,0.0,0.0,0.0,337.0,4.18,292.0,987.35,
2014,5,24,0,20.94,41.07,0.0,0.0,0.0,337.25,3.85,297.0,987.41,
2014,5,24,1,20.02,45.98,0.0,0.0,0.0,337.5,3.52,301.0,987.48,
2014,5,24,2,19.09,50.89,0.0,0.0,0.0,337.75,3.19,306.0,987.54,
2014,5,24,3,18.52,55.76,0.0,0.0,0.0,334.67,3.64,306.0,987.71,
2014,5,24,4,17.94,60.63,0.0,0.0,0.0,331.58,4.09,307.0,987.87,
2014,5,24,5,17.36,65.5,0.0,0.0,0.0,328.5,4.54,308.0,988.03,
2014,5,24,6,17.93,63.68,3.0,0.0,3.0,325.15,4.99,309.0,988.52,
2014,5,24,7,18.51,61.87,86.0,178.36,59.0,321.8,5.44,309.0,989.01,
2014,5,24,8,19.08,60.05,244.0,531.59,88.0,318.45,5.89,309.0,989.49,
2014,5,24,9,20.29,52.86,395.0,641.2,116.0,321.18,5.77,310.0,989.36,
2014,5,24,10,21.5,45.66,538.0,695.24,144.0,323.92,5.64,312.0,989.23,
2014,5,24,11,22.7,38.47,646.0,665.44,194.0,326.65,5.52,313.0,989.1,
2014,5,24,12,23.33,37.25,747.0,711.04,203.0,331.1,6.06,314.0,989.07,
2014,5,24,13,23.95,36.04,837.0,818.73,167.0,335.55,6.61,316.0,989.04,
2014,5,24,14,24.57,34.82,819.0,706.24,229.0,340.0,7.16,317.0,989.01,
2014,5,24,15,24.63,34.97,593.0,234.32,402.0,346.55,7.36,321.0,989.23,
2014,5,24,16,24.7,35.11,613.0,359.74,340.0,353.1,7.56,325.0,989.46,
2014,5,24,17,24.76,35.26,587.0,502.63,250.0,359.65,7.77,329.0,989.69,
2014,5,24,18,24.01,36.63,367.0,183.47,265.0,352.17,6.75,330.0,989.92,
2014,5,24,19,23.25,38.01,366.0,550.66,133.0,344.68,5.74,331.0,990.14,
2014,5,24,20,22.49,39.38,188.0,256.19,116.0,337.2,4.73,332.0,990.37,
2014,5,24,21,21.15,42.75,41.0,7.17,40.0,334.27,3.88,335.0,991.09,
2014,5,24,22,19.8,46.12,0.0,0.0,0.0,331.33,3.03,339.0,991.8,
2014,5,24,23,18.45,49.49,0.0,0.0,0.0,328.4,2.18,342.0,992.52,
2014,5,25,0,17.31,53.71,0.0,0.0,0.0,325.95,2.29,336.0,992.55,
2014,5,25,1,16.18,57.92,0.0,0.0,0.0,323.5,2.4,329.0,992.58,
2014,5,25,2,15.05,62.14,0.0,0.0,0.0,321.05,2.51,322.0,992.62,
2014,5,25,3,14.66,65.6,0.0,0.0,0.0,317.9,2.73,303.0,992.52,
2014,5,25,4,14.28,69.05,0.0,0.0,0.0,314.75,2.95,283.0,992.42,
2014,5,25,5,13.9,72.51,0.0,0.0,0.0,311.6,3.17,264.0,992.32,
2014,5,25,6,16.11,67.82,3.0,0.0,3.0,314.8,3.65,264.0,992.1,
2014,5,25,7,18.33,63.12,65.0,58.54,56.0,318.0,4.12,264.0,991.87,
2014,5,25,8,20.54,58.43,203.0,270.6,123.0,321.2,4.59,264.0,991.64,
2014,5,25,9,21.68,56.72,98.0,0.0,98.0,329.98,5.13,272.0,991.28,
2014,5,25,10,22.82,55.02,232.0,15.83,223.0,338.77,5.66,280.0,990.93,
2014,5,25,11,23.95,53.31,629.0,602.03,219.0,347.55,6.19,288.0,990.57,
2014,5,25,12,24.86,48.01,706.0,579.03,262.0,356.1,6.54,289.0,990.11,
2014,5,25,13,25.76,42.71,792.0,673.13,240.0,364.65,6.88,290.0,989.66,
2014,5,25,14,26.67,37.41,877.0,888.72,133.0,373.2,7.23,291.0,989.2,
2014,5,25,15,27.09,36.1,779.0,645.08,252.0,375.72,7.0,293.0,988.81,
2014,5,25,16,27.51,34.8,248.0,1.31,247.0,378.23,6.77,295.0,988.42,
2014,5,25,17,27.93,33.49,615.0,585.81,221.0,380.75,6.54,297.0,988.03,
2014,5,25,18,27.16,34.07,531.0,702.22,139.0,379.28,5.23,292.0,987.74,
2014,5,25,19,26.38,34.66,377.0,596.82,123.0,377.82,3.93,287.0,987.45,
2014,5,25,20,25.6,35.24,230.0,500.57,88.0,376.35,2.62,282.0,987.15,
2014,5,25,21,24.31,38.11,77.0,168.8,53.0,366.68,2.92,279.0,987.19,
2014,5,25,22,23.02,40.97,0.0,0.0,0.0,357.02,3.22,276.0,987.22,
2014,5,25,23,21.73,43.84,0.0,0.0,0.0,347.35,3.52,273.0,987.25,
2014,5,26,0,21.15,45.42,0.0,0.0,0.0,343.68,3.43,273.0,986.99,
2014,5,26,1,20.57,46.99,0.0,0.0,0.0,340.02,3.34,272.0,986.73,
2014,5,26,2,20.0,48.57,0.0,0.0,0.0,336.35,3.26,272.0,986.47,
2014,5,26,3,19.8,49.53,0.0,0.0,0.0,333.8,3.32,271.0,986.28,
2014,5,26,4,19.6,50.5,0.0,0.0,0.0,331.25,3.38,271.0,986.08,
2014,5,26,5,19.41,51.46,0.0,0.0,0.0,328.7,3.45,270.0,985.89,
2014,5,26,6,20.46,51.7,4.0,0.0,4.0,328.58,3.56,274.0,985.89,
2014,5,26,7,21.52,51.94,76.0,102.58,60.0,328.47,3.68,278.0,985.89,
2014,5,26,8,22.57,52.18,241.0,487.05,96.0,328.35,3.79,282.0,985.89,
2014,5,26,9,23.95,46.91,393.0,608.13,126.0,335.95,4.2,287.0,985.53,
2014,5,26,10,25.32,41.65,560.0,778.44,116.0,343.55,4.6,292.0,985.17,
2014,5,26,11,26.69,36.38,679.0,779.24,147.0,351.15,5.01,297.0,984.81,
2014,5,26,12,26.31,37.62,781.0,814.64,155.0,361.08,5.33,301.0,984.65,
2014,5,26,13,25.92,38.86,728.0,496.54,320.0,371.02,5.65,305.0,984.49,
2014,5,26,14,25.54,40.1,775.0,573.41,294.0,380.95,5.97,310.0,984.33,
2014,5,26,15,24.65,46.8,753.0,567.96,288.0,381.55,5.17,319.0,984.33,
2014,5,26,16,23.76,53.49,69.0,0.0,69.0,382.15,4.37,328.0,984.33,
2014,5,26,17,22.87,60.19,59.0,0.0,59.0,382.75,3.57,336.0,984.33,
2014,5,26,18,21.93,65.1,68.0,0.0,68.0,379.73,2.84,348.0,984.39,
2014,5,26,19,20.99,70.0,157.0,9.35,153.0,376.72,2.11,0.0,984.46,
2014,5,26,20,20.05,74.91,104.0,13.97,100.0,373.7,1.38,12.0,984.52,
2014,5,26,21,19.44,76.23,57.0,48.31,50.0,365.52,1.63,42.0,984.23,
2014,5,26,22,18.82,77.56,0.0,0.0,0.0,357.33,1.89,72.0,983.94,
2014,5,26,23,18.21,78.88,0.0,0.0,0.0,349.15,2.14,102.0,983.64,
2014,5,27,0,17.28,82.64,0.0,0.0,0.0,343.72,1.99,126.0,983.22,
2014,5,27,1,16.36,86.41,0.0,0.0,0.0,338.28,1.84,150.0,982.8,
2014,5,27,2,15.44,90.17,0.0,0.0,0.0,332.85,1.7,174.0,982.37,
2014,5,27,3,15.33,91.1,0.0,0.0,0.0,331.4,1.72,209.0,982.15,
2014,5,27,4,15.22,92.03,0.0,0.0,0.0,329.95,1.74,245.0,981.92,
2014,5,27,5,15.11,92.96,0.0,0.0,0.0,328.5,1.77,281.0,981.69,
2014,5,27,6,16.09,87.91,2.0,0.0,2.0,329.18,1.89,277.0,981.4,
2014,5,27,7,17.07,82.87,79.0,107.51,62.0,329.87,2.01,272.0,981.11,
2014,5,27,8,18.05,77.82,100.0,6.67,98.0,330.55,2.14,268.0,980.81,
2014,5,27,9,19.16,72.53,404.0,655.51,115.0,336.42,2.63,281.0,980.39,
2014,5,27,10,20.26,67.24,402.0,230.74,270.0,342.28,3.13,295.0,979.97,
2014,5,27,11,21.36,61.95,546.0,355.09,303.0,348.15,3.63,308.0,979.55,
2014,5,27,12,21.41,60.18,252.0,1.3,251.0,351.02,3.79,315.0,979.48,
2014,5,27,13,21.45,58.42,328.0,8.5,321.0,353.88,3.96,321.0,979.42,
2014,5,27,14,21.5,56.65,776.0,573.5,294.0,356.75,4.12,328.0,979.35,
2014,5,27,15,21.47,55.48,834.0,803.24,175.0,358.07,4.17,335.0,979.35,
2014,5,27,16,21.43,54.32,746.0,710.23,203.0,359.38,4.21,341.0,979.35,
2014,5,27,17,21.4,53.15,289.0,17.74,277.0,360.7,4.25,347.0,979.35,
2014,5,27,18,20.72,50.89,402.0,248.84,262.0,355.43,3.36,356.0,979.58,
2014,5,27,19,20.04,48.64,224.0,74.36,192.0,350.17,2.47,4.0,979.81,
2014,5,27,20,19.35,46.38,236.0,512.55,88.0,344.9,1.59,12.0,980.03,
2014,5,27,21,17.88,48.62,72.0,108.43,56.0,340.82,1.89,21.0,980.59,
2014,5,27,22,16.41,50.85,0.0,0.0,0.0,336.73,2.18,31.0,981.14,
2014,5,27,23,14.94,53.09,0.0,0.0,0.0,332.65,2.48,41.0,981.69,
2014,5,28,0,14.02,56.17,0.0,0.0,0.0,330.48,3.05,45.0,981.92,
2014,5,28,1,13.1,59.26,0.0,0.0,0.0,328.32,3.61,49.0,982.15,
2014,5,28,2,12.19,62.34,0.0,0.0,0.0,326.15,4.18,53.0,982.37,
2014,5,28,3,11.58,66.37,0.0,0.0,0.0,322.33,4.09,55.0,982.63,
2014,5,28,4,10.98,70.39,0.0,0.0,0.0,318.52,4.0,57.0,982.89,
2014,5,28,5,10.38,74.42,0.0,0.0,0.0,314.7,3.92,59.0,983.15,
2014,5,28,6,10.74,72.32,3.0,0.0,3.0,310.4,3.86,63.0,983.22,
2014,5,28,7,11.09,70.21,21.0,0.0,21.0,306.1,3.8,68.0,983.28,
2014,5,28,8,11.45,68.11,22.0,0.0,22.0,301.8,3.74,72.0,983.35,
2014,5,28,9,12.57,61.33,54.0,0.0,54.0,310.4,3.42,69.0,983.15,
2014,5,28,10,13.68,54.54,264.0,33.12,245.0,319.0,3.1,66.0,982.96,
2014,5,28,11,14.79,47.76,416.0,116.64,336.0,327.6,2.79,63.0,982.76,
2014,5,28,12,15.67,44.48,685.0,508.11,293.0,330.27,2.13,51.0,982.31,
2014,5,28,13,16.54,41.19,787.0,646.26,254.0,332.93,1.47,38.0,981.85,
2014,5,28,14,17.42,37.91,639.0,275.53,407.0,335.6,0.81,26.0,981.4,
2014,5,28,15,17.79,36.35,483.0,92.45,407.0,334.22,1.68,19.0,981.24,
2014,5,28,16,18.15,34.8,529.0,195.74,379.0,332.83,2.54,13.0,981.07,
2014,5,28,17,18.52,33.24,377.0,78.11,324.0,331.45,3.41,6.0,980.91,
2014,5,28,18,17.56,34.07,250.0,26.56,235.0,323.13,4.12,11.0,981.43,
2014,5,28,19,16.6,34.9,243.0,104.03,198.0,314.82,4.83,16.0,981.95,
2014,5,28,20,15.63,35.73,155.0,99.59,126.0,306.5,5.54,21.0,982.47,
2014,5,28,21,13.79,37.48,74.0,113.22,57.0,298.88,5.94,26.0,983.77,
2014,5,28,22,11.95,39.23,0.0,0.0,0.0,291.27,6.34,30.0,985.07,
2014,5,28,23,10.11,40.98,0.0,0.0,0.0,283.65,6.74,35.0,986.37,
2014,5,29,0,8.72,43.99,0.0,0.0,0.0,277.23,6.33,34.0,987.22,
2014,5,29,1,7.33,47.01,0.0,0.0,0.0,270.82,5.92,33.0,988.06,
2014,5,29,2,5.93,50.02,0.0,0.0,0.0,264.4,5.5,32.0,988.91,
2014,5,29,3,5.37,52.92,0.0,0.0,0.0,257.33,5.25,32.0,989.62,
2014,5,29,4,4.81,55.83,0.0,0.0,0.0,250.27,4.99,32.0,990.34,
2014,5,29,5,4.25,58.73,0.0,0.0,0.0,243.2,4.73,32.0,991.06,
2014,5,29,6,4.52,59.14,3.0,0.0,3.0,247.02,4.8,33.0,992.03,
2014,5,29,7,4.78,59.56,92.0,178.9,63.0,250.83,4.87,33.0,993.01,
2014,5,29,8,5.05,59.97,124.0,26.37,116.0,254.65,4.94,34.0,993.98,
2014,5,29,9,6.36,52.86,260.0,121.56,206.0,250.18,5.02,35.0,994.14,
2014,5,29,10,7.66,45.75,346.0,121.7,276.0,245.72,5.1,35.0,994.31,
2014,5,29,11,8.96,38.64,620.0,554.34,239.0,241.25,5.19,36.0,994.47,
2014,5,29,12,9.9,35.92,777.0,785.35,170.0,243.92,5.02,35.0,994.31,
2014,5,29,13,10.83,33.21,854.0,852.12,150.0,246.58,4.85,34.0,994.14,
2014,5,29,14,11.77,30.49,884.0,890.36,133.0,249.25,4.68,33.0,993.98,
2014,5,29,15,12.34,29.53,855.0,866.88,141.0,250.98,4.33,32.0,993.98,
2014,5,29,16,12.9,28.57,779.0,813.78,154.0,252.72,3.98,30.0,993.98,
2014,5,29,17,13.47,27.61,679.0,790.72,141.0,254.45,3.63,29.0,993.98,
2014,5,29,18,12.72,28.95,551.0,760.5,120.0,254.0,3.09,22.0,994.5,
2014,5,29,19,11.97,30.29,398.0,662.38,110.0,253.55,2.54,16.0,995.02,
2014,5,29,20,11.22,31.63,243.0,527.99,88.0,253.1,2.0,9.0,995.54,
2014,5,29,21,9.61,37.18,88.0,196.51,58.0,251.43,2.09,2.0,995.87,
2014,5,29,22,7.99,42.74,0.0,0.0,0.0,249.77,2.18,356.0,996.19,
2014,5,29,23,6.38,48.29,0.0,0.0,0.0,248.1,2.28,349.0,996.52,
2014,5,30,0,5.52,52.4,0.0,0.0,0.0,247.22,2.12,336.0,996.48,
2014,5,30,1,4.67,56.52,0.0,0.0,0.0,246.33,1.97,324.0,996.45,
2014,5,30,2,3.82,60.63,0.0,0.0,0.0,245.45,1.82,311.0,996.42,
2014,5,30,3,3.74,61.37,0.0,0.0,0.0,244.7,1.94,305.0,996.68,
2014,5,30,4,3.66,62.12,0.0,0.0,0.0,243.95,2.06,298.0,996.94,
2014,5,30,5,3.59,62.86,0.0,0.0,0.0,243.2,2.18,292.0,997.2,
2014,5,30,6,6.0,59.06,3.0,0.0,3.0,246.4,2.73,291.0,997.33,
2014,5,30,7,8.42,55.26,78.0,91.5,63.0,249.6,3.27,290.0,997.46,
2014,5,30,8,10.83,51.46,252.0,511.46,96.0,252.8,3.82,289.0,997.59,
2014,5,30,9,12.58,44.09,411.0,670.75,112.0,258.62,3.96,302.0,997.26,
2014,5,30,10,14.33,36.73,558.0,740.51,131.0,264.43,4.11,316.0,996.94,
2014,5,30,11,16.08,29.36,678.0,752.18,160.0,270.25,4.25,329.0,996.61,
2014,5,30,12,16.8,28.01,779.0,786.58,170.0,276.4,4.44,333.0,996.22,
2014,5,30,13,17.51,26.67,865.0,884.56,133.0,282.55,4.63,338.0,995.83,
2014,5,30,14,18.22,25.32,867.0,827.32,168.0,288.7,4.83,343.0,995.44,
2014,5,30,15,18.56,25.61,689.0,399.92,359.0,294.02,4.8,344.0,995.35,
2014,5,30,16,18.91,25.89,463.0,107.84,380.0,299.33,4.78,345.0,995.25,
2014,5,30,17,19.25,26.18,391.0,90.88,329.0,304.65,4.76,346.0,995.15,
2014,5,30,18,18.57,27.07,452.0,371.01,241.0,307.35,3.81,351.0,995.44,
2014,5,30,19,17.89,27.96,370.0,505.79,149.0,310.05,2.86,355.0,995.74,
2014,5,30,20,17.2,28.85,230.0,429.24,103.0,312.75,1.92,359.0,996.03,
2014,5,30,21,15.41,33.85,79.0,122.5,60.0,312.8,2.04,15.0,996.45,
2014,5,30,22,13.61,38.84,0.0,0.0,0.0,312.85,2.16,31.0,996.87,
2014,5,30,23,11.81,43.84,0.0,0.0,0.0,312.9,2.28,46.0,997.3,
2014,5,31,0,11.15,46.44,0.0,0.0,0.0,308.65,2.19,60.0,997.46,
2014,5,31,1,10.5,49.03,0.0,0.0,0.0,304.4,2.11,73.0,997.62,
2014,5,31,2,9.85,51.63,0.0,0.0,0.0,300.15,2.03,86.0,997.79,
2014,5,31,3,9.5,54.18,0.0,0.0,0.0,300.4,1.95,89.0,998.18,
2014,5,31,4,9.15,56.72,0.0,0.0,0.0,300.65,1.87,93.0,998.57,
2014,5,31,5,8.81,59.27,0.0,0.0,0.0,300.9,1.79,96.0,998.96,
2014,5,31,6,10.16,57.5,3.0,0.0,3.0,300.87,1.8,99.0,999.31,
2014,5,31,7,11.5,55.74,81.0,96.58,65.0,300.83,1.8,101.0,999.67,
2014,5,31,8,12.85,53.97,255.0,525.15,94.0,300.8,1.81,103.0,1000.03,
2014,5,31,9,14.57,47.68,404.0,623.86,125.0,301.88,2.1,87.0,999.93,
2014,5,31,10,16.29,41.38,559.0,740.52,131.0,302.97,2.4,71.0,999.83,
2014,5,31,11,18.01,35.09,698.0,826.15,128.0,304.05,2.69,55.0,999.74,
2014,5,31,12,18.45,32.95,789.0,816.24,156.0,312.45,2.86,43.0,999.57,
2014,5,31,13,18.89,30.82,866.0,884.39,133.0,320.85,3.02,30.0,999.41,
2014,5,31,14,19.33,28.68,878.0,859.08,151.0,329.25,3.19,18.0,999.25,
2014,5,31,15,19.78,27.95,859.0,867.38,142.0,328.38,3.07,15.0,999.02,
2014,5,31,16,20.23,27.22,783.0,814.25,155.0,327.52,2.95,12.0,998.79,
2014,5,31,17,20.68,26.49,668.0,733.97,166.0,326.65,2.83,9.0,998.57,
2014,5,31,18,19.63,30.35,538.0,681.7,149.0,315.03,2.4,27.0,998.79,
2014,5,31,19,18.58,34.22,402.0,665.11,110.0,303.42,1.98,45.0,999.02,
2014,5,31,20,17.53,38.08,247.0,533.37,88.0,291.8,1.56,62.0,999.25,
2014,5,31,21,15.9,39.88,88.0,171.46,61.0,289.23,1.89,85.0,999.51,
2014,5,31,22,9.9,44.91,0.0,0.0,0.0,282.45,1.77,108.0,999.77,
2014,5,31,23,10.38,45.4,0.0,0.0,0.0,283.03,1.94,130.0,1000.03,
2009,6,1,0,10.86,45.89,0.0,0.0,0.0,283.61,2.1,146.0,1000.09,
2009,6,1,1,11.34,46.38,0.0,0.0,0.0,284.19,2.26,161.0,1000.16,
2009,6,1,2,11.82,46.87,0.0,0.0,0.0,284.78,2.42,176.0,1000.22,
2009,6,1,3,12.31,47.35,0.0,0.0,0.0,285.36,2.58,186.0,1000.32,
2009,6,1,4,12.79,47.84,0.0,0.0,0.0,285.94,2.74,197.0,1000.42,
2009,6,1,5,13.27,48.33,0.0,0.0,0.0,286.52,2.9,207.0,1000.52,
2009,6,1,6,13.75,48.82,3.0,0.0,3.0,287.1,3.06,252.0,982.99,
2009,6,1,7,14.23,49.31,48.0,5.92,47.0,287.69,3.22,243.0,982.54,
2009,6,1,8,14.71,49.8,252.0,500.92,97.0,288.27,3.38,234.0,982.08,
2009,6,1,9,15.19,50.29,174.0,13.34,168.0,288.85,3.54,242.0,981.3,
2009,6,1,10,15.68,50.78,536.0,653.01,157.0,289.43,3.7,250.0,980.52,
2009,6,1,11,16.16,51.27,676.0,755.49,153.0,290.01,3.87,259.0,979.74,
2009,6,1,12,16.64,51.76,505.0,154.28,385.0,290.6,4.03,273.0,979.29,
2009,6,1,13,17.12,52.25,499.0,105.87,411.0,291.18,4.19,287.0,978.83,
2009,6,1,14,20.97,51.83,777.0,576.13,288.0,321.25,5.96,301.0,978.38,
2009,6,1,15,20.24,57.12,581.0,208.59,408.0,328.93,6.17,305.0,978.83,
2009,6,1,16,19.51,62.42,578.0,276.39,364.0,336.62,6.37,309.0,979.29,
2009,6,1,17,18.78,67.71,98.0,0.0,98.0,344.3,6.58,313.0,979.74,
2009,6,1,18,18.62,65.24,546.0,727.87,128.0,341.28,5.39,306.0,980.13,
2009,6,1,19,18.46,62.76,399.0,647.87,112.0,338.27,4.21,299.0,980.52,
2009,6,1,20,18.3,60.29,245.0,502.7,93.0,335.25,3.02,292.0,980.91,
2009,6,1,21,17.08,64.09,57.0,24.69,53.0,328.5,2.93,284.0,981.2,
2009,6,1,22,15.87,67.9,0.0,0.0,0.0,321.75,2.85,277.0,981.5,
2009,6,1,23,14.65,71.7,0.0,0.0,0.0,315.0,2.76,270.0,981.79,
2009,6,2,0,14.53,72.02,0.0,0.0,0.0,317.95,3.03,269.0,981.69,
2009,6,2,1,14.42,72.33,0.0,0.0,0.0,320.9,3.3,269.0,981.59,
2009,6,2,2,14.31,72.65,0.0,0.0,0.0,323.85,3.57,268.0,981.5,
2009,6,2,3,14.23,74.66,0.0,0.0,0.0,322.07,3.61,273.0,981.72,
2009,6,2,4,14.15,76.66,0.0,0.0,0.0,320.28,3.66,279.0,981.95,
2009,6,2,5,14.06,78.67,0.0,0.0,0.0,318.5,3.7,284.0,982.18,
2009,6,2,6,15.16,74.26,4.0,0.0,4.0,318.4,4.26,291.0,982.93,
2009,6,2,7,16.25,69.84,75.0,64.62,64.0,318.3,4.82,298.0,983.68,
2009,6,2,8,17.35,65.43,253.0,502.09,97.0,318.2,5.38,304.0,984.42,
2009,6,2,9,18.3,61.38,409.0,656.35,113.0,323.97,5.31,305.0,984.88,
2009,6,2,10,19.26,57.33,543.0,679.31,148.0,329.73,5.24,305.0,985.33,
2009,6,2,11,20.22,53.28,452.0,164.43,338.0,335.5,5.17,306.0,985.79,
2009,6,2,12,20.71,51.24,557.0,231.11,377.0,340.07,5.19,302.0,986.02,
2009,6,2,13,21.2,49.19,629.0,283.56,393.0,344.63,5.21,298.0,986.24,
2009,6,2,14,21.69,47.15,745.0,491.8,327.0,349.2,5.23,295.0,986.47,
2009,6,2,15,22.01,45.85,402.0,34.91,373.0,349.88,5.23,291.0,986.7,
2009,6,2,16,22.34,44.56,695.0,545.32,272.0,350.57,5.24,288.0,986.93,
2009,6,2,17,22.66,43.26,600.0,509.55,249.0,351.25,5.24,284.0,987.15,
2009,6,2,18,21.9,46.41,533.0,661.45,152.0,354.6,4.21,277.0,987.48,
2009,6,2,19,21.14,49.56,377.0,523.74,144.0,357.95,3.18,269.0,987.8,
2009,6,2,20,20.38,52.71,186.0,180.69,131.0,361.3,2.15,262.0,988.13,
2009,6,2,21,19.28,58.34,87.0,140.15,64.0,355.72,2.24,256.0,988.49,
2009,6,2,22,18.18,63.97,0.0,0.0,0.0,350.13,2.34,251.0,988.84,
2009,6,2,23,17.08,69.6,0.0,0.0,0.0,344.55,2.43,246.0,989.2,
2009,6,3,0,16.7,72.16,0.0,0.0,0.0,344.32,2.57,246.0,989.23,
2009,6,3,1,16.32,74.71,0.0,0.0,0.0,344.08,2.71,246.0,989.27,
2009,6,3,2,15.94,77.27,0.0,0.0,0.0,343.85,2.86,246.0,989.3,
2009,6,3,3,15.78,77.8,0.0,0.0,0.0,340.58,2.93,247.0,989.36,
2009,6,3,4,15.63,78.32,0.0,0.0,0.0,337.32,3.01,248.0,989.43,
2009,6,3,5,15.48,78.85,0.0,0.0,0.0,334.05,3.09,249.0,989.49,
2009,6,3,6,16.95,73.8,3.0,0.0,3.0,332.73,3.42,249.0,989.88,
2009,6,3,7,18.42,68.74,102.0,209.88,66.0,331.42,3.75,250.0,990.27,
2009,6,3,8,19.9,63.69,263.0,564.32,87.0,330.1,4.08,250.0,990.66,
2009,6,3,9,21.99,54.99,404.0,619.41,124.0,333.17,4.37,252.0,990.63,
2009,6,3,10,24.08,46.28,538.0,654.11,157.0,336.23,4.66,254.0,990.6,
2009,6,3,11,26.17,37.58,686.0,786.44,140.0,339.3,4.95,257.0,990.57,
2009,6,3,12,26.93,32.94,790.0,836.1,138.0,342.03,5.22,257.0,990.24,
2009,6,3,13,27.69,28.29,867.0,903.65,114.0,344.77,5.49,258.0,989.92,
2009,6,3,14,28.46,23.65,880.0,877.75,133.0,347.5,5.77,259.0,989.59,
2009,6,3,15,28.53,22.92,843.0,823.46,158.0,345.42,5.69,258.0,989.46,
2009,6,3,16,28.61,22.2,774.0,787.6,162.0,343.33,5.62,257.0,989.33,
2009,6,3,17,28.68,21.47,684.0,798.15,133.0,341.25,5.54,257.0,989.2,
2009,6,3,18,27.25,23.92,559.0,770.33,114.0,336.75,4.57,253.0,989.43,
2009,6,3,19,25.81,26.36,403.0,651.45,112.0,332.25,3.59,249.0,989.66,
2009,6,3,20,24.37,28.81,257.0,568.0,83.0,327.75,2.61,246.0,989.88,
2009,6,3,21,22.65,31.62,110.0,318.95,57.0,323.23,2.69,247.0,990.24,
2009,6,3,22,20.92,34.42,0.0,0.0,0.0,318.72,2.77,248.0,990.6,
2009,6,3,23,19.19,37.23,0.0,0.0,0.0,314.2,2.86,249.0,990.96,
2009,6,4,0,18.25,39.99,0.0,0.0,0.0,311.07,2.79,250.0,990.99,
2009,6,4,1,17.31,42.76,0.0,0.0,0.0,307.93,2.73,252.0,991.02,
2009,6,4,2,16.38,45.52,0.0,0.0,0.0,304.8,2.66,254.0,991.06,
2009,6,4,3,15.82,48.56,0.0,0.0,0.0,302.53,2.69,252.0,991.22,
2009,6,4,4,15.26,51.59,0.0,0.0,0.0,300.27,2.71,250.0,991.38,
2009,6,4,5,14.7,54.63,0.0,0.0,0.0,298.0,2.73,248.0,991.54,
2009,6,4,6,16.62,54.27,21.0,47.74,19.0,301.12,3.0,244.0,991.74,
2009,6,4,7,18.54,53.92,127.0,434.21,52.0,304.23,3.26,239.0,991.93,
2009,6,4,8,20.46,53.56,264.0,565.58,87.0,307.35,3.53,234.0,992.13,
2009,6,4,9,23.1,46.79,411.0,657.81,113.0,315.38,3.59,233.0,991.9,
2009,6,4,10,25.74,40.01,555.0,719.94,135.0,323.42,3.65,232.0,991.67,
2009,6,4,11,28.38,33.24,686.0,785.44,140.0,331.45,3.71,230.0,991.45,
2009,6,4,12,29.25,28.9,791.0,836.42,138.0,336.98,3.67,237.0,991.06,
2009,6,4,13,30.12,24.57,868.0,903.82,114.0,342.52,3.63,244.0,990.66,
2009,6,4,14,31.0,20.23,881.0,877.86,133.0,348.05,3.59,250.0,990.27,
2009,6,4,15,31.06,20.26,834.0,792.31,174.0,349.12,3.42,247.0,989.95,
2009,6,4,16,31.11,20.3,783.0,818.41,146.0,350.18,3.26,244.0,989.62,
2009,6,4,17,31.17,20.33,685.0,797.92,133.0,351.25,3.09,241.0,989.3,
2009,6,4,18,29.49,25.05,552.0,730.22,129.0,348.78,2.9,225.0,989.4,
2009,6,4,19,27.81,29.78,405.0,651.14,113.0,346.32,2.71,209.0,989.49,
2009,6,4,20,26.13,34.5,259.0,567.79,84.0,343.85,2.52,194.0,989.59,
2009,6,4,21,24.13,37.67,119.0,392.51,53.0,340.47,2.7,196.0,989.79,
2009,6,4,22,22.12,40.85,0.0,0.0,0.0,337.08,2.87,198.0,989.98,
2009,6,4,23,20.12,44.02,0.0,0.0,0.0,333.7,3.05,200.0,990.18,
2009,6,5,0,19.26,46.59,0.0,0.0,0.0,331.77,3.0,204.0,990.14,
2009,6,5,1,18.41,49.17,0.0,0.0,0.0,329.83,2.96,208.0,990.11,
2009,6,5,2,17.56,51.74,0.0,0.0,0.0,327.9,2.91,213.0,990.08,
2009,6,5,3,16.92,55.41,0.0,0.0,0.0,325.58,2.95,215.0,990.14,
2009,6,5,4,16.29,59.09,0.0,0.0,0.0,323.27,2.98,218.0,990.21,
2009,6,5,5,15.65,62.76,0.0,0.0,0.0,320.95,3.02,220.0,990.27,
2009,6,5,6,17.77,59.8,31.0,162.28,24.0,323.03,2.63,225.0,990.5,
2009,6,5,7,19.88,56.83,122.0,373.94,57.0,325.12,2.23,230.0,990.73,
2009,6,5,8,21.99,53.87,258.0,516.03,96.0,327.2,1.83,236.0,990.96,
2009,6,5,9,24.72,45.45,421.0,707.2,100.0,333.47,1.64,220.0,990.7,
2009,6,5,10,27.46,37.03,564.0,761.72,119.0,339.73,1.45,205.0,990.44,
2009,6,5,11,30.19,28.61,698.0,830.52,120.0,346.0,1.26,190.0,990.18,
2009,6,5,12,30.74,25.66,775.0,775.4,169.0,351.62,1.6,181.0,989.82,
2009,6,5,13,31.28,22.7,818.0,734.03,205.0,357.23,1.94,171.0,989.46,
2009,6,5,14,31.83,19.75,776.0,563.86,295.0,362.85,2.28,162.0,989.1,
2009,6,5,15,31.83,19.97,780.0,623.43,260.0,361.65,2.38,159.0,988.88,
2009,6,5,16,31.83,20.19,785.0,819.68,146.0,360.45,2.48,157.0,988.65,
2009,6,5,17,31.83,20.41,537.0,330.36,308.0,359.25,2.58,154.0,988.42,
2009,6,5,18,30.37,23.87,529.0,624.99,166.0,359.2,2.49,155.0,988.55,
2009,6,5,19,28.91,27.34,369.0,464.32,160.0,359.15,2.4,156.0,988.68,
2009,6,5,20,27.44,30.8,254.0,519.33,93.0,359.1,2.3,156.0,988.81,
2009,6,5,21,25.88,33.79,115.0,335.21,58.0,354.83,2.54,163.0,989.07,
2009,6,5,22,24.31,36.79,0.0,0.0,0.0,350.57,2.78,170.0,989.33,
2009,6,5,23,22.75,39.78,0.0,0.0,0.0,346.3,3.02,177.0,989.59,
2009,6,6,0,21.64,43.36,0.0,0.0,0.0,340.28,3.12,184.0,989.56,
2009,6,6,1,20.52,46.94,0.0,0.0,0.0,334.27,3.21,191.0,989.53,
2009,6,6,2,19.41,50.52,0.0,0.0,0.0,328.25,3.31,198.0,989.49,
2009,6,6,3,18.68,55.2,0.0,0.0,0.0,325.15,3.1,190.0,989.46,
2009,6,6,4,17.95,59.88,0.0,0.0,0.0,322.05,2.9,182.0,989.43,
2009,6,6,5,17.23,64.56,0.0,0.0,0.0,318.95,2.69,175.0,989.4,
2009,6,6,6,19.16,61.47,3.0,0.0,3.0,321.95,2.81,170.0,989.43,
2009,6,6,7,21.1,58.37,74.0,51.48,65.0,324.95,2.93,165.0,989.46,
2009,6,6,8,23.04,55.28,178.0,127.06,138.0,327.95,3.05,161.0,989.49,
2009,6,6,9,25.34,46.34,397.0,574.01,136.0,335.32,3.46,163.0,989.36,
2009,6,6,10,27.65,37.41,532.0,617.15,171.0,342.68,3.87,164.0,989.23,
2009,6,6,11,29.95,28.47,605.0,500.95,256.0,350.05,4.28,166.0,989.1,
2009,6,6,12,30.2,26.62,775.0,775.93,168.0,361.57,4.79,170.0,988.78,
2009,6,6,13,30.45,24.76,847.0,824.23,158.0,373.08,5.31,173.0,988.45,
2009,6,6,14,30.7,22.91,725.0,436.79,352.0,384.6,5.82,176.0,988.13,
2009,6,6,15,30.58,23.31,743.0,523.27,306.0,386.45,5.68,177.0,987.84,
2009,6,6,16,30.47,23.7,596.0,300.99,361.0,388.3,5.54,178.0,987.54,
2009,6,6,17,30.35,24.1,640.0,619.15,210.0,390.15,5.39,179.0,987.25,
2009,6,6,18,29.47,26.48,567.0,786.56,109.0,384.62,4.63,176.0,987.15,
2009,6,6,19,28.59,28.87,426.0,752.67,86.0,379.08,3.87,173.0,987.06,
2009,6,6,20,27.71,31.25,241.0,426.64,108.0,373.55,3.1,170.0,986.96,
2009,6,6,21,26.42,34.57,76.0,64.01,65.0,367.43,3.15,170.0,987.15,
2009,6,6,22,25.12,37.9,10.0,24.04,9.0,361.32,3.2,171.0,987.35,
2009,6,6,23,23.83,41.22,0.0,0.0,0.0,355.2,3.26,171.0,987.54,
2009,6,7,0,22.93,44.71,0.0,0.0,0.0,355.17,3.1,176.0,987.38,
2009,6,7,1,22.03,48.21,0.0,0.0,0.0,355.13,2.95,180.0,987.22,
2009,6,7,2,21.13,51.7,0.0,0.0,0.0,355.1,2.8,185.0,987.06,
2009,6,7,3,20.29,56.11,0.0,0.0,0.0,351.12,2.6,194.0,987.19,
2009,6,7,4,19.46,60.53,0.0,0.0,0.0,347.13,2.4,202.0,987.32,
2009,6,7,5,18.62,64.94,0.0,0.0,0.0,343.15,2.21,211.0,987.45,
2009,6,7,6,19.41,64.66,3.0,0.0,3.0,346.97,2.43,242.0,988.1,
2009,6,7,7,20.2,64.38,25.0,0.0,25.0,350.78,2.66,272.0,988.75,
2009,6,7,8,20.99,64.1,122.0,19.01,116.0,354.6,2.88,303.0,989.4,
2009,6,7,9,22.35,59.75,237.0,72.46,204.0,360.5,2.97,317.0,989.46,
2009,6,7,10,23.71,55.4,58.0,0.0,58.0,366.4,3.07,331.0,989.53,
2009,6,7,11,25.07,51.05,148.0,0.0,148.0,372.3,3.16,345.0,989.59,
2009,6,7,12,25.14,50.92,448.0,86.85,380.0,375.07,2.89,328.0,989.62,
2009,6,7,13,25.22,50.8,839.0,793.62,175.0,377.83,2.62,310.0,989.66,
2009,6,7,14,25.3,50.67,850.0,769.77,192.0,380.6,2.34,293.0,989.69,
2009,6,7,15,25.36,48.84,772.0,596.82,273.0,380.32,2.52,302.0,989.85,
2009,6,7,16,25.41,47.01,489.0,133.02,385.0,380.03,2.69,311.0,990.01,
2009,6,7,17,25.47,45.18,573.0,415.37,284.0,379.75,2.87,320.0,990.18,
2009,6,7,18,24.6,45.52,535.0,639.04,162.0,372.77,2.47,330.0,990.7,
2009,6,7,19,23.73,45.85,296.0,196.35,207.0,365.78,2.07,339.0,991.22,
2009,6,7,20,22.86,46.19,213.0,268.04,129.0,358.8,1.67,348.0,991.74,
2009,6,7,21,21.01,50.79,119.0,345.66,59.0,351.45,2.14,345.0,992.13,
2009,6,7,22,19.15,55.4,11.0,23.05,10.0,344.1,2.61,342.0,992.52,
2009,6,7,23,17.3,60.0,0.0,0.0,0.0,336.75,3.08,340.0,992.91,
2009,6,8,0,16.61,60.24,0.0,0.0,0.0,332.2,2.98,340.0,993.1,
2009,6,8,1,15.92,60.49,0.0,0.0,0.0,327.65,2.89,341.0,993.3,
2009,6,8,2,15.24,60.73,0.0,0.0,0.0,323.1,2.8,342.0,993.49,
2009,6,8,3,14.73,62.57,0.0,0.0,0.0,319.38,2.77,342.0,993.72,
2009,6,8,4,14.23,64.41,0.0,0.0,0.0,315.67,2.74,342.0,993.95,
2009,6,8,5,13.73,66.25,0.0,0.0,0.0,311.95,2.7,342.0,994.18,
2009,6,8,6,15.68,63.93,40.0,346.25,24.0,312.9,2.3,346.0,994.44,
2009,6,8,7,17.64,61.6,127.0,396.59,57.0,313.85,1.9,351.0,994.7,
2009,6,8,8,19.6,59.28,269.0,578.6,86.0,314.8,1.5,355.0,994.96,
2009,6,8,9,21.42,51.23,417.0,671.04,111.0,320.32,1.41,340.0,994.66,
2009,6,8,10,23.24,43.19,567.0,762.57,120.0,325.83,1.31,324.0,994.37,
2009,6,8,11,25.07,35.14,693.0,800.98,134.0,331.35,1.21,309.0,994.08,
2009,6,8,12,26.09,33.55,794.0,835.92,139.0,335.6,1.55,299.0,993.53,
2009,6,8,13,27.11,31.95,140.0,0.0,140.0,339.85,1.89,290.0,992.97,
2009,6,8,14,28.14,30.36,884.0,878.93,132.0,344.1,2.22,280.0,992.42,
2009,6,8,15,28.46,30.59,852.0,839.89,149.0,347.02,2.55,281.0,992.06,
2009,6,8,16,28.79,30.81,632.0,372.97,340.0,349.93,2.88,281.0,991.71,
2009,6,8,17,29.11,31.04,567.0,396.0,291.0,352.85,3.21,282.0,991.35,
2009,6,8,18,27.86,35.67,317.0,78.63,271.0,359.93,2.92,287.0,991.74,
2009,6,8,19,26.61,40.3,149.0,4.4,147.0,367.02,2.63,293.0,992.13,
2009,6,8,20,25.36,44.93,117.0,15.88,112.0,374.1,2.33,299.0,992.52,
2009,6,8,21,23.91,50.42,108.0,233.99,67.0,373.23,2.36,302.0,992.75,
2009,6,8,22,22.45,55.92,8.0,0.0,8.0,372.37,2.4,305.0,992.97,
2009,6,8,23,21.0,61.41,0.0,0.0,0.0,371.5,2.43,309.0,993.2,
2009,6,9,0,20.24,65.55,0.0,0.0,0.0,366.22,2.34,310.0,993.1,
2009,6,9,1,19.48,69.69,0.0,0.0,0.0,360.93,2.26,312.0,993.01,
2009,6,9,2,18.72,73.83,0.0,0.0,0.0,355.65,2.18,314.0,992.91,
2009,6,9,3,18.31,76.86,0.0,0.0,0.0,351.8,2.14,312.0,992.94,
2009,6,9,4,17.9,79.89,0.0,0.0,0.0,347.95,2.11,311.0,992.97,
2009,6,9,5,17.5,82.92,0.0,0.0,0.0,344.1,2.07,309.0,993.01,
2009,6,9,6,19.13,77.58,3.0,0.0,3.0,344.45,2.11,310.0,993.1,
2009,6,9,7,20.76,72.24,119.0,316.04,63.0,344.8,2.16,311.0,993.2,
2009,6,9,8,22.4,66.9,255.0,479.69,103.0,345.15,2.21,311.0,993.3,
2009,6,9,9,23.5,61.25,360.0,400.85,177.0,353.12,2.43,309.0,992.94,
2009,6,9,10,24.6,55.6,558.0,721.03,135.0,361.08,2.65,306.0,992.58,
2009,6,9,11,25.69,49.95,618.0,535.51,244.0,369.05,2.87,304.0,992.23,
2009,6,9,12,24.93,56.63,708.0,558.59,270.0,374.8,3.22,303.0,992.03,
2009,6,9,13,24.17,63.32,849.0,824.61,158.0,380.55,3.58,303.0,991.84,
2009,6,9,14,23.41,70.0,162.0,0.0,162.0,386.3,3.93,302.0,991.64,
2009,6,9,15,22.51,74.82,741.0,512.02,312.0,385.17,4.11,306.0,991.77,
2009,6,9,16,21.61,79.65,268.0,2.55,266.0,384.03,4.28,311.0,991.9,
2009,6,9,17,20.71,84.47,609.0,511.39,252.0,382.9,4.46,315.0,992.03,
2009,6,9,18,21.07,77.33,523.0,579.91,183.0,379.25,4.07,316.0,992.23,
2009,6,9,19,21.42,70.2,196.0,26.31,184.0,375.6,3.68,317.0,992.42,
2009,6,9,20,21.77,63.06,224.0,309.69,126.0,371.95,3.3,319.0,992.62,
2009,6,9,21,20.9,62.92,130.0,435.57,53.0,363.33,3.44,328.0,992.88,
2009,6,9,22,20.02,62.79,14.0,42.87,12.0,354.72,3.58,337.0,993.14,
2009,6,9,23,19.15,62.65,0.0,0.0,0.0,346.1,3.72,346.0,993.4,
2009,6,10,0,18.6,61.91,0.0,0.0,0.0,341.87,4.08,353.0,993.79,
2009,6,10,1,18.05,61.17,0.0,0.0,0.0,337.63,4.43,360.0,994.18,
2009,6,10,2,17.5,60.43,0.0,0.0,0.0,333.4,4.79,6.0,994.57,
2009,6,10,3,17.01,61.75,0.0,0.0,0.0,330.28,4.82,9.0,995.25,
2009,6,10,4,16.52,63.07,0.0,0.0,0.0,327.17,4.85,12.0,995.93,
2009,6,10,5,16.03,64.39,0.0,0.0,0.0,324.05,4.88,15.0,996.61,
2009,6,10,6,16.24,64.68,22.0,20.96,21.0,321.35,5.15,19.0,997.3,
2009,6,10,7,16.45,64.98,120.0,326.25,62.0,318.65,5.42,23.0,997.98,
2009,6,10,8,16.66,65.27,276.0,633.35,75.0,315.95,5.68,27.0,998.66,
2009,6,10,9,17.61,57.75,418.0,671.82,111.0,316.72,5.66,25.0,998.79,
2009,6,10,10,18.57,50.24,576.0,805.69,103.0,317.48,5.63,22.0,998.92,
2009,6,10,11,19.52,42.72,565.0,386.37,295.0,318.25,5.6,20.0,999.05,
2009,6,10,12,20.12,39.31,743.0,662.78,223.0,320.88,5.47,17.0,998.86,
2009,6,10,13,20.72,35.89,671.0,354.2,374.0,323.52,5.34,14.0,998.66,
2009,6,10,14,21.32,32.48,602.0,210.04,422.0,326.15,5.21,11.0,998.47,
2009,6,10,15,21.53,31.57,568.0,182.44,415.0,324.15,5.14,11.0,998.44,
2009,6,10,16,21.73,30.65,782.0,789.98,162.0,322.15,5.07,12.0,998.4,
2009,6,10,17,21.94,29.74,690.0,786.65,140.0,320.15,4.99,12.0,998.37,
2009,6,10,18,21.17,31.49,564.0,747.24,125.0,315.85,4.19,18.0,998.6,
2009,6,10,19,20.4,33.25,410.0,633.96,120.0,311.55,3.39,23.0,998.83,
2009,6,10,20,19.63,35.0,249.0,440.45,109.0,307.25,2.59,29.0,999.05,
2009,6,10,21,17.97,38.68,126.0,375.87,59.0,303.68,2.63,40.0,999.44,
2009,6,10,22,16.31,42.35,15.0,41.54,13.0,300.12,2.68,50.0,999.83,
2009,6,10,23,14.65,46.03,0.0,0.0,0.0,296.55,2.72,61.0,1000.22,
2009,6,11,0,13.97,47.61,0.0,0.0,0.0,294.43,2.65,68.0,1000.39,
2009,6,11,1,13.28,49.18,0.0,0.0,0.0,292.32,2.59,76.0,1000.55,
2009,6,11,2,12.6,50.76,0.0,0.0,0.0,290.2,2.52,84.0,1000.71,
2009,6,11,3,12.27,52.41,0.0,0.0,0.0,289.3,2.43,91.0,1000.84,
2009,6,11,4,11.94,54.05,0.0,0.0,0.0,288.4,2.33,99.0,1000.97,
2009,6,11,5,11.6,55.7,0.0,0.0,0.0,287.5,2.23,106.0,1001.1,
2009,6,11,6,12.89,55.48,27.0,82.79,23.0,287.22,2.46,119.0,1001.52,
2009,6,11,7,14.18,55.25,129.0,409.52,56.0,286.93,2.69,131.0,1001.95,
2009,6,11,8,15.47,55.03,263.0,528.7,95.0,286.65,2.92,144.0,1002.37,
2009,6,11,9,17.12,48.96,418.0,671.32,111.0,291.07,3.03,156.0,1001.88,
2009,6,11,10,18.78,42.88,562.0,735.45,130.0,295.48,3.13,168.0,1001.39,
2009,6,11,11,20.43,36.81,702.0,832.43,120.0,299.9,3.23,181.0,1000.91,
2009,6,11,12,21.48,35.2,787.0,806.39,154.0,304.25,3.44,192.0,1000.03,
2009,6,11,13,22.53,33.58,855.0,840.28,150.0,308.6,3.66,203.0,999.15,
2009,6,11,14,23.58,31.97,853.0,769.63,193.0,312.95,3.88,214.0,998.27,
2009,6,11,15,24.16,31.48,700.0,413.4,353.0,316.08,4.19,222.0,997.3,
2009,6,11,16,24.73,30.99,544.0,203.64,384.0,319.22,4.51,230.0,996.32,
2009,6,11,17,25.31,30.5,486.0,215.66,335.0,322.35,4.83,238.0,995.35,
2009,6,11,18,24.52,32.82,270.0,32.28,251.0,322.75,4.38,235.0,994.96,
2009,6,11,19,23.72,35.13,168.0,8.72,164.0,323.15,3.93,232.0,994.57,
2009,6,11,20,22.92,37.45,115.0,12.53,111.0,323.55,3.48,228.0,994.18,
2009,6,11,21,22.03,39.76,72.0,38.97,65.0,325.05,3.79,231.0,994.05,
2009,6,11,22,21.13,42.07,2.0,0.0,2.0,326.55,4.1,233.0,993.92,
2009,6,11,23,20.24,44.38,0.0,0.0,0.0,328.05,4.41,236.0,993.79,
2009,6,12,0,19.93,47.49,0.0,0.0,0.0,331.55,4.35,246.0,993.46,
2009,6,12,1,19.62,50.6,0.0,0.0,0.0,335.05,4.29,256.0,993.14,
2009,6,12,2,19.32,53.71,0.0,0.0,0.0,338.55,4.23,266.0,992.81,
2009,6,12,3,19.2,58.62,0.0,0.0,0.0,340.53,4.2,275.0,992.75,
2009,6,12,4,19.09,63.53,0.0,0.0,0.0,342.52,4.16,284.0,992.68,
2009,6,12,5,18.98,68.44,0.0,0.0,0.0,344.5,4.12,293.0,992.62,
2009,6,12,6,19.97,67.91,4.0,0.0,4.0,345.9,4.11,304.0,992.84,
2009,6,12,7,20.97,67.39,23.0,0.0,23.0,347.3,4.09,315.0,993.07,
2009,6,12,8,21.97,66.86,118.0,15.72,113.0,348.7,4.07,325.0,993.3,
2009,6,12,9,22.8,65.31,270.0,128.94,211.0,354.27,4.09,329.0,993.2,
2009,6,12,10,23.64,63.77,543.0,655.16,158.0,359.83,4.11,333.0,993.1,
2009,6,12,11,24.48,62.22,668.0,702.0,177.0,365.4,4.14,337.0,993.01,
2009,6,12,12,24.89,60.24,770.0,746.2,184.0,370.17,4.07,338.0,992.84,
2009,6,12,13,25.3,58.26,719.0,455.07,337.0,374.93,4.0,340.0,992.68,
2009,6,12,14,25.71,56.28,853.0,770.31,192.0,379.7,3.93,341.0,992.52,
2009,6,12,15,25.68,57.06,776.0,597.59,274.0,381.15,3.93,340.0,992.49,
2009,6,12,16,25.66,57.85,675.0,466.63,308.0,382.6,3.92,339.0,992.45,
2009,6,12,17,25.63,58.63,665.0,687.48,183.0,384.05,3.92,338.0,992.42,
2009,6,12,18,25.25,58.12,526.0,579.96,184.0,383.12,3.2,332.0,992.52,
2009,6,12,19,24.87,57.61,351.0,356.63,187.0,382.18,2.48,327.0,992.62,
2009,6,12,20,24.48,57.1,79.0,0.0,79.0,381.25,1.77,322.0,992.71,
2009,6,12,21,23.24,63.41,31.0,0.0,31.0,374.3,1.98,322.0,992.94,
2009,6,12,22,21.99,69.72,4.0,0.0,4.0,367.35,2.19,321.0,993.17,
2009,6,12,23,20.74,76.03,0.0,0.0,0.0,360.4,2.4,320.0,993.4,
2009,6,13,0,20.25,79.93,0.0,0.0,0.0,359.95,2.44,321.0,993.36,
2009,6,13,1,19.77,83.83,0.0,0.0,0.0,359.5,2.47,321.0,993.33,
2009,6,13,2,19.29,87.73,0.0,0.0,0.0,359.05,2.51,322.0,993.3,
2009,6,13,3,19.1,89.7,0.0,0.0,0.0,357.93,2.55,323.0,993.4,
2009,6,13,4,18.91,91.68,0.0,0.0,0.0,356.82,2.58,325.0,993.49,
2009,6,13,5,18.73,93.65,0.0,0.0,0.0,355.7,2.62,326.0,993.59,
2009,6,13,6,19.77,87.71,4.0,0.0,4.0,355.43,2.86,327.0,993.79,
2009,6,13,7,20.81,81.77,11.0,0.0,11.0,355.17,3.09,328.0,993.98,
2009,6,13,8,21.85,75.83,93.0,3.14,92.0,354.9,3.32,329.0,994.18,
2009,6,13,9,22.22,76.9,191.0,21.85,181.0,359.83,3.34,336.0,994.08,
2009,6,13,10,22.6,77.97,519.0,556.3,192.0,364.77,3.35,343.0,993.98,
2009,6,13,11,22.98,79.04,668.0,701.8,177.0,369.7,3.37,350.0,993.88,
2009,6,13,12,22.8,81.01,744.0,661.94,224.0,372.12,3.44,349.0,993.82,
2009,6,13,13,22.62,82.99,762.0,559.67,292.0,374.53,3.51,349.0,993.75,
2009,6,13,14,22.44,84.96,517.0,107.16,425.0,376.95,3.59,349.0,993.69,
2009,6,13,15,21.89,86.93,621.0,259.33,403.0,376.2,3.71,349.0,993.79,
2009,6,13,16,21.33,88.91,714.0,571.62,264.0,375.45,3.83,348.0,993.88,
2009,6,13,17,20.78,90.88,617.0,524.23,249.0,374.7,3.96,348.0,993.98,
2009,6,13,18,20.62,89.07,471.0,389.38,241.0,373.5,3.12,354.0,993.95,
2009,6,13,19,20.46,87.25,140.0,2.17,139.0,372.3,2.28,1.0,993.92,
2009,6,13,20,20.3,85.44,49.0,0.0,49.0,371.1,1.43,7.0,993.88,
2009,6,13,21,19.52,88.1,16.0,0.0,16.0,368.08,1.61,9.0,994.01,
2009,6,13,22,18.74,90.75,5.0,0.0,5.0,365.07,1.79,10.0,994.14,
2009,6,13,23,17.96,93.41,0.0,0.0,0.0,362.05,1.97,12.0,994.27,
2009,6,14,0,17.43,93.91,0.0,0.0,0.0,359.12,2.0,19.0,994.31,
2009,6,14,1,16.9,94.42,0.0,0.0,0.0,356.18,2.03,26.0,994.34,
2009,6,14,2,16.37,94.92,0.0,0.0,0.0,353.25,2.06,33.0,994.37,
2009,6,14,3,15.86,94.8,0.0,0.0,0.0,346.33,2.07,37.0,994.57,
2009,6,14,4,15.35,94.68,0.0,0.0,0.0,339.42,2.08,40.0,994.76,
2009,6,14,5,14.85,94.56,0.0,0.0,0.0,332.5,2.1,44.0,994.96,
2009,6,14,6,15.68,89.81,4.0,0.0,4.0,330.95,2.13,45.0,995.18,
2009,6,14,7,16.51,85.05,23.0,0.0,23.0,329.4,2.17,46.0,995.41,
2009,6,14,8,17.34,80.3,199.0,191.59,138.0,327.85,2.21,47.0,995.64,
2009,6,14,9,18.8,70.2,247.0,87.37,207.0,326.82,2.34,44.0,995.44,
2009,6,14,10,20.26,60.11,322.0,81.65,274.0,325.78,2.47,41.0,995.25,
2009,6,14,11,21.73,50.01,543.0,331.55,311.0,324.75,2.61,37.0,995.05,
2009,6,14,12,22.57,47.11,722.0,596.87,253.0,328.88,2.75,33.0,994.7,
2009,6,14,13,23.41,44.21,621.0,259.5,403.0,333.02,2.89,28.0,994.34,
2009,6,14,14,24.25,41.31,738.0,458.69,344.0,337.15,3.03,24.0,993.98,
2009,6,14,15,24.48,40.31,683.0,373.28,369.0,343.83,3.07,24.0,993.62,
2009,6,14,16,24.72,39.32,606.0,310.95,361.0,350.52,3.1,25.0,993.27,
2009,6,14,17,24.95,38.32,617.0,525.05,248.0,357.2,3.13,25.0,992.91,
2009,6,14,18,24.12,41.57,472.0,388.77,242.0,354.68,2.61,31.0,992.94,
2009,6,14,19,23.29,44.83,418.0,649.4,118.0,352.17,2.09,38.0,992.97,
2009,6,14,20,22.46,48.08,248.0,409.08,116.0,349.65,1.57,44.0,993.01,
2009,6,14,21,21.26,50.74,118.0,272.86,68.0,351.57,1.85,48.0,993.23,
2009,6,14,22,20.07,53.4,15.0,18.81,14.0,353.48,2.13,53.0,993.46,
2009,6,14,23,18.87,56.06,0.0,0.0,0.0,355.4,2.41,58.0,993.69,
2009,6,15,0,18.16,58.39,0.0,0.0,0.0,352.27,2.35,57.0,993.72,
2009,6,15,1,17.44,60.73,0.0,0.0,0.0,349.13,2.29,56.0,993.75,
2009,6,15,2,16.73,63.06,0.0,0.0,0.0,346.0,2.23,55.0,993.79,
2009,6,15,3,16.27,65.69,0.0,0.0,0.0,339.75,2.28,57.0,994.11,
2009,6,15,4,15.81,68.33,0.0,0.0,0.0,333.5,2.32,59.0,994.44,
2009,6,15,5,15.35,70.96,0.0,0.0,0.0,327.25,2.36,61.0,994.76,
2009,6,15,6,16.73,69.38,40.0,262.0,27.0,326.4,2.65,64.0,995.02,
2009,6,15,7,18.1,67.81,97.0,145.11,71.0,325.55,2.95,67.0,995.28,
2009,6,15,8,19.48,66.23,190.0,160.17,139.0,324.7,3.24,70.0,995.54,
2009,6,15,9,20.61,59.73,320.0,255.56,203.0,327.42,3.36,69.0,995.74,
2009,6,15,10,21.74,53.24,519.0,556.22,192.0,330.13,3.47,68.0,995.93,
2009,6,15,11,22.86,46.74,676.0,728.78,166.0,332.85,3.59,67.0,996.13,
2009,6,15,12,23.41,44.4,787.0,805.46,154.0,337.57,3.4,61.0,995.96,
2009,6,15,13,23.95,42.07,856.0,840.18,150.0,342.28,3.21,54.0,995.8,
2009,6,15,14,24.5,39.73,888.0,878.6,133.0,347.0,3.02,48.0,995.64,
2009,6,15,15,24.74,38.45,829.0,749.71,198.0,341.42,2.9,45.0,995.54,
2009,6,15,16,24.97,37.18,790.0,806.57,154.0,335.83,2.77,42.0,995.44,
2009,6,15,17,25.21,35.9,694.0,787.46,140.0,330.25,2.65,39.0,995.35,
2009,6,15,18,24.1,38.55,573.0,764.6,120.0,326.85,2.32,52.0,995.44,
2009,6,15,19,22.99,41.21,419.0,648.08,119.0,323.45,2.0,64.0,995.54,
2009,6,15,20,21.87,43.86,273.0,565.38,90.0,320.05,1.67,76.0,995.64,
2009,6,15,21,20.07,46.7,126.0,336.46,64.0,315.9,2.16,97.0,995.93,
2009,6,15,22,18.26,49.53,20.0,73.82,16.0,311.75,2.64,118.0,996.22,
2009,6,15,23,16.46,52.37,0.0,0.0,0.0,307.6,3.13,139.0,996.52,
2009,6,16,0,15.81,53.76,0.0,0.0,0.0,305.05,3.02,152.0,996.52,
2009,6,16,1,15.15,55.15,0.0,0.0,0.0,302.5,2.91,165.0,996.52,
2009,6,16,2,14.5,56.54,0.0,0.0,0.0,299.95,2.8,178.0,996.52,
2009,6,16,3,14.37,58.05,0.0,0.0,0.0,298.93,2.66,187.0,996.58,
2009,6,16,4,14.25,59.57,0.0,0.0,0.0,297.92,2.51,196.0,996.65,
2009,6,16,5,14.12,61.08,0.0,0.0,0.0,296.9,2.37,205.0,996.71,
2009,6,16,6,15.75,61.33,41.0,301.92,26.0,301.15,2.88,207.0,996.48,
2009,6,16,7,17.38,61.59,106.0,195.36,71.0,305.4,3.38,208.0,996.26,
2009,6,16,8,19.01,61.84,248.0,427.22,112.0,309.65,3.89,210.0,996.03,
2009,6,16,9,21.3,56.61,409.0,622.64,124.0,317.55,4.01,213.0,995.64,
2009,6,16,10,23.59,51.39,562.0,734.91,130.0,325.45,4.13,216.0,995.25,
2009,6,16,11,25.89,46.16,694.0,801.68,133.0,333.35,4.25,218.0,994.86,
2009,6,16,12,27.14,41.8,796.0,835.93,139.0,341.23,4.23,230.0,994.34,
2009,6,16,13,28.39,37.44,874.0,905.45,113.0,349.12,4.2,242.0,993.82,
2009,6,16,14,29.65,33.08,864.0,800.36,176.0,357.0,4.18,254.0,993.3,
2009,6,16,15,30.03,31.89,763.0,560.52,291.0,362.47,4.12,254.0,992.88,
2009,6,16,16,30.4,30.69,791.0,806.01,155.0,367.93,4.07,255.0,992.45,
2009,6,16,17,30.78,29.5,695.0,788.13,140.0,373.4,4.01,256.0,992.03,
2009,6,16,18,29.72,33.14,573.0,763.6,120.0,370.32,3.4,246.0,991.93,
2009,6,16,19,28.65,36.79,420.0,649.04,119.0,367.23,2.78,237.0,991.84,
2009,6,16,20,27.58,40.43,266.0,514.5,99.0,364.15,2.17,228.0,991.74,
2009,6,16,21,25.9,42.54,128.0,345.58,64.0,361.02,2.42,228.0,991.84,
2009,6,16,22,24.21,44.66,17.0,36.3,15.0,357.88,2.67,228.0,991.93,
2009,6,16,23,22.53,46.77,0.0,0.0,0.0,354.75,2.92,229.0,992.03,
2009,6,17,0,22.08,46.93,0.0,0.0,0.0,352.62,2.98,232.0,991.84,
2009,6,17,1,21.64,47.08,0.0,0.0,0.0,350.48,3.03,236.0,991.64,
2009,6,17,2,21.2,47.24,0.0,0.0,0.0,348.35,3.09,240.0,991.45,
2009,6,17,3,20.98,47.83,0.0,0.0,0.0,345.97,3.06,242.0,991.48,
2009,6,17,4,20.77,48.42,0.0,0.0,0.0,343.58,3.03,245.0,991.51,
2009,6,17,5,20.56,49.01,0.0,0.0,0.0,341.2,3.01,247.0,991.54,
2009,6,17,6,21.91,49.81,4.0,0.0,4.0,341.35,3.3,247.0,991.51,
2009,6,17,7,23.26,50.62,106.0,195.48,71.0,341.5,3.59,248.0,991.48,
2009,6,17,8,24.62,51.42,240.0,383.44,118.0,341.65,3.88,248.0,991.45,
2009,6,17,9,26.26,49.18,402.0,587.91,133.0,348.12,3.71,248.0,991.25,
2009,6,17,10,27.9,46.94,568.0,762.32,120.0,354.58,3.54,248.0,991.06,
2009,6,17,11,29.55,44.7,687.0,771.77,147.0,361.05,3.37,248.0,990.86,
2009,6,17,12,30.05,40.73,796.0,835.94,139.0,368.75,3.91,256.0,990.86,
2009,6,17,13,30.56,36.76,856.0,841.1,149.0,376.45,4.46,263.0,990.86,
2009,6,17,14,31.07,32.79,739.0,459.39,344.0,384.15,5.01,270.0,990.86,
2009,6,17,15,31.21,32.23,773.0,585.21,280.0,390.42,4.71,271.0,990.57,
2009,6,17,16,31.34,31.68,769.0,732.05,191.0,396.68,4.42,272.0,990.27,
2009,6,17,17,31.48,31.12,688.0,759.08,153.0,402.95,4.12,273.0,989.98,
2009,6,17,18,30.04,36.1,565.0,722.28,136.0,398.43,3.37,289.0,990.01,
2009,6,17,19,28.59,41.08,365.0,393.93,182.0,393.92,2.62,305.0,990.05,
2009,6,17,20,27.14,46.06,260.0,467.1,108.0,389.4,1.86,321.0,990.08,
2009,6,17,21,26.04,48.08,121.0,279.52,69.0,380.85,2.05,323.0,990.24,
2009,6,17,22,24.93,50.09,17.0,35.77,15.0,372.3,2.23,326.0,990.4,
2009,6,17,23,23.83,52.11,0.0,0.0,0.0,363.75,2.41,329.0,990.57,
2009,6,18,0,22.67,56.42,0.0,0.0,0.0,361.33,2.38,334.0,990.47,
2009,6,18,1,21.51,60.74,0.0,0.0,0.0,358.92,2.35,340.0,990.37,
2009,6,18,2,20.35,65.05,0.0,0.0,0.0,356.5,2.32,345.0,990.27,
2009,6,18,3,19.47,69.84,0.0,0.0,0.0,354.62,2.46,353.0,990.37,
2009,6,18,4,18.59,74.62,0.0,0.0,0.0,352.73,2.61,1.0,990.47,
2009,6,18,5,17.7,79.41,0.0,0.0,0.0,350.85,2.76,9.0,990.57,
2009,6,18,6,19.7,73.49,4.0,0.0,4.0,352.7,2.29,25.0,990.7,
2009,6,18,7,21.69,67.56,105.0,195.72,70.0,354.55,1.83,41.0,990.83,
2009,6,18,8,23.69,61.64,247.0,427.78,111.0,356.4,1.37,57.0,990.96,
2009,6,18,9,25.24,55.92,409.0,623.23,124.0,362.47,1.19,74.0,990.63,
2009,6,18,10,26.79,50.21,543.0,655.37,158.0,368.53,1.01,91.0,990.31,
2009,6,18,11,28.34,44.49,433.0,132.95,340.0,374.6,0.83,108.0,989.98,
2009,6,18,12,28.33,45.28,470.0,108.16,385.0,380.1,1.34,161.0,989.88,
2009,6,18,13,28.32,46.07,856.0,841.06,149.0,385.6,1.85,213.0,989.79,
2009,6,18,14,28.31,46.86,855.0,769.77,193.0,391.1,2.36,265.0,989.69,
2009,6,18,15,28.52,45.95,858.0,841.31,149.0,393.0,2.4,265.0,989.43,
2009,6,18,16,28.73,45.05,791.0,806.35,154.0,394.9,2.45,264.0,989.17,
2009,6,18,17,28.94,44.14,689.0,758.5,154.0,396.8,2.5,263.0,988.91,
2009,6,18,18,28.26,48.51,116.0,0.0,116.0,395.8,1.91,279.0,988.71,
2009,6,18,19,27.57,52.87,42.0,0.0,42.0,394.8,1.32,296.0,988.52,
2009,6,18,20,26.88,57.24,57.0,0.0,57.0,393.8,0.73,312.0,988.32,
2009,6,18,21,25.36,58.73,59.0,10.71,57.0,387.42,1.42,257.0,988.06,
2009,6,18,22,23.84,60.22,5.0,0.0,5.0,381.03,2.1,201.0,987.8,
2009,6,18,23,22.32,61.71,0.0,0.0,0.0,374.65,2.79,146.0,987.54,
2009,6,19,0,21.85,61.96,0.0,0.0,0.0,368.78,2.84,152.0,987.22,
2009,6,19,1,21.39,62.21,0.0,0.0,0.0,362.92,2.9,158.0,986.89,
2009,6,19,2,20.93,62.46,0.0,0.0,0.0,357.05,2.95,163.0,986.57,
2009,6,19,3,20.69,63.74,0.0,0.0,0.0,355.08,2.81,166.0,986.44,
2009,6,19,4,20.45,65.03,0.0,0.0,0.0,353.12,2.67,169.0,986.31,
2009,6,19,5,20.22,66.31,0.0,0.0,0.0,351.15,2.52,171.0,986.18,
2009,6,19,6,21.55,63.92,41.0,304.62,26.0,353.25,2.34,174.0,986.31,
2009,6,19,7,22.89,61.54,105.0,190.46,71.0,355.35,2.17,176.0,986.44,
2009,6,19,8,24.23,59.15,213.0,251.91,133.0,357.45,1.99,179.0,986.57,
2009,6,19,9,25.54,54.95,71.0,0.0,71.0,364.13,2.5,171.0,986.05,
2009,6,19,10,26.85,50.74,410.0,233.33,273.0,370.82,3.02,164.0,985.53,
2009,6,19,11,28.17,46.54,482.0,208.78,336.0,377.5,3.53,156.0,985.01,
2009,6,19,12,28.55,42.64,470.0,108.18,385.0,377.53,4.15,160.0,984.75,
2009,6,19,13,28.93,38.75,814.0,705.47,221.0,377.57,4.77,164.0,984.49,
2009,6,19,14,29.31,34.85,489.0,81.39,419.0,377.6,5.39,168.0,984.23,
2009,6,19,15,28.79,35.48,553.0,158.96,419.0,379.02,4.71,172.0,984.26,
2009,6,19,16,28.26,36.12,71.0,0.0,71.0,380.43,4.03,176.0,984.29,
2009,6,19,17,27.74,36.75,62.0,0.0,62.0,381.85,3.35,179.0,984.33,
2009,6,19,18,25.29,49.84,74.0,0.0,74.0,379.78,2.74,232.0,984.78,
2009,6,19,19,22.83,62.92,169.0,8.59,165.0,377.72,2.13,285.0,985.24,
2009,6,19,20,20.37,76.01,208.0,205.02,141.0,375.65,1.52,338.0,985.69,
2009,6,19,21,18.56,81.16,19.0,0.0,19.0,372.25,3.53,337.0,986.67,
2009,6,19,22,16.74,86.32,3.0,0.0,3.0,368.85,5.54,337.0,987.64,
2009,6,19,23,14.92,91.47,0.0,0.0,0.0,365.45,7.56,337.0,988.62,
2009,6,20,0,14.27,90.59,0.0,0.0,0.0,362.1,7.32,338.0,988.97,
2009,6,20,1,13.62,89.71,0.0,0.0,0.0,358.75,7.09,339.0,989.33,
2009,6,20,2,12.98,88.83,0.0,0.0,0.0,355.4,6.86,341.0,989.69,
2009,6,20,3,12.93,85.98,0.0,0.0,0.0,348.1,6.57,341.0,989.98,
2009,6,20,4,12.89,83.13,0.0,0.0,0.0,340.8,6.29,341.0,990.27,
2009,6,20,5,12.85,80.28,0.0,0.0,0.0,333.5,6.01,341.0,990.57,
2009,6,20,6,13.83,75.62,40.0,286.37,26.0,331.18,6.19,342.0,991.12,
2009,6,20,7,14.81,70.96,113.0,252.66,68.0,328.87,6.37,343.0,991.67,
2009,6,20,8,15.8,66.3,271.0,592.79,83.0,326.55,6.55,344.0,992.23,
2009,6,20,9,17.52,58.26,417.0,670.27,111.0,325.58,6.42,345.0,992.0,
2009,6,20,10,19.25,50.22,567.0,761.8,120.0,324.62,6.29,345.0,991.77,
2009,6,20,11,20.98,42.18,686.0,771.12,147.0,323.65,6.15,346.0,991.54,
2009,6,20,12,21.93,39.28,795.0,836.39,138.0,325.65,5.98,342.0,991.25,
2009,6,20,13,22.88,36.39,865.0,872.11,132.0,327.65,5.81,338.0,990.96,
2009,6,20,14,23.83,33.49,898.0,911.48,114.0,329.65,5.64,335.0,990.66,
2009,6,20,15,24.26,33.62,868.0,872.93,132.0,330.28,5.63,332.0,990.47,
2009,6,20,16,24.68,33.75,805.0,853.75,130.0,330.92,5.61,330.0,990.27,
2009,6,20,17,25.11,33.88,705.0,818.45,127.0,331.55,5.6,328.0,990.08,
2009,6,20,18,24.3,37.44,517.0,525.5,204.0,333.37,4.4,328.0,990.31,
2009,6,20,19,23.49,41.0,185.0,17.15,177.0,335.18,3.2,327.0,990.53,
2009,6,20,20,22.67,44.56,111.0,9.16,108.0,337.0,2.0,327.0,990.76,
2009,6,20,21,21.1,50.53,39.0,0.0,39.0,334.07,2.25,318.0,990.96,
2009,6,20,22,19.54,56.51,19.0,51.96,16.0,331.13,2.51,309.0,991.15,
2009,6,20,23,17.97,62.48,0.0,0.0,0.0,328.2,2.76,299.0,991.35,
2009,6,21,0,17.4,65.71,0.0,0.0,0.0,328.25,2.64,298.0,991.25,
2009,6,21,1,16.83,68.94,0.0,0.0,0.0,328.3,2.53,296.0,991.15,
2009,6,21,2,16.26,72.17,0.0,0.0,0.0,328.35,2.41,294.0,991.06,
2009,6,21,3,16.17,74.24,0.0,0.0,0.0,327.17,2.51,301.0,991.22,
2009,6,21,4,16.09,76.3,0.0,0.0,0.0,325.98,2.62,309.0,991.38,
2009,6,21,5,16.0,78.37,0.0,0.0,0.0,324.8,2.72,316.0,991.54,
2009,6,21,6,17.37,75.22,38.0,247.77,26.0,326.08,2.97,317.0,991.8,
2009,6,21,7,18.74,72.06,112.0,253.38,67.0,327.37,3.23,318.0,992.06,
2009,6,21,8,20.11,68.91,262.0,530.6,94.0,328.65,3.49,319.0,992.32,
2009,6,21,9,21.34,61.58,416.0,671.01,110.0,335.22,3.9,318.0,992.16,
2009,6,21,10,22.58,54.25,566.0,762.38,119.0,341.78,4.32,318.0,992.0,
2009,6,21,11,23.82,46.92,689.0,785.85,140.0,348.35,4.73,317.0,991.84,
2009,6,21,12,24.37,43.91,751.0,688.95,210.0,351.48,5.17,317.0,991.58,
2009,6,21,13,24.93,40.9,790.0,636.65,255.0,354.62,5.6,317.0,991.32,
2009,6,21,14,25.49,37.89,686.0,347.63,387.0,357.75,6.04,317.0,991.06,
2009,6,21,15,25.51,37.02,717.0,444.71,342.0,357.2,6.18,319.0,990.96,
2009,6,21,16,25.54,36.14,552.0,211.16,385.0,356.65,6.33,322.0,990.86,
2009,6,21,17,25.56,35.27,503.0,236.36,336.0,356.1,6.47,324.0,990.76,
2009,6,21,18,24.63,36.64,445.0,302.0,265.0,355.98,5.43,327.0,991.09,
2009,6,21,19,23.69,38.02,393.0,503.36,158.0,355.87,4.38,331.0,991.41,
2009,6,21,20,22.75,39.39,241.0,347.73,127.0,355.75,3.34,334.0,991.74,
2009,6,21,21,21.28,43.36,125.0,297.19,69.0,350.1,3.04,331.0,991.84,
2009,6,21,22,19.82,47.32,15.0,17.2,14.0,344.45,2.75,328.0,991.93,
2009,6,21,23,18.35,51.29,0.0,0.0,0.0,338.8,2.46,325.0,992.03,
2009,6,22,0,17.67,53.61,0.0,0.0,0.0,333.27,2.63,324.0,991.97,
2009,6,22,1,16.99,55.93,0.0,0.0,0.0,327.73,2.8,324.0,991.9,
2009,6,22,2,16.31,58.25,0.0,0.0,0.0,322.2,2.98,323.0,991.84,
2009,6,22,3,15.96,59.62,0.0,0.0,0.0,320.68,3.26,327.0,992.0,
2009,6,22,4,15.61,61.0,0.0,0.0,0.0,319.17,3.55,331.0,992.16,
2009,6,22,5,15.27,62.37,0.0,0.0,0.0,317.65,3.83,335.0,992.32,
2009,6,22,6,16.09,61.37,35.0,187.99,26.0,316.3,3.99,335.0,992.42,
2009,6,22,7,16.92,60.37,119.0,316.38,63.0,314.95,4.14,334.0,992.52,
2009,6,22,8,17.75,59.37,261.0,528.45,94.0,313.6,4.29,334.0,992.62,
2009,6,22,9,18.57,54.78,416.0,669.67,111.0,321.1,4.91,331.0,992.42,
2009,6,22,10,19.4,50.18,565.0,761.36,119.0,328.6,5.53,329.0,992.23,
2009,6,22,11,20.23,45.59,666.0,700.41,177.0,336.1,6.15,326.0,992.03,
2009,6,22,12,20.79,42.49,643.0,393.67,334.0,337.45,6.39,327.0,991.67,
2009,6,22,13,21.35,39.38,681.0,372.56,368.0,338.8,6.62,328.0,991.32,
2009,6,22,14,21.92,36.28,695.0,366.26,380.0,340.15,6.86,328.0,990.96,
2009,6,22,15,21.85,35.08,661.0,327.29,385.0,337.35,6.86,330.0,990.83,
2009,6,22,16,21.79,33.87,561.0,225.03,383.0,334.55,6.86,331.0,990.7,
2009,6,22,17,21.72,32.67,556.0,350.88,308.0,331.75,6.86,333.0,990.57,
2009,6,22,18,20.58,33.95,461.0,345.43,255.0,325.77,6.45,336.0,990.8,
2009,6,22,19,19.44,35.22,321.0,237.57,210.0,319.78,6.04,340.0,991.02,
2009,6,22,20,18.3,36.5,234.0,310.77,132.0,313.8,5.63,343.0,991.25,
2009,6,22,21,17.13,39.6,133.0,365.48,64.0,309.88,5.14,345.0,991.67,
2009,6,22,22,15.96,42.7,15.0,17.11,14.0,305.97,4.65,347.0,992.1,
2009,6,22,23,14.79,45.8,0.0,0.0,0.0,302.05,4.17,349.0,992.52,
2009,6,23,0,14.04,48.97,0.0,0.0,0.0,299.4,3.99,346.0,992.62,
2009,6,23,1,13.29,52.15,0.0,0.0,0.0,296.75,3.82,342.0,992.71,
2009,6,23,2,12.55,55.32,0.0,0.0,0.0,294.1,3.64,339.0,992.81,
2009,6,23,3,12.09,57.4,0.0,0.0,0.0,289.28,3.75,335.0,992.88,
2009,6,23,4,11.63,59.48,0.0,0.0,0.0,284.47,3.86,331.0,992.94,
2009,6,23,5,11.16,61.56,0.0,0.0,0.0,279.65,3.97,327.0,993.01,
2009,6,23,6,11.75,60.98,32.0,148.25,25.0,280.35,4.8,328.0,993.04,
2009,6,23,7,12.33,60.39,127.0,402.71,56.0,281.05,5.64,328.0,993.07,
2009,6,23,8,12.92,59.81,261.0,529.62,94.0,281.75,6.47,329.0,993.1,
2009,6,23,9,13.98,53.72,406.0,622.28,123.0,287.25,6.93,329.0,992.78,
2009,6,23,10,15.04,47.64,497.0,488.73,211.0,292.75,7.39,329.0,992.45,
2009,6,23,11,16.1,41.55,680.0,756.82,152.0,298.25,7.85,329.0,992.13,
2009,6,23,12,16.62,40.51,794.0,836.18,138.0,304.68,7.84,331.0,991.97,
2009,6,23,13,17.14,39.46,850.0,823.95,158.0,311.12,7.83,333.0,991.8,
2009,6,23,14,17.66,38.42,652.0,286.08,406.0,317.55,7.82,334.0,991.64,
2009,6,23,15,17.69,39.2,417.0,40.32,383.0,325.05,7.83,337.0,991.9,
2009,6,23,16,17.71,39.98,176.0,0.0,176.0,332.55,7.83,340.0,992.16,
2009,6,23,17,17.74,40.76,362.0,53.75,324.0,340.05,7.83,342.0,992.42,
2009,6,23,18,16.59,45.2,191.0,1.68,190.0,347.55,7.44,344.0,993.01,
2009,6,23,19,15.44,49.64,179.0,12.83,173.0,355.05,7.04,346.0,993.59,
2009,6,23,20,14.29,54.08,134.0,27.4,125.0,362.55,6.65,347.0,994.18,
2009,6,23,21,13.57,57.55,62.0,10.58,60.0,354.58,6.36,348.0,994.6,
2009,6,23,22,12.86,61.02,6.0,0.0,6.0,346.62,6.08,348.0,995.02,
2009,6,23,23,12.14,64.49,0.0,0.0,0.0,338.65,5.79,348.0,995.44,
2009,6,24,0,11.68,67.54,0.0,0.0,0.0,331.4,5.52,348.0,995.54,
2009,6,24,1,11.22,70.6,0.0,0.0,0.0,324.15,5.25,347.0,995.64,
2009,6,24,2,10.77,73.65,0.0,0.0,0.0,316.9,4.98,346.0,995.74,
2009,6,24,3,10.75,75.07,0.0,0.0,0.0,317.67,4.82,347.0,995.9,
2009,6,24,4,10.74,76.5,0.0,0.0,0.0,318.43,4.66,347.0,996.06,
2009,6,24,5,10.73,77.92,0.0,0.0,0.0,319.2,4.5,348.0,996.22,
2009,6,24,6,11.33,76.16,3.0,0.0,3.0,326.18,4.44,350.0,996.35,
2009,6,24,7,11.93,74.4,50.0,5.7,49.0,333.17,4.38,352.0,996.48,
2009,6,24,8,12.53,72.64,80.0,0.0,80.0,340.15,4.32,354.0,996.61,
2009,6,24,9,13.46,68.75,274.0,143.16,209.0,348.37,4.26,353.0,996.65,
2009,6,24,10,14.4,64.87,326.0,88.96,274.0,356.58,4.2,351.0,996.68,
2009,6,24,11,15.34,60.98,181.0,0.0,181.0,364.8,4.14,350.0,996.71,
2009,6,24,12,16.17,56.27,529.0,183.66,385.0,363.9,4.02,351.0,996.42,
2009,6,24,13,17.01,51.57,494.0,97.68,412.0,363.0,3.91,353.0,996.13,
2009,6,24,14,17.85,46.86,758.0,503.67,325.0,362.1,3.79,354.0,995.83,
2009,6,24,15,18.22,45.06,408.0,35.58,378.0,363.63,3.7,349.0,995.64,
2009,6,24,16,18.6,43.25,227.0,0.0,227.0,365.17,3.61,344.0,995.44,
2009,6,24,17,18.97,41.45,446.0,142.84,345.0,366.7,3.52,339.0,995.25,
2009,6,24,18,18.63,41.68,502.0,470.85,221.0,356.23,2.89,339.0,995.18,
2009,6,24,19,18.29,41.92,179.0,12.83,173.0,345.77,2.26,339.0,995.12,
2009,6,24,20,17.95,42.15,250.0,389.4,122.0,335.3,1.63,340.0,995.05,
2009,6,24,21,16.18,48.61,112.0,195.55,75.0,326.35,2.06,334.0,995.18,
2009,6,24,22,14.42,55.06,20.0,51.08,17.0,317.4,2.48,328.0,995.31,
2009,6,24,23,12.65,61.52,0.0,0.0,0.0,308.45,2.91,323.0,995.44,
2009,6,25,0,12.12,63.37,0.0,0.0,0.0,306.05,2.72,325.0,995.38,
2009,6,25,1,11.6,65.22,0.0,0.0,0.0,303.65,2.53,328.0,995.31,
2009,6,25,2,11.08,67.07,0.0,0.0,0.0,301.25,2.34,330.0,995.25,
2009,6,25,3,10.92,68.69,0.0,0.0,0.0,298.75,2.33,339.0,995.41,
2009,6,25,4,10.77,70.3,0.0,0.0,0.0,296.25,2.32,348.0,995.57,
2009,6,25,5,10.61,71.92,0.0,0.0,0.0,293.75,2.3,357.0,995.74,
2009,6,25,6,12.08,70.15,3.0,0.0,3.0,294.62,2.51,8.0,996.03,
2009,6,25,7,13.54,68.37,66.0,28.63,61.0,295.48,2.71,18.0,996.32,
2009,6,25,8,15.0,66.6,160.0,82.89,134.0,296.35,2.91,28.0,996.61,
2009,6,25,9,15.85,61.39,371.0,456.73,164.0,303.73,3.09,23.0,996.42,
2009,6,25,10,16.71,56.17,545.0,678.35,149.0,311.12,3.26,19.0,996.22,
2009,6,25,11,17.57,50.96,679.0,756.71,152.0,318.5,3.43,14.0,996.03,
2009,6,25,12,17.93,48.6,775.0,774.7,168.0,325.13,3.34,12.0,995.77,
2009,6,25,13,18.3,46.25,587.0,208.55,412.0,331.77,3.25,10.0,995.51,
2009,6,25,14,18.67,43.89,666.0,311.84,398.0,338.4,3.16,8.0,995.25,
2009,6,25,15,18.87,42.69,797.0,651.21,248.0,338.43,3.13,4.0,994.96,
2009,6,25,16,19.06,41.5,661.0,424.72,325.0,338.47,3.09,0.0,994.66,
2009,6,25,17,19.26,40.3,99.0,0.0,99.0,338.5,3.06,356.0,994.37,
2009,6,25,18,18.5,41.69,166.0,0.0,166.0,334.03,2.79,7.0,994.4,
2009,6,25,19,17.73,43.07,314.0,218.02,212.0,329.57,2.51,18.0,994.44,
2009,6,25,20,16.96,44.46,181.0,112.52,144.0,325.1,2.23,29.0,994.47,
2009,6,25,21,15.65,48.03,141.0,433.23,59.0,320.53,2.23,34.0,994.7,
2009,6,25,22,14.33,51.61,11.0,0.0,11.0,315.97,2.23,39.0,994.92,
2009,6,25,23,13.01,55.18,0.0,0.0,0.0,311.4,2.23,44.0,995.15,
2009,6,26,0,12.59,56.15,0.0,0.0,0.0,313.07,2.19,45.0,995.35,
2009,6,26,1,12.16,57.12,0.0,0.0,0.0,314.73,2.15,47.0,995.54,
2009,6,26,2,11.74,58.09,0.0,0.0,0.0,316.4,2.11,49.0,995.74,
2009,6,26,3,11.35,60.28,0.0,0.0,0.0,319.5,2.05,43.0,995.83,
2009,6,26,4,10.97,62.46,0.0,0.0,0.0,322.6,1.98,37.0,995.93,
2009,6,26,5,10.59,64.65,0.0,0.0,0.0,325.7,1.92,30.0,996.03,
2009,6,26,6,11.5,64.12,3.0,0.0,3.0,323.45,2.07,28.0,996.09,
2009,6,26,7,12.41,63.59,48.0,5.76,47.0,321.2,2.22,27.0,996.16,
2009,6,26,8,13.33,63.06,208.0,243.03,132.0,318.95,2.37,25.0,996.22,
2009,6,26,9,14.43,55.49,361.0,417.85,172.0,318.23,2.99,18.0,995.93,
2009,6,26,10,15.53,47.93,461.0,377.39,241.0,317.52,3.61,11.0,995.64,
2009,6,26,11,16.64,40.36,438.0,142.3,339.0,316.8,4.23,4.0,995.35,
2009,6,26,12,17.24,37.79,537.0,196.69,383.0,323.65,4.56,1.0,994.96,
2009,6,26,13,17.84,35.22,811.0,704.69,220.0,330.5,4.88,359.0,994.57,
2009,6,26,14,18.45,32.65,455.0,57.04,406.0,337.35,5.2,356.0,994.18,
2009,6,26,15,18.86,31.46,674.0,354.76,375.0,340.33,5.3,357.0,993.79,
2009,6,26,16,19.26,30.27,565.0,231.35,382.0,343.32,5.4,358.0,993.4,
2009,6,26,17,19.67,29.08,599.0,459.61,274.0,346.3,5.5,358.0,993.01,
2009,6,26,18,18.99,31.03,405.0,207.73,281.0,340.88,4.45,2.0,993.04,
2009,6,26,19,18.31,32.97,219.0,42.75,199.0,335.47,3.4,6.0,993.07,
2009,6,26,20,17.63,34.92,280.0,580.83,89.0,330.05,2.34,10.0,993.1,
2009,6,26,21,16.2,39.72,119.0,248.36,72.0,323.32,2.36,348.0,993.07,
2009,6,26,22,14.76,44.51,3.0,0.0,3.0,316.58,2.38,326.0,993.04,
2009,6,26,23,13.33,49.31,0.0,0.0,0.0,309.85,2.4,304.0,993.01,
2009,6,27,0,13.47,48.96,0.0,0.0,0.0,308.72,2.46,308.0,992.75,
2009,6,27,1,13.61,48.61,0.0,0.0,0.0,307.58,2.51,311.0,992.49,
2009,6,27,2,13.76,48.26,0.0,0.0,0.0,306.45,2.57,315.0,992.23,
2009,6,27,3,13.86,51.48,0.0,0.0,0.0,311.03,2.96,326.0,992.39,
2009,6,27,4,13.96,54.7,0.0,0.0,0.0,315.62,3.36,337.0,992.55,
2009,6,27,5,14.06,57.92,0.0,0.0,0.0,320.2,3.75,348.0,992.71,
2009,6,27,6,14.66,61.13,3.0,0.0,3.0,322.32,4.12,357.0,992.97,
2009,6,27,7,15.25,64.34,80.0,75.31,67.0,324.43,4.5,5.0,993.23,
2009,6,27,8,15.85,67.55,223.0,317.63,124.0,326.55,4.87,14.0,993.49,
2009,6,27,9,16.6,64.55,335.0,321.26,190.0,326.4,4.91,13.0,993.53,
2009,6,27,10,17.35,61.54,421.0,269.73,264.0,326.25,4.96,11.0,993.56,
2009,6,27,11,18.1,58.54,568.0,404.35,287.0,326.1,5.01,10.0,993.59,
2009,6,27,12,18.93,52.74,687.0,510.04,288.0,325.93,5.09,6.0,993.3,
2009,6,27,13,19.75,46.95,750.0,534.52,302.0,325.77,5.18,2.0,993.01,
2009,6,27,14,20.58,41.15,757.0,504.25,324.0,325.6,5.27,357.0,992.71,
2009,6,27,15,21.04,38.92,745.0,511.54,314.0,323.88,5.13,355.0,992.45,
2009,6,27,16,21.49,36.68,713.0,560.17,270.0,322.17,4.99,353.0,992.19,
2009,6,27,17,21.95,34.45,683.0,731.24,166.0,320.45,4.86,351.0,991.93,
2009,6,27,18,21.32,36.34,471.0,371.95,249.0,315.95,3.74,353.0,991.87,
2009,6,27,19,20.68,38.22,411.0,581.4,139.0,311.45,2.63,354.0,991.8,
2009,6,27,20,20.04,40.11,273.0,529.26,99.0,306.95,1.52,356.0,991.74,
2009,6,27,21,18.27,45.97,113.0,200.95,75.0,305.22,1.57,304.0,991.64,
2009,6,27,22,16.5,51.83,15.0,17.13,14.0,303.48,1.62,252.0,991.54,
2009,6,27,23,14.73,57.69,0.0,0.0,0.0,301.75,1.67,200.0,991.45,
2009,6,28,0,14.61,57.75,0.0,0.0,0.0,303.67,1.94,212.0,991.06,
2009,6,28,1,14.49,57.8,0.0,0.0,0.0,305.58,2.2,223.0,990.66,
2009,6,28,2,14.37,57.86,0.0,0.0,0.0,307.5,2.47,235.0,990.27,
2009,6,28,3,14.67,58.09,0.0,0.0,0.0,311.53,2.63,242.0,990.05,
2009,6,28,4,14.98,58.32,0.0,0.0,0.0,315.57,2.78,249.0,989.82,
2009,6,28,5,15.28,58.55,0.0,0.0,0.0,319.6,2.94,257.0,989.59,
2009,6,28,6,16.85,57.76,3.0,0.0,3.0,320.15,3.67,258.0,989.27,
2009,6,28,7,18.41,56.97,53.0,11.66,51.0,320.7,4.41,260.0,988.94,
2009,6,28,8,19.98,56.18,245.0,447.56,106.0,321.25,5.14,262.0,988.62,
2009,6,28,9,21.39,51.44,383.0,528.54,145.0,331.28,5.66,264.0,987.9,
2009,6,28,10,22.8,46.7,335.0,104.97,274.0,341.32,6.17,266.0,987.19,
2009,6,28,11,24.22,41.96,224.0,1.44,223.0,351.35,6.68,268.0,986.47,
2009,6,28,12,24.52,39.33,224.0,0.0,224.0,362.83,7.08,269.0,985.85,
2009,6,28,13,24.83,36.7,432.0,50.15,390.0,374.32,7.49,270.0,985.24,
2009,6,28,14,25.14,34.07,245.0,0.0,245.0,385.8,7.89,271.0,984.62,
2009,6,28,15,25.5,32.57,217.0,0.0,217.0,384.87,7.53,269.0,983.84,
2009,6,28,16,25.85,31.06,283.0,3.79,280.0,383.93,7.16,267.0,983.06,
2009,6,28,17,26.21,29.56,218.0,0.0,218.0,383.0,6.8,265.0,982.28,
2009,6,28,18,25.51,29.93,365.0,134.07,285.0,373.97,6.14,267.0,981.92,
2009,6,28,19,24.81,30.31,117.0,0.0,117.0,364.93,5.49,270.0,981.56,
2009,6,28,20,24.1,30.68,98.0,3.04,97.0,355.9,4.83,272.0,981.2,
2009,6,28,21,22.99,34.46,35.0,0.0,35.0,357.23,4.61,271.0,980.94,
2009,6,28,22,21.87,38.25,3.0,0.0,3.0,358.57,4.39,269.0,980.68,
2009,6,28,23,20.75,42.03,0.0,0.0,0.0,359.9,4.17,268.0,980.42,
2009,6,29,0,20.04,48.03,0.0,0.0,0.0,356.52,4.63,270.0,980.13,
2009,6,29,1,19.33,54.02,0.0,0.0,0.0,353.13,5.1,273.0,979.84,
2009,6,29,2,18.63,60.02,0.0,0.0,0.0,349.75,5.57,276.0,979.55,
2009,6,29,3,17.47,70.36,0.0,0.0,0.0,353.8,5.67,287.0,980.1,
2009,6,29,4,16.31,80.69,0.0,0.0,0.0,357.85,5.77,298.0,980.65,
2009,6,29,5,15.15,91.03,0.0,0.0,0.0,361.9,5.88,309.0,981.2,
2009,6,29,6,14.68,89.01,37.0,364.08,22.0,363.67,6.1,317.0,982.28,
2009,6,29,7,14.21,86.99,11.0,0.0,11.0,365.43,6.32,325.0,983.35,
2009,6,29,8,13.74,84.97,66.0,0.0,66.0,367.2,6.54,333.0,984.42,
2009,6,29,9,14.24,78.51,147.0,4.45,145.0,363.63,6.37,337.0,985.11,
2009,6,29,10,14.74,72.04,507.0,543.02,192.0,360.07,6.2,341.0,985.79,
2009,6,29,11,15.23,65.58,432.0,137.05,337.0,356.5,6.03,345.0,986.47,
2009,6,29,12,16.06,59.24,271.0,2.56,269.0,357.95,5.85,344.0,986.67,
2009,6,29,13,16.89,52.89,730.0,487.5,322.0,359.4,5.67,342.0,986.86,
2009,6,29,14,17.72,46.55,602.0,209.85,422.0,360.85,5.49,341.0,987.06,
2009,6,29,15,17.98,43.96,631.0,275.59,399.0,349.23,5.47,341.0,987.32,
2009,6,29,16,18.23,41.36,608.0,311.28,362.0,337.62,5.44,340.0,987.58,
2009,6,29,17,18.49,38.77,480.0,195.3,342.0,326.0,5.42,340.0,987.84,
2009,6,29,18,17.68,39.05,371.0,144.17,285.0,322.02,5.0,343.0,988.42,
2009,6,29,19,16.86,39.32,291.0,160.44,216.0,318.03,4.58,346.0,989.01,
2009,6,29,20,16.04,39.6,257.0,432.5,115.0,314.05,4.17,349.0,989.59,
2009,6,29,21,15.02,42.28,91.0,84.87,75.0,311.18,3.92,353.0,990.24,
2009,6,29,22,14.0,44.95,20.0,52.07,17.0,308.32,3.67,356.0,990.89,
2009,6,29,23,12.98,47.63,0.0,0.0,0.0,305.45,3.42,360.0,991.54,
2009,6,30,0,12.15,50.34,0.0,0.0,0.0,298.43,3.13,0.0,991.84,
2009,6,30,1,11.32,53.06,0.0,0.0,0.0,291.42,2.84,0.0,992.13,
2009,6,30,2,10.49,55.77,0.0,0.0,0.0,284.4,2.55,1.0,992.42,
2009,6,30,3,9.91,62.95,0.0,0.0,0.0,279.07,2.41,357.0,992.65,
2009,6,30,4,9.33,70.14,0.0,0.0,0.0,273.73,2.27,353.0,992.88,
2009,6,30,5,8.76,77.32,0.0,0.0,0.0,268.4,2.12,349.0,993.1,
2009,6,30,6,9.7,73.66,5.4,0.0,5.4,271.27,2.17,350.0,993.33,
2009,6,30,7,10.65,69.99,114.0,319.72,60.0,274.13,2.23,351.0,993.56,
2009,6,30,8,11.59,66.33,253.0,519.32,93.0,277.0,2.28,352.0,993.79,
2009,6,30,9,12.86,57.24,404.0,649.6,113.0,281.85,2.63,341.0,993.4,
2009,6,30,10,14.12,48.14,546.0,709.85,135.0,286.7,2.99,331.0,993.01,
2009,6,30,11,15.38,39.05,656.0,690.52,178.0,291.55,3.35,320.0,992.62,
2009,6,30,12,16.13,36.58,767.0,764.14,171.0,300.87,3.49,317.0,992.13,
2009,6,30,13,16.88,34.1,846.0,828.73,153.0,310.18,3.62,313.0,991.64,
2009,6,30,14,17.63,31.63,880.0,866.81,137.0,319.5,3.75,310.0,991.15,
2009,6,30,15,17.92,30.66,838.0,783.25,179.0,317.58,3.81,309.0,990.8,
2009,6,30,16,18.21,29.69,783.0,782.38,165.0,315.67,3.86,308.0,990.44,
2009,6,30,17,18.5,28.72,683.0,736.25,163.0,313.75,3.92,307.0,990.08,
2009,6,30,18,17.89,30.54,556.0,677.63,152.0,308.72,3.24,316.0,990.05,
2009,6,30,19,17.27,32.36,366.0,391.73,183.0,303.68,2.56,324.0,990.01,
2009,6,30,20,16.66,34.18,245.0,371.99,123.0,298.65,1.88,332.0,989.98,
2009,6,30,21,15.56,37.46,135.0,388.12,62.0,297.83,2.09,342.0,990.05,
2009,6,30,22,9.07,47.89,17.0,35.05,15.0,276.14,2.37,352.0,990.11,
2009,6,30,23,10.18,48.98,0.0,0.0,0.0,283.78,2.45,2.0,990.18,
2005,7,1,0,11.29,50.07,0.0,0.0,0.0,291.42,2.52,2.0,989.98,
2005,7,1,1,12.4,51.15,0.0,0.0,0.0,299.06,2.59,3.0,989.79,
2005,7,1,2,13.51,52.24,0.0,0.0,0.0,306.7,2.67,3.0,989.59,
2005,7,1,3,14.61,53.32,0.0,0.0,0.0,314.35,2.74,355.0,989.33,
2005,7,1,4,15.72,54.41,0.0,0.0,0.0,321.99,2.81,347.0,989.07,
2005,7,1,5,16.83,55.5,0.0,0.0,0.0,329.63,2.88,339.0,988.81,
2005,7,1,6,17.94,56.58,3.0,0.0,3.0,337.27,2.96,185.0,982.83,
2005,7,1,7,19.05,57.67,10.0,0.0,10.0,344.91,3.03,190.0,982.99,
2005,7,1,8,20.16,58.75,197.0,234.73,125.0,352.55,3.1,196.0,983.15,
2005,7,1,9,21.27,59.84,214.0,53.73,190.0,360.19,3.18,202.0,982.93,
2005,7,1,10,22.38,60.92,325.0,100.38,267.0,367.83,3.25,209.0,982.7,
2005,7,1,11,23.49,62.01,572.0,442.71,266.0,375.47,3.32,216.0,982.47,
2005,7,1,12,24.6,63.1,587.0,300.36,353.0,383.11,3.4,216.0,982.41,
2005,7,1,13,25.71,64.18,643.0,317.19,378.0,390.75,3.47,216.0,982.34,
2005,7,1,14,25.02,62.21,707.0,406.29,359.0,388.4,4.19,216.0,982.28,
2005,7,1,15,24.15,69.03,703.0,425.77,345.0,388.63,4.12,219.0,982.28,
2005,7,1,16,23.28,75.84,468.0,105.14,385.0,388.87,4.06,222.0,982.28,
2005,7,1,17,22.41,82.66,359.0,51.0,323.0,389.1,3.99,225.0,982.28,
2005,7,1,18,22.31,79.34,336.0,92.31,281.0,389.18,3.46,231.0,982.37,
2005,7,1,19,22.22,76.01,296.0,167.11,218.0,389.27,2.94,237.0,982.47,
2005,7,1,20,22.12,72.69,94.0,0.0,94.0,389.35,2.41,243.0,982.57,
2005,7,1,21,21.04,76.68,139.0,378.57,68.0,381.65,2.28,242.0,982.63,
2005,7,1,22,19.96,80.68,25.0,70.9,21.0,373.95,2.15,242.0,982.7,
2005,7,1,23,18.88,84.67,0.0,0.0,0.0,366.25,2.01,241.0,982.76,
2005,7,2,0,17.99,86.84,0.0,0.0,0.0,359.42,2.04,242.0,982.63,
2005,7,2,1,17.11,89.02,0.0,0.0,0.0,352.58,2.07,243.0,982.5,
2005,7,2,2,16.22,91.19,0.0,0.0,0.0,345.75,2.1,245.0,982.37,
2005,7,2,3,15.64,92.31,0.0,0.0,0.0,342.58,2.07,246.0,982.31,
2005,7,2,4,15.06,93.43,0.0,0.0,0.0,339.42,2.04,247.0,982.24,
2005,7,2,5,14.48,94.55,0.0,0.0,0.0,336.25,2.01,248.0,982.18,
2005,7,2,6,16.27,88.69,3.0,0.0,3.0,342.13,1.63,246.0,982.15,
2005,7,2,7,18.06,82.82,86.0,138.57,63.0,348.02,1.25,244.0,982.11,
2005,7,2,8,19.84,76.96,230.0,415.98,103.0,353.9,0.87,242.0,982.08,
2005,7,2,9,21.07,68.3,151.0,6.74,148.0,366.42,1.89,234.0,981.72,
2005,7,2,10,22.3,59.64,540.0,726.67,121.0,378.93,2.91,226.0,981.37,
2005,7,2,11,23.52,50.98,582.0,475.29,254.0,391.45,3.93,219.0,981.01,
2005,7,2,12,23.63,50.92,726.0,658.01,214.0,391.87,4.61,224.0,980.65,
2005,7,2,13,23.74,50.85,823.0,776.39,175.0,392.28,5.28,230.0,980.29,
2005,7,2,14,23.85,50.79,801.0,642.65,251.0,392.7,5.96,236.0,979.94,
2005,7,2,15,24.32,48.67,838.0,798.58,167.0,387.47,5.33,238.0,979.74,
2005,7,2,16,24.78,46.56,811.0,893.61,106.0,382.23,4.7,239.0,979.55,
2005,7,2,17,25.25,44.44,699.0,802.37,133.0,377.0,4.07,241.0,979.35,
2005,7,2,18,24.61,46.01,414.0,226.76,279.0,373.27,3.21,240.0,979.38,
2005,7,2,19,23.98,47.59,433.0,692.73,110.0,369.53,2.35,238.0,979.42,
2005,7,2,20,23.34,49.16,289.0,630.06,83.0,365.8,1.49,237.0,979.45,
2005,7,2,21,21.56,54.02,150.0,508.29,55.0,358.57,1.87,243.0,979.51,
2005,7,2,22,19.78,58.88,24.0,71.87,20.0,351.33,2.25,249.0,979.58,
2005,7,2,23,18.01,63.74,0.0,0.0,0.0,344.1,2.63,255.0,979.64,
2005,7,3,0,17.15,66.27,0.0,0.0,0.0,338.65,2.62,260.0,979.45,
2005,7,3,1,16.28,68.8,0.0,0.0,0.0,333.2,2.61,265.0,979.25,
2005,7,3,2,15.42,71.33,0.0,0.0,0.0,327.75,2.59,270.0,979.06,
2005,7,3,3,14.92,73.36,0.0,0.0,0.0,323.07,2.52,270.0,979.03,
2005,7,3,4,14.42,75.38,0.0,0.0,0.0,318.38,2.46,270.0,978.99,
2005,7,3,5,13.92,77.41,0.0,0.0,0.0,313.7,2.39,270.0,978.96,
2005,7,3,6,15.59,73.45,3.0,0.0,3.0,321.78,2.59,268.0,978.99,
2005,7,3,7,17.26,69.48,13.0,0.0,13.0,329.87,2.79,265.0,979.03,
2005,7,3,8,18.93,65.52,150.0,79.0,126.0,337.95,2.99,263.0,979.06,
2005,7,3,9,19.9,60.09,217.0,60.82,190.0,340.37,3.97,262.0,978.73,
2005,7,3,10,20.87,54.66,524.0,658.78,145.0,342.78,4.95,260.0,978.41,
2005,7,3,11,21.84,49.23,489.0,248.21,318.0,345.2,5.93,259.0,978.08,
2005,7,3,12,22.23,46.84,425.0,74.64,367.0,348.47,6.37,262.0,978.05,
2005,7,3,13,22.61,44.45,486.0,97.15,405.0,351.73,6.8,264.0,978.02,
2005,7,3,14,22.99,42.06,535.0,132.15,422.0,355.0,7.24,266.0,977.99,
2005,7,3,15,23.09,41.23,739.0,514.54,307.0,357.9,7.03,270.0,977.99,
2005,7,3,16,23.18,40.4,754.0,697.66,204.0,360.8,6.82,274.0,977.99,
2005,7,3,17,23.27,39.57,603.0,476.69,267.0,363.7,6.61,278.0,977.99,
2005,7,3,18,22.48,42.06,502.0,472.42,221.0,360.28,5.61,283.0,978.31,
2005,7,3,19,21.69,44.56,378.0,431.62,177.0,356.87,4.61,288.0,978.64,
2005,7,3,20,20.9,47.05,281.0,573.08,94.0,353.45,3.61,292.0,978.96,
2005,7,3,21,19.49,52.45,151.0,521.07,54.0,343.65,3.25,293.0,979.22,
2005,7,3,22,18.08,57.85,23.0,54.76,20.0,333.85,2.88,293.0,979.48,
2005,7,3,23,16.68,63.25,0.0,0.0,0.0,324.05,2.51,293.0,979.74,
2005,7,4,0,15.86,67.67,0.0,0.0,0.0,321.3,2.46,293.0,979.84,
2005,7,4,1,15.04,72.09,0.0,0.0,0.0,318.55,2.4,293.0,979.94,
2005,7,4,2,14.22,76.51,0.0,0.0,0.0,315.8,2.34,294.0,980.03,
2005,7,4,3,13.95,78.93,0.0,0.0,0.0,313.7,2.29,298.0,980.2,
2005,7,4,4,13.67,81.35,0.0,0.0,0.0,311.6,2.23,301.0,980.36,
2005,7,4,5,13.39,83.77,0.0,0.0,0.0,309.5,2.17,305.0,980.52,
2005,7,4,6,14.38,80.15,3.0,0.0,3.0,312.33,2.31,306.0,980.72,
2005,7,4,7,15.36,76.54,73.0,79.88,60.0,315.17,2.46,306.0,980.91,
2005,7,4,8,16.35,72.92,189.0,215.09,124.0,318.0,2.61,307.0,981.11,
2005,7,4,9,17.34,67.24,368.0,522.09,137.0,322.58,2.87,299.0,981.07,
2005,7,4,10,18.32,61.57,516.0,632.46,153.0,327.17,3.13,291.0,981.04,
2005,7,4,11,19.3,55.89,473.0,219.57,322.0,331.75,3.39,283.0,981.01,
2005,7,4,12,19.85,52.98,572.0,275.77,358.0,343.52,3.44,280.0,980.72,
2005,7,4,13,20.4,50.07,650.0,335.01,371.0,355.28,3.49,278.0,980.42,
2005,7,4,14,20.95,47.16,299.0,2.34,297.0,367.05,3.54,276.0,980.13,
2005,7,4,15,21.17,46.83,165.0,0.0,165.0,370.45,3.31,282.0,980.13,
2005,7,4,16,21.38,46.51,632.0,368.16,342.0,373.85,3.08,288.0,980.13,
2005,7,4,17,21.59,46.18,537.0,310.97,318.0,377.25,2.84,295.0,980.13,
2005,7,4,18,20.84,50.95,335.0,92.56,280.0,370.2,2.5,309.0,980.26,
2005,7,4,19,20.09,55.71,436.0,718.25,102.0,363.15,2.15,322.0,980.39,
2005,7,4,20,19.34,60.48,256.0,414.67,121.0,356.1,1.81,336.0,980.52,
2005,7,4,21,17.95,66.3,112.0,178.09,79.0,350.17,2.01,342.0,980.88,
2005,7,4,22,16.55,72.13,27.0,111.5,21.0,344.23,2.22,348.0,981.24,
2005,7,4,23,15.16,77.95,0.0,0.0,0.0,338.3,2.43,353.0,981.59,
2005,7,5,0,14.61,79.52,0.0,0.0,0.0,335.02,2.29,354.0,981.76,
2005,7,5,1,14.07,81.1,0.0,0.0,0.0,331.73,2.16,356.0,981.92,
2005,7,5,2,13.52,82.67,0.0,0.0,0.0,328.45,2.03,357.0,982.08,
2005,7,5,3,13.15,82.2,0.0,0.0,0.0,325.85,2.18,357.0,982.34,
2005,7,5,4,12.77,81.72,0.0,0.0,0.0,323.25,2.34,358.0,982.6,
2005,7,5,5,12.39,81.25,0.0,0.0,0.0,320.65,2.5,359.0,982.86,
2005,7,5,6,12.97,77.54,3.0,0.0,3.0,317.98,3.0,2.0,983.38,
2005,7,5,7,13.55,73.82,49.0,12.42,47.0,315.32,3.51,6.0,983.9,
2005,7,5,8,14.12,70.11,209.0,316.1,114.0,312.65,4.01,9.0,984.42,
2005,7,5,9,15.59,63.34,234.0,88.46,195.0,318.68,3.7,12.0,984.26,
2005,7,5,10,17.05,56.56,424.0,312.65,245.0,324.72,3.39,15.0,984.1,
2005,7,5,11,18.51,49.79,647.0,708.0,161.0,330.75,3.08,17.0,983.94,
2005,7,5,12,19.45,47.4,643.0,431.04,309.0,338.75,2.78,19.0,983.58,
2005,7,5,13,20.38,45.0,810.0,746.56,189.0,346.75,2.49,20.0,983.22,
2005,7,5,14,21.31,42.61,832.0,740.6,200.0,354.75,2.19,22.0,982.86,
2005,7,5,15,21.6,41.97,789.0,653.88,241.0,360.22,2.19,23.0,982.73,
2005,7,5,16,21.88,41.33,770.0,754.8,176.0,365.68,2.18,25.0,982.6,
2005,7,5,17,22.17,40.69,399.0,89.55,336.0,371.15,2.18,26.0,982.47,
2005,7,5,18,21.37,42.97,388.0,175.24,284.0,365.73,2.27,29.0,982.63,
2005,7,5,19,20.58,45.25,332.0,269.25,207.0,360.32,2.35,32.0,982.8,
2005,7,5,20,19.78,47.53,204.0,178.62,146.0,354.9,2.44,34.0,982.96,
2005,7,5,21,18.75,49.31,31.0,0.0,31.0,354.52,2.86,38.0,983.15,
2005,7,5,22,17.72,51.1,6.0,0.0,6.0,354.13,3.28,41.0,983.35,
2005,7,5,23,16.69,52.88,0.0,0.0,0.0,353.75,3.7,45.0,983.54,
2005,7,6,0,16.26,53.08,0.0,0.0,0.0,355.05,4.06,46.0,983.35,
2005,7,6,1,15.82,53.28,0.0,0.0,0.0,356.35,4.43,48.0,983.15,
2005,7,6,2,15.39,53.48,0.0,0.0,0.0,357.65,4.8,49.0,982.96,
2005,7,6,3,14.22,63.3,0.0,0.0,0.0,360.7,4.83,50.0,982.93,
2005,7,6,4,13.04,73.13,0.0,0.0,0.0,363.75,4.86,50.0,982.89,
2005,7,6,5,11.87,82.95,0.0,0.0,0.0,366.8,4.88,51.0,982.86,
2005,7,6,6,12.02,81.48,3.0,0.0,3.0,363.97,4.86,46.0,982.96,
2005,7,6,7,12.17,80.01,10.0,0.0,10.0,361.13,4.84,41.0,983.06,
2005,7,6,8,12.32,78.54,33.0,0.0,33.0,358.3,4.81,37.0,983.15,
2005,7,6,9,12.7,79.38,108.0,0.0,108.0,361.32,4.9,36.0,982.96,
2005,7,6,10,13.07,80.23,138.0,0.0,138.0,364.33,4.99,35.0,982.76,
2005,7,6,11,13.44,81.07,243.0,4.38,240.0,367.35,5.08,34.0,982.57,
2005,7,6,12,14.38,76.57,377.0,41.36,345.0,368.08,5.12,36.0,982.31,
2005,7,6,13,15.31,72.06,680.0,400.84,347.0,368.82,5.17,37.0,982.05,
2005,7,6,14,16.24,67.56,840.0,769.57,184.0,369.55,5.21,38.0,981.79,
2005,7,6,15,16.84,65.3,811.0,723.83,205.0,371.1,5.22,41.0,981.63,
2005,7,6,16,17.43,63.05,380.0,36.89,351.0,372.65,5.22,43.0,981.46,
2005,7,6,17,18.02,60.79,267.0,7.11,262.0,374.2,5.23,45.0,981.3,
2005,7,6,18,17.93,61.55,107.0,0.0,107.0,373.3,4.66,51.0,981.72,
2005,7,6,19,17.83,62.3,116.0,0.0,116.0,372.4,4.09,57.0,982.15,
2005,7,6,20,17.74,63.06,59.0,0.0,59.0,371.5,3.52,62.0,982.57,
2005,7,6,21,16.99,66.37,27.0,0.0,27.0,371.0,3.22,64.0,982.67,
2005,7,6,22,16.24,69.68,3.0,0.0,3.0,370.5,2.93,66.0,982.76,
2005,7,6,23,15.5,72.99,0.0,0.0,0.0,370.0,2.63,68.0,982.86,
2005,7,7,0,14.73,78.07,0.0,0.0,0.0,362.38,2.51,66.0,982.54,
2005,7,7,1,13.97,83.15,0.0,0.0,0.0,354.77,2.4,64.0,982.21,
2005,7,7,2,13.2,88.23,0.0,0.0,0.0,347.15,2.28,61.0,981.89,
2005,7,7,3,12.92,90.09,0.0,0.0,0.0,349.48,2.5,58.0,981.85,
2005,7,7,4,12.63,91.94,0.0,0.0,0.0,351.82,2.73,54.0,981.82,
2005,7,7,5,12.35,93.8,0.0,0.0,0.0,354.15,2.95,50.0,981.79,
2005,7,7,6,12.39,95.13,3.0,0.0,3.0,361.82,3.08,45.0,982.11,
2005,7,7,7,12.44,96.45,17.0,0.0,17.0,369.48,3.21,40.0,982.44,
2005,7,7,8,12.48,97.78,26.0,0.0,26.0,377.15,3.34,35.0,982.76,
2005,7,7,9,12.85,95.43,133.0,2.29,132.0,377.62,3.41,37.0,982.73,
2005,7,7,10,13.22,93.07,178.0,1.76,177.0,378.08,3.49,38.0,982.7,
2005,7,7,11,13.59,90.72,178.0,0.0,178.0,378.55,3.56,40.0,982.67,
2005,7,7,12,14.72,83.77,260.0,2.59,258.0,376.57,3.38,31.0,982.44,
2005,7,7,13,15.85,76.81,189.0,0.0,189.0,374.58,3.21,21.0,982.21,
2005,7,7,14,16.98,69.86,141.0,0.0,141.0,372.6,3.03,12.0,981.98,
2005,7,7,15,17.54,66.89,297.0,3.59,294.0,372.95,3.11,4.0,981.85,
2005,7,7,16,18.09,63.93,187.0,0.0,187.0,373.3,3.19,357.0,981.72,
2005,7,7,17,18.65,60.96,327.0,31.34,305.0,373.65,3.27,349.0,981.59,
2005,7,7,18,18.08,64.53,225.0,8.45,220.0,364.6,3.09,349.0,981.76,
2005,7,7,19,17.51,68.09,243.0,73.52,209.0,355.55,2.91,350.0,981.92,
2005,7,7,20,16.94,71.66,233.0,306.76,134.0,346.5,2.73,350.0,982.08,
2005,7,7,21,15.65,77.37,132.0,356.89,67.0,339.65,2.56,341.0,982.28,
2005,7,7,22,14.35,83.08,20.0,39.82,18.0,332.8,2.39,332.0,982.47,
2005,7,7,23,13.06,88.79,0.0,0.0,0.0,325.95,2.22,323.0,982.67,
2005,7,8,0,12.43,91.05,0.0,0.0,0.0,321.93,2.26,304.0,982.47,
2005,7,8,1,11.79,93.31,0.0,0.0,0.0,317.92,2.3,285.0,982.28,
2005,7,8,2,11.16,95.57,0.0,0.0,0.0,313.9,2.34,266.0,982.08,
2005,7,8,3,11.29,94.75,0.0,0.0,0.0,311.77,2.42,270.0,982.24,
2005,7,8,4,11.41,93.93,0.0,0.0,0.0,309.63,2.5,274.0,982.41,
2005,7,8,5,11.54,93.11,0.0,0.0,0.0,307.5,2.58,278.0,982.57,
2005,7,8,6,12.24,86.86,3.0,0.0,3.0,303.53,3.5,280.0,983.02,
2005,7,8,7,12.95,80.62,106.0,386.42,46.0,299.57,4.42,282.0,983.48,
2005,7,8,8,13.65,74.37,244.0,579.47,73.0,295.6,5.34,284.0,983.94,
2005,7,8,9,14.66,67.34,385.0,642.45,105.0,299.35,5.56,288.0,983.97,
2005,7,8,10,15.67,60.31,333.0,121.51,264.0,303.1,5.78,291.0,984.0,
2005,7,8,11,16.68,53.28,530.0,353.25,289.0,306.85,6.0,294.0,984.03,
2005,7,8,12,17.49,50.47,551.0,243.81,363.0,309.32,5.93,294.0,984.0,
2005,7,8,13,18.3,47.66,733.0,533.53,291.0,311.78,5.85,294.0,983.97,
2005,7,8,14,19.11,44.85,758.0,539.78,299.0,314.25,5.78,294.0,983.94,
2005,7,8,15,19.31,43.78,508.0,116.13,411.0,320.05,5.67,295.0,983.94,
2005,7,8,16,19.51,42.72,689.0,516.35,284.0,325.85,5.56,296.0,983.94,
2005,7,8,17,19.71,41.65,485.0,212.56,336.0,331.65,5.45,297.0,983.94,
2005,7,8,18,18.95,44.36,477.0,399.45,241.0,335.35,4.43,301.0,984.59,
2005,7,8,19,18.2,47.08,290.0,160.37,216.0,339.05,3.41,306.0,985.24,
2005,7,8,20,17.44,49.79,224.0,270.53,137.0,342.75,2.39,310.0,985.89,
2005,7,8,21,16.45,53.61,119.0,248.81,74.0,342.87,2.27,308.0,986.28,
2005,7,8,22,15.45,57.44,6.0,0.0,6.0,342.98,2.15,305.0,986.67,
2005,7,8,23,14.46,61.26,0.0,0.0,0.0,343.1,2.03,303.0,987.06,
2005,7,9,0,13.77,64.35,0.0,0.0,0.0,334.97,2.06,300.0,987.02,
2005,7,9,1,13.09,67.45,0.0,0.0,0.0,326.83,2.09,297.0,986.99,
2005,7,9,2,12.4,70.54,0.0,0.0,0.0,318.7,2.12,295.0,986.96,
2005,7,9,3,11.76,73.88,0.0,0.0,0.0,311.78,2.14,293.0,987.15,
2005,7,9,4,11.12,77.21,0.0,0.0,0.0,304.87,2.16,292.0,987.35,
2005,7,9,5,10.48,80.55,0.0,0.0,0.0,297.95,2.18,290.0,987.54,
2005,7,9,6,11.93,76.16,2.0,0.0,2.0,297.67,2.32,283.0,987.84,
2005,7,9,7,13.38,71.78,74.0,110.96,57.0,297.38,2.46,276.0,988.13,
2005,7,9,8,14.82,67.39,100.0,10.23,97.0,297.1,2.61,269.0,988.42,
2005,7,9,9,15.89,62.37,334.0,398.61,161.0,304.27,3.23,269.0,988.23,
2005,7,9,10,16.96,57.36,332.0,121.87,263.0,311.43,3.85,269.0,988.03,
2005,7,9,11,18.03,52.34,561.0,440.72,261.0,318.6,4.47,268.0,987.84,
2005,7,9,12,18.38,51.3,730.0,696.34,194.0,330.52,4.64,267.0,987.74,
2005,7,9,13,18.73,50.27,677.0,400.14,346.0,342.43,4.81,266.0,987.64,
2005,7,9,14,19.07,49.23,437.0,50.64,394.0,354.35,4.98,265.0,987.54,
2005,7,9,15,19.3,49.04,752.0,562.18,283.0,356.22,4.92,266.0,987.38,
2005,7,9,16,19.53,48.86,710.0,577.02,258.0,358.08,4.87,267.0,987.22,
2005,7,9,17,19.76,48.67,179.0,0.0,179.0,359.95,4.81,268.0,987.06,
2005,7,9,18,19.2,52.87,563.0,727.41,134.0,351.15,3.7,273.0,987.09,
2005,7,9,19,18.65,57.07,63.0,0.0,63.0,342.35,2.59,279.0,987.12,
2005,7,9,20,18.09,61.27,185.0,127.98,144.0,333.55,1.48,284.0,987.15,
2005,7,9,21,16.96,66.01,68.0,22.29,64.0,333.28,1.44,264.0,987.15,
2005,7,9,22,15.83,70.75,17.0,21.14,16.0,333.02,1.41,244.0,987.15,
2005,7,9,23,14.71,75.49,0.0,0.0,0.0,332.75,1.38,224.0,987.15,
2005,7,10,0,14.07,79.75,0.0,0.0,0.0,341.28,1.62,226.0,986.83,
2005,7,10,1,13.43,84.0,0.0,0.0,0.0,349.82,1.87,227.0,986.5,
2005,7,10,2,12.79,88.26,0.0,0.0,0.0,358.35,2.11,229.0,986.18,
2005,7,10,3,12.29,90.43,0.0,0.0,0.0,350.17,2.16,240.0,986.28,
2005,7,10,4,11.78,92.59,0.0,0.0,0.0,341.98,2.2,251.0,986.37,
2005,7,10,5,11.28,94.76,0.0,0.0,0.0,333.8,2.25,262.0,986.47,
2005,7,10,6,12.86,89.66,2.0,0.0,2.0,332.65,1.79,307.0,986.7,
2005,7,10,7,14.45,84.56,42.0,6.62,41.0,331.5,1.34,351.0,986.93,
2005,7,10,8,16.03,79.46,174.0,182.06,121.0,330.35,0.88,35.0,987.15,
2005,7,10,9,16.88,73.72,366.0,560.03,124.0,336.93,1.07,84.0,986.89,
2005,7,10,10,17.72,67.97,391.0,242.71,254.0,343.52,1.26,133.0,986.63,
2005,7,10,11,18.56,62.23,517.0,326.89,295.0,350.1,1.45,182.0,986.37,
2005,7,10,12,18.69,65.32,578.0,299.36,348.0,357.65,1.49,177.0,985.89,
2005,7,10,13,18.82,68.41,699.0,452.83,325.0,365.2,1.54,172.0,985.4,
2005,7,10,14,18.95,71.5,171.0,0.0,171.0,372.75,1.59,166.0,984.91,
2005,7,10,15,18.69,75.22,456.0,70.82,397.0,367.18,1.46,154.0,984.62,
2005,7,10,16,18.43,78.94,114.0,0.0,114.0,361.62,1.33,141.0,984.33,
2005,7,10,17,18.17,82.66,94.0,0.0,94.0,356.05,1.2,128.0,984.03,
2005,7,10,18,17.85,82.34,347.0,113.82,280.0,354.62,1.16,106.0,984.1,
2005,7,10,19,17.54,82.02,55.0,0.0,55.0,353.18,1.13,84.0,984.16,
2005,7,10,20,17.22,81.7,25.0,0.0,25.0,351.75,1.09,62.0,984.23,
2005,7,10,21,16.08,85.74,49.0,0.0,49.0,345.42,1.32,61.0,984.13,
2005,7,10,22,14.94,89.78,24.0,131.37,18.0,339.08,1.55,59.0,984.03,
2005,7,10,23,13.8,93.82,0.0,0.0,0.0,332.75,1.78,58.0,983.94,
2005,7,11,0,13.49,95.17,0.0,0.0,0.0,330.42,1.5,56.0,983.51,
2005,7,11,1,13.18,96.53,0.0,0.0,0.0,328.08,1.23,54.0,983.09,
2005,7,11,2,12.87,97.88,0.0,0.0,0.0,325.75,0.95,52.0,982.67,
2005,7,11,3,12.62,98.4,0.0,0.0,0.0,321.12,0.88,25.0,982.37,
2005,7,11,4,12.36,98.92,0.0,0.0,0.0,316.48,0.81,358.0,982.08,
2005,7,11,5,12.1,99.44,0.0,0.0,0.0,311.85,0.74,331.0,981.79,
2005,7,11,6,12.74,96.82,2.0,0.0,2.0,312.17,1.09,330.0,981.69,
2005,7,11,7,13.39,94.2,89.0,248.57,52.0,312.48,1.44,330.0,981.59,
2005,7,11,8,14.03,91.58,122.0,38.06,111.0,312.8,1.79,329.0,981.5,
2005,7,11,9,14.61,87.92,254.0,144.13,192.0,317.65,1.68,328.0,981.11,
2005,7,11,10,15.18,84.25,258.0,35.54,238.0,322.5,1.57,328.0,980.72,
2005,7,11,11,15.75,80.59,318.0,36.9,293.0,327.35,1.46,328.0,980.33,
2005,7,11,12,16.09,77.59,262.0,2.61,260.0,332.1,1.39,327.0,980.07,
2005,7,11,13,16.42,74.6,561.0,194.04,401.0,336.85,1.32,327.0,979.81,
2005,7,11,14,16.75,71.6,473.0,77.94,407.0,341.6,1.26,327.0,979.55,
2005,7,11,15,16.8,70.74,359.0,18.03,344.0,343.3,1.54,337.0,979.29,
2005,7,11,16,16.84,69.88,411.0,58.89,365.0,345.0,1.83,348.0,979.03,
2005,7,11,17,16.89,69.02,536.0,319.63,313.0,346.7,2.12,359.0,978.77,
2005,7,11,18,16.24,72.14,319.0,76.61,274.0,344.85,2.36,2.0,978.67,
2005,7,11,19,15.59,75.25,74.0,0.0,74.0,343.0,2.6,5.0,978.57,
2005,7,11,20,14.94,78.37,38.0,0.0,38.0,341.15,2.84,8.0,978.47,
2005,7,11,21,14.37,83.07,47.0,0.0,47.0,334.82,2.98,8.0,978.28,
2005,7,11,22,13.79,87.78,11.0,0.0,11.0,328.48,3.13,8.0,978.08,
2005,7,11,23,13.22,92.48,0.0,0.0,0.0,322.15,3.27,8.0,977.89,
2005,7,12,0,13.0,94.1,0.0,0.0,0.0,323.7,3.78,9.0,977.4,
2005,7,12,1,12.77,95.71,0.0,0.0,0.0,325.25,4.3,10.0,976.91,
2005,7,12,2,12.55,97.33,0.0,0.0,0.0,326.8,4.81,10.0,976.42,
2005,7,12,3,12.33,97.11,0.0,0.0,0.0,335.72,5.34,11.0,976.42,
2005,7,12,4,12.1,96.9,0.0,0.0,0.0,344.63,5.87,11.0,976.42,
2005,7,12,5,11.88,96.68,0.0,0.0,0.0,353.55,6.4,12.0,976.42,
2005,7,12,6,11.64,96.32,3.0,0.0,3.0,354.62,6.9,10.0,976.65,
2005,7,12,7,11.4,95.95,9.0,0.0,9.0,355.68,7.4,9.0,976.88,
2005,7,12,8,11.15,95.59,25.0,0.0,25.0,356.75,7.9,7.0,977.11,
2005,7,12,9,11.62,91.45,46.0,0.0,46.0,357.63,7.81,7.0,977.27,
2005,7,12,10,12.09,87.32,228.0,17.83,218.0,358.52,7.71,7.0,977.43,
2005,7,12,11,12.56,83.18,239.0,4.44,236.0,359.4,7.61,7.0,977.6,
2005,7,12,12,13.54,73.99,521.0,201.24,367.0,356.97,7.68,5.0,977.43,
2005,7,12,13,14.52,64.79,227.0,0.0,227.0,354.53,7.75,3.0,977.27,
2005,7,12,14,15.5,55.6,323.0,7.1,317.0,352.1,7.82,1.0,977.11,
2005,7,12,15,15.92,53.18,161.0,0.0,161.0,351.88,7.88,359.0,977.14,
2005,7,12,16,16.33,50.75,236.0,0.0,236.0,351.67,7.94,357.0,977.17,
2005,7,12,17,16.74,48.33,342.0,43.08,312.0,351.45,8.0,354.0,977.21,
2005,7,12,18,16.39,50.37,296.0,54.6,264.0,350.58,7.27,350.0,977.4,
2005,7,12,19,16.04,52.4,281.0,149.01,213.0,349.72,6.54,345.0,977.6,
2005,7,12,20,15.69,54.44,256.0,465.12,109.0,348.85,5.81,340.0,977.79,
2005,7,12,21,15.31,55.64,93.0,108.73,74.0,347.02,5.9,335.0,977.73,
2005,7,12,22,14.93,56.83,21.0,95.02,17.0,345.18,6.0,329.0,977.66,
2005,7,12,23,14.56,58.03,0.0,0.0,0.0,343.35,6.1,324.0,977.6,
2005,7,13,0,14.16,59.58,0.0,0.0,0.0,331.9,6.27,323.0,977.24,
2005,7,13,1,13.77,61.12,0.0,0.0,0.0,320.45,6.45,321.0,976.88,
2005,7,13,2,13.37,62.67,0.0,0.0,0.0,309.0,6.62,320.0,976.52,
2005,7,13,3,13.24,63.59,0.0,0.0,0.0,305.63,6.8,319.0,976.52,
2005,7,13,4,13.1,64.5,0.0,0.0,0.0,302.27,6.97,318.0,976.52,
2005,7,13,5,12.97,65.42,0.0,0.0,0.0,298.9,7.14,317.0,976.52,
2005,7,13,6,13.8,65.32,3.0,0.0,3.0,303.72,7.51,318.0,976.39,
2005,7,13,7,14.62,65.23,97.0,374.47,43.0,308.53,7.88,319.0,976.26,
2005,7,13,8,15.45,65.13,193.0,295.11,109.0,313.35,8.25,320.0,976.13,
2005,7,13,9,15.86,62.57,276.0,208.88,187.0,321.13,8.68,326.0,976.13,
2005,7,13,10,16.27,60.01,418.0,327.43,235.0,328.92,9.1,332.0,976.13,
2005,7,13,11,16.68,57.45,278.0,16.32,267.0,336.7,9.53,337.0,976.13,
2005,7,13,12,16.5,59.05,285.0,6.55,280.0,344.2,9.29,337.0,976.36,
2005,7,13,13,16.32,60.66,213.0,0.0,213.0,351.7,9.05,337.0,976.59,
2005,7,13,14,16.14,62.26,253.0,0.0,253.0,359.2,8.81,336.0,976.81,
2005,7,13,15,16.17,62.19,212.0,0.0,212.0,359.83,8.47,336.0,977.17,
2005,7,13,16,16.19,62.11,206.0,0.0,206.0,360.47,8.13,336.0,977.53,
2005,7,13,17,16.22,62.04,148.0,0.0,148.0,361.1,7.79,335.0,977.89,
2005,7,13,18,15.39,68.09,109.0,0.0,109.0,363.38,7.54,331.0,978.15,
2005,7,13,19,14.56,74.15,62.0,0.0,62.0,365.67,7.3,326.0,978.41,
2005,7,13,20,13.73,80.2,42.0,0.0,42.0,367.95,7.05,322.0,978.67,
2005,7,13,21,13.6,82.51,12.0,0.0,12.0,369.2,7.12,323.0,978.77,
2005,7,13,22,13.46,84.83,2.0,0.0,2.0,370.45,7.19,325.0,978.86,
2005,7,13,23,13.33,87.14,0.0,0.0,0.0,371.7,7.26,327.0,978.96,
2005,7,14,0,13.22,88.12,0.0,0.0,0.0,372.1,7.29,330.0,978.99,
2005,7,14,1,13.12,89.09,0.0,0.0,0.0,372.5,7.32,334.0,979.03,
2005,7,14,2,13.01,90.07,0.0,0.0,0.0,372.9,7.35,337.0,979.06,
2005,7,14,3,13.18,87.96,0.0,0.0,0.0,373.73,7.09,340.0,979.38,
2005,7,14,4,13.34,85.86,0.0,0.0,0.0,374.57,6.84,342.0,979.71,
2005,7,14,5,13.51,83.75,0.0,0.0,0.0,375.4,6.58,345.0,980.03,
2005,7,14,6,14.18,80.49,0.0,0.0,0.0,368.88,6.33,344.0,980.59,
2005,7,14,7,14.85,77.22,86.0,260.98,49.0,362.37,6.08,343.0,981.14,
2005,7,14,8,15.52,73.96,232.0,573.77,70.0,355.85,5.83,342.0,981.69,
2005,7,14,9,17.09,66.6,382.0,695.85,87.0,352.15,6.24,344.0,981.92,
2005,7,14,10,18.66,59.23,507.0,664.36,137.0,348.45,6.65,346.0,982.15,
2005,7,14,11,20.23,51.87,642.0,743.79,142.0,344.75,7.06,348.0,982.37,
2005,7,14,12,21.03,48.12,755.0,811.02,137.0,348.93,7.22,348.0,982.34,
2005,7,14,13,21.83,44.37,675.0,409.7,339.0,353.12,7.37,348.0,982.31,
2005,7,14,14,22.62,40.62,170.0,0.0,170.0,357.3,7.53,348.0,982.28,
2005,7,14,15,22.92,38.86,802.0,721.04,205.0,358.07,7.33,348.0,982.54,
2005,7,14,16,23.21,37.09,713.0,600.9,246.0,358.83,7.13,347.0,982.8,
2005,7,14,17,23.5,35.33,615.0,543.48,238.0,359.6,6.92,347.0,983.06,
2005,7,14,18,22.77,38.67,461.0,370.37,245.0,362.43,5.49,346.0,983.35,
2005,7,14,19,22.04,42.02,390.0,531.73,149.0,365.27,4.05,345.0,983.64,
2005,7,14,20,21.31,45.36,226.0,310.23,129.0,368.1,2.61,344.0,983.94,
2005,7,14,21,19.87,49.63,101.0,163.68,73.0,356.37,2.65,337.0,984.42,
2005,7,14,22,18.43,53.89,13.0,0.0,13.0,344.63,2.69,331.0,984.91,
2005,7,14,23,17.0,58.16,0.0,0.0,0.0,332.9,2.73,324.0,985.4,
2005,7,15,0,16.66,60.31,0.0,0.0,0.0,328.52,2.71,321.0,985.53,
2005,7,15,1,16.33,62.47,0.0,0.0,0.0,324.13,2.69,317.0,985.66,
2005,7,15,2,15.99,64.62,0.0,0.0,0.0,319.75,2.68,313.0,985.79,
2005,7,15,3,15.85,67.21,0.0,0.0,0.0,318.9,2.76,312.0,985.92,
2005,7,15,4,15.7,69.8,0.0,0.0,0.0,318.05,2.84,311.0,986.05,
2005,7,15,5,15.56,72.39,0.0,0.0,0.0,317.2,2.92,311.0,986.18,
2005,7,15,6,17.14,71.35,0.0,0.0,0.0,321.7,3.45,309.0,986.37,
2005,7,15,7,18.72,70.31,75.0,179.51,50.0,326.2,3.97,308.0,986.57,
2005,7,15,8,20.3,69.27,215.0,457.17,87.0,330.7,4.5,306.0,986.76,
2005,7,15,9,21.09,69.85,366.0,609.37,109.0,338.72,4.4,312.0,986.6,
2005,7,15,10,21.88,70.44,510.0,688.41,128.0,346.73,4.29,318.0,986.44,
2005,7,15,11,22.67,71.02,647.0,771.21,130.0,354.75,4.19,324.0,986.28,
2005,7,15,12,22.69,72.75,744.0,779.97,151.0,358.83,4.17,321.0,986.41,
2005,7,15,13,22.7,74.47,741.0,580.31,266.0,362.92,4.14,318.0,986.54,
2005,7,15,14,22.71,76.2,646.0,310.3,385.0,367.0,4.11,316.0,986.67,
2005,7,15,15,22.61,77.03,676.0,393.22,351.0,369.67,3.94,313.0,986.73,
2005,7,15,16,22.51,77.86,626.0,376.43,334.0,372.33,3.77,310.0,986.8,
2005,7,15,17,22.41,78.69,655.0,683.34,182.0,375.0,3.6,308.0,986.86,
2005,7,15,18,22.19,76.82,212.0,6.88,208.0,372.45,2.99,304.0,987.06,
2005,7,15,19,21.97,74.94,354.0,380.91,182.0,369.9,2.38,300.0,987.25,
2005,7,15,20,21.75,73.07,237.0,373.19,121.0,367.35,1.77,296.0,987.45,
2005,7,15,21,20.55,77.43,122.0,348.97,63.0,361.92,1.97,302.0,987.58,
2005,7,15,22,19.34,81.78,11.0,0.0,11.0,356.48,2.18,308.0,987.71,
2005,7,15,23,18.14,86.14,0.0,0.0,0.0,351.05,2.39,314.0,987.84,
2005,7,16,0,17.61,87.57,0.0,0.0,0.0,347.38,2.33,322.0,987.97,
2005,7,16,1,17.09,88.99,0.0,0.0,0.0,343.72,2.28,330.0,988.1,
2005,7,16,2,16.56,90.42,0.0,0.0,0.0,340.05,2.22,338.0,988.23,
2005,7,16,3,16.2,91.25,0.0,0.0,0.0,337.43,2.34,342.0,988.58,
2005,7,16,4,15.83,92.07,0.0,0.0,0.0,334.82,2.45,347.0,988.94,
2005,7,16,5,15.46,92.9,0.0,0.0,0.0,332.2,2.57,352.0,989.3,
2005,7,16,6,16.56,89.72,0.0,0.0,0.0,334.88,3.09,358.0,989.75,
2005,7,16,7,17.66,86.55,79.0,226.77,48.0,337.57,3.62,4.0,990.21,
2005,7,16,8,18.76,83.37,217.0,489.98,81.0,340.25,4.15,10.0,990.66,
2005,7,16,9,19.92,77.16,355.0,562.58,119.0,344.5,4.21,9.0,990.63,
2005,7,16,10,21.08,70.95,500.0,649.4,141.0,348.75,4.27,8.0,990.6,
2005,7,16,11,22.24,64.74,603.0,608.87,196.0,353.0,4.33,7.0,990.57,
2005,7,16,12,22.86,60.23,693.0,613.04,228.0,358.75,4.29,6.0,990.63,
2005,7,16,13,23.48,55.71,753.0,618.21,248.0,364.5,4.25,6.0,990.7,
2005,7,16,14,24.1,51.2,770.0,599.14,267.0,370.25,4.21,5.0,990.76,
2005,7,16,15,24.2,50.18,748.0,573.35,275.0,370.75,4.13,6.0,990.73,
2005,7,16,16,24.29,49.17,727.0,652.3,222.0,371.25,4.06,7.0,990.7,
2005,7,16,17,24.39,48.15,638.0,629.88,203.0,371.75,3.99,8.0,990.66,
2005,7,16,18,23.55,50.5,538.0,656.95,157.0,373.13,3.29,15.0,990.86,
2005,7,16,19,22.72,52.86,412.0,658.13,116.0,374.52,2.59,22.0,991.06,
2005,7,16,20,21.88,55.21,266.0,573.01,89.0,375.9,1.89,29.0,991.25,
2005,7,16,21,20.27,60.47,126.0,407.26,58.0,361.25,2.19,39.0,991.51,
2005,7,16,22,18.66,65.74,10.0,0.0,10.0,346.6,2.5,48.0,991.77,
2005,7,16,23,17.05,71.0,0.0,0.0,0.0,331.95,2.8,58.0,992.03,
2005,7,17,0,16.2,74.53,0.0,0.0,0.0,328.88,2.93,60.0,992.13,
2005,7,17,1,15.34,78.06,0.0,0.0,0.0,325.82,3.06,61.0,992.23,
2005,7,17,2,14.49,81.59,0.0,0.0,0.0,322.75,3.19,63.0,992.32,
2005,7,17,3,13.99,83.53,0.0,0.0,0.0,320.25,3.06,60.0,992.42,
2005,7,17,4,13.48,85.48,0.0,0.0,0.0,317.75,2.93,57.0,992.52,
2005,7,17,5,12.98,87.42,0.0,0.0,0.0,315.25,2.8,53.0,992.62,
2005,7,17,6,14.55,83.55,0.0,0.0,0.0,316.35,2.37,60.0,992.94,
2005,7,17,7,16.13,79.68,89.0,365.49,40.0,317.45,1.94,67.0,993.27,
2005,7,17,8,17.7,75.81,139.0,90.88,114.0,318.55,1.52,74.0,993.59,
2005,7,17,9,19.17,68.22,359.0,594.47,111.0,323.38,1.77,72.0,993.46,
2005,7,17,10,20.64,60.64,503.0,673.71,132.0,328.22,2.02,70.0,993.33,
2005,7,17,11,22.11,53.05,633.0,727.71,148.0,333.05,2.28,69.0,993.2,
2005,7,17,12,22.78,50.86,740.0,778.39,151.0,339.33,2.06,73.0,992.97,
2005,7,17,13,23.45,48.68,792.0,742.19,187.0,345.62,1.83,76.0,992.75,
2005,7,17,14,24.11,46.49,792.0,665.94,234.0,351.9,1.61,80.0,992.52,
2005,7,17,15,24.4,45.61,705.0,466.37,321.0,355.02,1.45,78.0,992.36,
2005,7,17,16,24.68,44.73,695.0,563.05,260.0,358.13,1.29,77.0,992.19,
2005,7,17,17,24.96,43.85,614.0,554.47,232.0,361.25,1.13,75.0,992.03,
2005,7,17,18,24.03,48.41,514.0,569.01,185.0,355.22,1.26,80.0,992.1,
2005,7,17,19,23.09,52.96,357.0,406.36,175.0,349.18,1.39,85.0,992.16,
2005,7,17,20,22.16,57.52,226.0,332.4,124.0,343.15,1.52,90.0,992.23,
2005,7,17,21,20.66,61.7,123.0,394.51,58.0,338.98,1.94,99.0,992.45,
2005,7,17,22,19.16,65.88,11.0,0.0,11.0,334.82,2.35,107.0,992.68,
2005,7,17,23,17.67,70.06,0.0,0.0,0.0,330.65,2.77,116.0,992.91,
2005,7,18,0,17.01,72.42,0.0,0.0,0.0,327.8,2.73,122.0,992.91,
2005,7,18,1,16.36,74.77,0.0,0.0,0.0,324.95,2.69,128.0,992.91,
2005,7,18,2,15.7,77.13,0.0,0.0,0.0,322.1,2.65,134.0,992.91,
2005,7,18,3,15.14,79.68,0.0,0.0,0.0,319.3,2.74,139.0,992.91,
2005,7,18,4,14.58,82.24,0.0,0.0,0.0,316.5,2.84,143.0,992.91,
2005,7,18,5,14.02,84.79,0.0,0.0,0.0,313.7,2.94,148.0,992.91,
2005,7,18,6,15.44,81.2,0.0,0.0,0.0,314.62,2.76,149.0,993.2,
2005,7,18,7,16.87,77.62,70.0,175.09,47.0,315.53,2.59,150.0,993.49,
2005,7,18,8,18.29,74.03,197.0,374.26,95.0,316.45,2.41,150.0,993.79,
2005,7,18,9,19.93,66.56,334.0,474.92,137.0,321.25,2.66,151.0,993.66,
2005,7,18,10,21.57,59.1,500.0,672.76,131.0,326.05,2.9,151.0,993.53,
2005,7,18,11,23.2,51.63,637.0,755.51,135.0,330.85,3.14,152.0,993.4,
2005,7,18,12,23.99,49.0,746.0,808.16,136.0,334.78,3.13,151.0,993.1,
2005,7,18,13,24.78,46.38,830.0,879.04,115.0,338.72,3.12,151.0,992.81,
2005,7,18,14,25.57,43.75,855.0,874.18,124.0,342.65,3.1,150.0,992.52,
2005,7,18,15,25.84,42.45,845.0,888.38,115.0,344.03,3.05,151.0,992.16,
2005,7,18,16,26.11,41.14,791.0,888.58,106.0,345.42,2.99,152.0,991.8,
2005,7,18,17,26.38,39.84,683.0,811.98,125.0,346.8,2.94,154.0,991.45,
2005,7,18,18,25.38,42.96,552.0,735.66,128.0,345.13,2.57,144.0,991.48,
2005,7,18,19,24.37,46.09,412.0,681.77,108.0,343.47,2.21,134.0,991.51,
2005,7,18,20,23.37,49.21,267.0,613.67,80.0,341.8,1.85,125.0,991.54,
2005,7,18,21,21.99,52.27,126.0,449.37,53.0,339.2,2.11,126.0,991.61,
2005,7,18,22,20.6,55.34,9.0,0.0,9.0,336.6,2.36,127.0,991.67,
2005,7,18,23,19.22,58.4,0.0,0.0,0.0,334.0,2.62,128.0,991.74,
2005,7,19,0,18.61,59.96,0.0,0.0,0.0,332.93,2.63,133.0,991.64,
2005,7,19,1,18.01,61.51,0.0,0.0,0.0,331.87,2.65,138.0,991.54,
2005,7,19,2,17.4,63.07,0.0,0.0,0.0,330.8,2.66,143.0,991.45,
2005,7,19,3,16.92,64.93,0.0,0.0,0.0,329.45,2.53,148.0,991.32,
2005,7,19,4,16.44,66.8,0.0,0.0,0.0,328.1,2.4,152.0,991.19,
2005,7,19,5,15.96,68.66,0.0,0.0,0.0,326.75,2.28,157.0,991.06,
2005,7,19,6,17.29,66.58,0.0,0.0,0.0,327.22,2.61,159.0,991.32,
2005,7,19,7,18.62,64.49,80.0,303.28,41.0,327.68,2.94,162.0,991.58,
2005,7,19,8,19.95,62.41,192.0,355.64,96.0,328.15,3.27,164.0,991.84,
2005,7,19,9,21.5,57.55,360.0,625.63,102.0,332.72,3.29,164.0,991.64,
2005,7,19,10,23.05,52.7,504.0,697.5,123.0,337.28,3.31,164.0,991.45,
2005,7,19,11,24.6,47.84,628.0,726.18,147.0,341.85,3.34,164.0,991.25,
2005,7,19,12,25.35,44.18,744.0,807.58,136.0,345.07,3.35,160.0,990.66,
2005,7,19,13,26.1,40.52,819.0,846.52,132.0,348.28,3.37,156.0,990.08,
2005,7,19,14,26.85,36.86,830.0,795.73,166.0,351.5,3.38,152.0,989.49,
2005,7,19,15,26.99,36.47,843.0,887.83,115.0,352.53,3.4,147.0,989.07,
2005,7,19,16,27.13,36.08,658.0,469.36,297.0,353.57,3.43,141.0,988.65,
2005,7,19,17,27.27,35.69,626.0,602.58,213.0,354.6,3.45,136.0,988.23,
2005,7,19,18,26.27,38.27,411.0,252.43,266.0,353.65,2.98,135.0,988.29,
2005,7,19,19,25.28,40.85,390.0,572.3,136.0,352.7,2.51,133.0,988.36,
2005,7,19,20,24.28,43.43,227.0,353.74,120.0,351.75,2.04,132.0,988.42,
2005,7,19,21,22.94,47.05,123.0,437.41,53.0,350.18,2.25,132.0,988.45,
2005,7,19,22,21.6,50.68,0.0,0.0,0.0,348.62,2.46,133.0,988.49,
2005,7,19,23,20.27,54.3,0.0,0.0,0.0,347.05,2.66,133.0,988.52,
2005,7,20,0,19.69,56.81,0.0,0.0,0.0,348.33,2.59,135.0,988.49,
2005,7,20,1,19.1,59.33,0.0,0.0,0.0,349.62,2.51,137.0,988.45,
2005,7,20,2,18.52,61.84,0.0,0.0,0.0,350.9,2.44,138.0,988.42,
2005,7,20,3,17.85,65.36,0.0,0.0,0.0,349.55,2.53,138.0,988.45,
2005,7,20,4,17.18,68.88,0.0,0.0,0.0,348.2,2.63,138.0,988.49,
2005,7,20,5,16.51,72.4,0.0,0.0,0.0,346.85,2.72,138.0,988.52,
2005,7,20,6,17.98,70.23,0.0,0.0,0.0,348.45,2.72,136.0,988.58,
2005,7,20,7,19.46,68.06,76.0,278.3,41.0,350.05,2.73,135.0,988.65,
2005,7,20,8,20.93,65.89,209.0,497.62,76.0,351.65,2.73,133.0,988.71,
2005,7,20,9,22.46,59.04,355.0,612.34,104.0,354.12,2.99,131.0,988.49,
2005,7,20,10,23.99,52.2,496.0,669.2,132.0,356.58,3.25,130.0,988.26,
2005,7,20,11,25.51,45.35,633.0,752.77,136.0,359.05,3.5,128.0,988.03,
2005,7,20,12,25.88,42.85,746.0,821.72,129.0,367.72,3.43,123.0,987.9,
2005,7,20,13,26.25,40.36,728.0,565.66,270.0,376.38,3.35,118.0,987.77,
2005,7,20,14,26.62,37.86,750.0,560.88,283.0,385.05,3.27,114.0,987.64,
2005,7,20,15,26.71,37.5,673.0,402.11,344.0,385.67,3.25,110.0,987.28,
2005,7,20,16,26.79,37.13,707.0,611.23,238.0,386.28,3.22,107.0,986.93,
2005,7,20,17,26.88,36.77,616.0,577.93,221.0,386.9,3.2,103.0,986.57,
2005,7,20,18,25.98,40.37,506.0,555.56,188.0,379.1,2.84,96.0,986.8,
2005,7,20,19,25.09,43.98,343.0,369.07,180.0,371.3,2.48,89.0,987.02,
2005,7,20,20,24.19,47.58,261.0,599.71,81.0,363.5,2.12,82.0,987.25,
2005,7,20,21,22.8,53.01,119.0,419.01,53.0,358.23,2.19,84.0,987.58,
2005,7,20,22,21.41,58.44,0.0,0.0,0.0,352.97,2.25,85.0,987.9,
2005,7,20,23,20.02,63.87,0.0,0.0,0.0,347.7,2.32,87.0,988.23,
2005,7,21,0,19.25,69.14,0.0,0.0,0.0,345.42,2.32,87.0,988.13,
2005,7,21,1,18.49,74.42,0.0,0.0,0.0,343.13,2.32,86.0,988.03,
2005,7,21,2,17.72,79.69,0.0,0.0,0.0,340.85,2.32,86.0,987.93,
2005,7,21,3,17.23,82.83,0.0,0.0,0.0,338.22,2.35,81.0,988.0,
2005,7,21,4,16.74,85.96,0.0,0.0,0.0,335.58,2.39,75.0,988.06,
2005,7,21,5,16.25,89.1,0.0,0.0,0.0,332.95,2.43,70.0,988.13,
2005,7,21,6,17.58,85.63,0.0,0.0,0.0,335.0,2.43,70.0,988.26,
2005,7,21,7,18.91,82.15,72.0,252.3,41.0,337.05,2.43,69.0,988.39,
2005,7,21,8,20.23,78.68,205.0,487.61,76.0,339.1,2.43,68.0,988.52,
2005,7,21,9,21.57,71.57,352.0,611.24,103.0,343.37,2.88,70.0,988.32,
2005,7,21,10,22.91,64.45,504.0,721.96,113.0,347.63,3.33,72.0,988.13,
2005,7,21,11,24.24,57.34,637.0,781.11,123.0,351.9,3.78,73.0,987.93,
2005,7,21,12,24.96,53.43,736.0,790.58,144.0,356.03,3.77,74.0,987.64,
2005,7,21,13,25.68,49.52,775.0,710.64,201.0,360.17,3.77,74.0,987.35,
2005,7,21,14,26.4,45.61,642.0,317.79,378.0,364.3,3.77,75.0,987.06,
2005,7,21,15,26.61,43.71,685.0,432.44,332.0,361.65,3.68,75.0,986.86,
2005,7,21,16,26.81,41.8,635.8,570.62,199.05,359.0,3.59,76.0,986.67,
2005,7,21,17,27.02,39.9,648.0,694.08,175.0,356.35,3.5,76.0,986.47,
2005,7,21,18,26.05,41.7,552.0,762.77,117.0,352.73,3.08,75.0,986.7,
2005,7,21,19,25.07,43.49,405.0,678.21,107.0,349.12,2.66,73.0,986.93,
2005,7,21,20,24.1,45.29,258.0,584.47,84.0,345.5,2.23,72.0,987.15,
2005,7,21,21,22.56,49.37,117.0,406.74,54.0,341.27,2.33,78.0,987.48,
2005,7,21,22,21.01,53.46,0.0,0.0,0.0,337.03,2.42,85.0,987.8,
2005,7,21,23,19.47,57.54,0.0,0.0,0.0,332.8,2.51,91.0,988.13,
2005,7,22,0,18.46,61.69,0.0,0.0,0.0,329.48,2.7,89.0,988.19,
2005,7,22,1,17.45,65.85,0.0,0.0,0.0,326.17,2.89,88.0,988.26,
2005,7,22,2,16.44,70.0,0.0,0.0,0.0,322.85,3.08,86.0,988.32,
2005,7,22,3,15.92,72.64,0.0,0.0,0.0,320.8,2.97,81.0,988.32,
2005,7,22,4,15.39,75.28,0.0,0.0,0.0,318.75,2.87,76.0,988.32,
2005,7,22,5,14.87,77.92,0.0,0.0,0.0,316.7,2.77,70.0,988.32,
2005,7,22,6,16.27,76.13,0.0,0.0,0.0,317.27,2.36,68.0,988.71,
2005,7,22,7,17.67,74.34,74.0,308.54,37.0,317.83,1.94,66.0,989.1,
2005,7,22,8,19.06,72.55,202.0,473.68,78.0,318.4,1.53,64.0,989.49,
2005,7,22,9,20.75,63.9,355.0,644.79,94.0,324.98,1.87,68.0,989.46,
2005,7,22,10,22.43,55.25,501.0,719.62,113.0,331.57,2.21,72.0,989.43,
2005,7,22,11,24.11,46.6,635.0,780.73,123.0,338.15,2.55,76.0,989.4,
2005,7,22,12,24.81,44.33,741.0,820.93,128.0,345.28,2.44,77.0,989.07,
2005,7,22,13,25.51,42.05,826.0,893.62,106.0,352.42,2.33,78.0,988.75,
2005,7,22,14,26.2,39.78,851.0,888.05,115.0,359.55,2.22,79.0,988.42,
2005,7,22,15,26.44,38.88,837.0,886.59,115.0,361.08,2.23,74.0,988.16,
2005,7,22,16,26.67,37.98,791.0,919.57,89.0,362.62,2.25,69.0,987.9,
2005,7,22,17,26.91,37.08,679.0,824.25,119.0,364.15,2.26,64.0,987.64,
2005,7,22,18,26.01,40.36,541.0,719.96,132.0,361.65,2.11,62.0,987.84,
2005,7,22,19,25.11,43.65,414.0,741.37,90.0,359.15,1.97,59.0,988.03,
2005,7,22,20,24.21,46.93,248.0,531.9,91.0,356.65,1.82,57.0,988.23,
2005,7,22,21,22.62,51.75,113.0,387.73,54.0,352.15,2.22,66.0,988.52,
2005,7,22,22,21.02,56.56,0.0,0.0,0.0,347.65,2.62,75.0,988.81,
2005,7,22,23,19.43,61.38,0.0,0.0,0.0,343.15,3.02,85.0,989.1,
2005,7,23,0,18.74,64.76,0.0,0.0,0.0,340.63,2.82,90.0,989.17,
2005,7,23,1,18.05,68.15,0.0,0.0,0.0,338.12,2.63,95.0,989.23,
2005,7,23,2,17.36,71.53,0.0,0.0,0.0,335.6,2.43,101.0,989.3,
2005,7,23,3,16.86,74.16,0.0,0.0,0.0,332.85,2.07,68.0,989.36,
2005,7,23,4,16.35,76.79,0.0,0.0,0.0,330.1,1.71,36.0,989.43,
2005,7,23,5,15.84,79.42,0.0,0.0,0.0,327.35,1.35,3.0,989.49,
2005,7,23,6,17.34,77.97,0.0,0.0,0.0,332.07,1.55,14.0,989.62,
2005,7,23,7,18.83,76.51,70.0,282.28,37.0,336.78,1.76,26.0,989.75,
2005,7,23,8,20.33,75.06,204.0,517.47,70.0,341.5,1.96,37.0,989.88,
2005,7,23,9,21.79,66.9,337.0,552.05,115.0,346.42,2.23,41.0,989.82,
2005,7,23,10,23.25,58.73,499.0,719.19,113.0,351.33,2.51,44.0,989.75,
2005,7,23,11,24.7,50.57,632.0,778.88,123.0,356.25,2.79,48.0,989.69,
2005,7,23,12,25.38,47.46,739.0,819.29,129.0,364.17,2.8,49.0,989.43,
2005,7,23,13,26.06,44.36,819.0,876.01,115.0,372.08,2.8,50.0,989.17,
2005,7,23,14,26.73,41.25,844.0,872.07,123.0,380.0,2.81,52.0,988.91,
2005,7,23,15,26.9,40.24,839.0,902.34,106.0,381.63,2.72,48.0,988.71,
2005,7,23,16,27.06,39.22,789.0,918.12,90.0,383.27,2.62,44.0,988.52,
2005,7,23,17,27.23,38.21,676.0,823.93,118.0,384.9,2.52,40.0,988.32,
2005,7,23,18,26.49,41.42,544.0,745.86,122.0,380.83,2.3,41.0,988.26,
2005,7,23,19,25.74,44.63,398.0,662.72,110.0,376.77,2.07,41.0,988.19,
2005,7,23,20,25.0,47.84,246.0,529.87,91.0,372.7,1.85,42.0,988.13,
2005,7,23,21,23.44,52.6,110.0,374.99,54.0,367.42,2.22,46.0,988.45,
2005,7,23,22,21.87,57.36,0.0,0.0,0.0,362.13,2.59,51.0,988.78,
2005,7,23,23,20.31,62.12,0.0,0.0,0.0,356.85,2.97,55.0,989.1,
2005,7,24,0,19.91,63.73,0.0,0.0,0.0,352.53,2.71,42.0,989.07,
2005,7,24,1,19.52,65.33,0.0,0.0,0.0,348.22,2.45,29.0,989.04,
2005,7,24,2,19.12,66.94,0.0,0.0,0.0,343.9,2.19,15.0,989.01,
2005,7,24,3,18.2,71.61,0.0,0.0,0.0,340.98,2.19,6.0,989.1,
2005,7,24,4,17.27,76.27,0.0,0.0,0.0,338.07,2.19,356.0,989.2,
2005,7,24,5,16.35,80.94,0.0,0.0,0.0,335.15,2.19,347.0,989.3,
2005,7,24,6,17.96,77.97,0.0,0.0,0.0,337.9,2.37,351.0,989.33,
2005,7,24,7,19.57,75.0,59.0,166.91,40.0,340.65,2.55,355.0,989.36,
2005,7,24,8,21.18,72.03,194.0,453.0,78.0,343.4,2.73,359.0,989.4,
2005,7,24,9,22.49,66.09,340.0,583.3,107.0,349.77,3.06,3.0,989.2,
2005,7,24,10,23.79,60.15,514.0,810.55,81.0,356.13,3.38,8.0,989.01,
2005,7,24,11,25.09,54.21,605.0,680.33,162.0,362.5,3.71,12.0,988.81,
2005,7,24,12,25.23,54.1,656.0,546.92,250.0,368.5,3.72,7.0,988.42,
2005,7,24,13,25.36,53.99,825.0,908.27,97.0,374.5,3.74,2.0,988.03,
2005,7,24,14,25.49,53.88,573.0,208.56,401.0,380.5,3.75,357.0,987.64,
2005,7,24,15,25.33,54.93,765.0,661.52,229.0,379.95,3.74,0.0,987.54,
2005,7,24,16,25.17,55.98,728.0,704.69,193.0,379.4,3.72,3.0,987.45,
2005,7,24,17,25.01,57.03,667.0,792.59,132.0,378.85,3.71,6.0,987.35,
2005,7,24,18,24.39,58.21,521.0,651.39,154.0,374.98,3.07,10.0,987.74,
2005,7,24,19,23.77,59.39,402.0,699.04,100.0,371.12,2.43,15.0,988.13,
2005,7,24,20,23.15,60.57,125.0,31.06,116.0,367.25,1.79,19.0,988.52,
2005,7,24,21,21.73,67.67,54.0,20.49,51.0,363.6,2.04,18.0,988.65,
2005,7,24,22,20.31,74.77,0.0,0.0,0.0,359.95,2.29,18.0,988.78,
2005,7,24,23,18.9,81.87,0.0,0.0,0.0,356.3,2.54,18.0,988.91,
2005,7,25,0,18.23,85.03,0.0,0.0,0.0,352.93,2.45,12.0,988.91,
2005,7,25,1,17.57,88.18,0.0,0.0,0.0,349.57,2.35,5.0,988.91,
2005,7,25,2,16.9,91.34,0.0,0.0,0.0,346.2,2.26,359.0,988.91,
2005,7,25,3,16.58,92.81,0.0,0.0,0.0,344.9,2.21,356.0,989.07,
2005,7,25,4,16.26,94.29,0.0,0.0,0.0,343.6,2.15,354.0,989.23,
2005,7,25,5,15.94,95.76,0.0,0.0,0.0,342.3,2.1,351.0,989.4,
2005,7,25,6,17.51,90.29,0.0,0.0,0.0,344.0,1.96,358.0,989.66,
2005,7,25,7,19.08,84.81,42.0,45.16,37.0,345.7,1.82,4.0,989.92,
2005,7,25,8,20.65,79.34,128.0,98.76,103.0,347.4,1.68,11.0,990.18,
2005,7,25,9,21.43,77.23,243.0,173.93,174.0,351.75,1.68,16.0,990.11,
2005,7,25,10,22.21,75.13,469.0,601.9,149.0,356.1,1.68,22.0,990.05,
2005,7,25,11,22.99,73.02,630.0,792.28,116.0,360.45,1.68,28.0,989.98,
2005,7,25,12,23.64,69.79,718.0,759.39,156.0,366.67,1.49,22.0,989.72,
2005,7,25,13,24.29,66.57,617.0,321.52,360.0,372.88,1.31,15.0,989.46,
2005,7,25,14,24.93,63.34,762.0,622.46,250.0,379.1,1.12,9.0,989.2,
2005,7,25,15,25.35,60.7,736.0,582.85,265.0,383.28,1.29,6.0,989.04,
2005,7,25,16,25.76,58.07,738.0,746.39,173.0,387.47,1.47,2.0,988.88,
2005,7,25,17,26.17,55.43,558.0,429.63,269.0,391.65,1.64,359.0,988.71,
2005,7,25,18,25.83,57.49,539.0,743.4,122.0,388.93,1.71,0.0,988.94,
2005,7,25,19,25.49,59.56,391.0,647.46,113.0,386.22,1.77,2.0,989.17,
2005,7,25,20,25.15,61.62,239.0,515.77,91.0,383.5,1.83,3.0,989.4,
2005,7,25,21,23.59,65.76,96.0,278.99,56.0,375.63,2.16,8.0,989.59,
2005,7,25,22,22.02,69.9,0.0,0.0,0.0,367.77,2.49,12.0,989.79,
2005,7,25,23,20.46,74.04,0.0,0.0,0.0,359.9,2.81,17.0,989.98,
2005,7,26,0,19.72,77.16,0.0,0.0,0.0,356.88,2.7,17.0,989.98,
2005,7,26,1,18.99,80.29,0.0,0.0,0.0,353.87,2.59,18.0,989.98,
2005,7,26,2,18.25,83.41,0.0,0.0,0.0,350.85,2.48,18.0,989.98,
2005,7,26,3,17.78,85.6,0.0,0.0,0.0,348.95,2.3,7.0,990.11,
2005,7,26,4,17.3,87.8,0.0,0.0,0.0,347.05,2.12,356.0,990.24,
2005,7,26,5,16.82,89.99,0.0,0.0,0.0,345.15,1.94,344.0,990.37,
2005,7,26,6,18.61,84.68,0.0,0.0,0.0,345.5,2.13,343.0,990.7,
2005,7,26,7,20.41,79.36,63.0,269.7,34.0,345.85,2.32,342.0,991.02,
2005,7,26,8,22.2,74.05,191.0,471.73,73.0,346.2,2.51,341.0,991.35,
2005,7,26,9,24.11,64.34,340.0,611.81,99.0,353.13,2.52,347.0,991.15,
2005,7,26,10,26.02,54.64,487.0,701.27,116.0,360.07,2.53,354.0,990.96,
2005,7,26,11,27.92,44.93,621.0,761.24,129.0,367.0,2.54,0.0,990.76,
2005,7,26,12,28.58,41.96,720.0,772.63,150.0,372.82,2.62,2.0,990.27,
2005,7,26,13,29.24,39.0,799.0,826.75,140.0,378.63,2.7,3.0,989.79,
2005,7,26,14,29.89,36.03,828.0,837.47,141.0,384.45,2.79,5.0,989.3,
2005,7,26,15,30.02,35.51,787.0,744.54,187.0,384.92,2.94,9.0,989.17,
2005,7,26,16,30.14,34.98,736.0,746.02,173.0,385.38,3.1,12.0,989.04,
2005,7,26,17,30.26,34.46,661.0,790.74,131.0,385.85,3.26,16.0,988.91,
2005,7,26,18,28.88,39.99,527.0,702.04,135.0,384.77,2.77,18.0,989.04,
2005,7,26,19,27.51,45.53,349.0,447.7,158.0,383.68,2.28,19.0,989.17,
2005,7,26,20,26.13,51.06,241.0,552.8,84.0,382.6,1.79,20.0,989.3,
2005,7,26,21,24.56,57.64,93.0,263.83,56.0,376.83,2.08,22.0,989.36,
2005,7,26,22,22.98,64.23,0.0,0.0,0.0,371.07,2.36,24.0,989.43,
2005,7,26,23,21.41,70.81,0.0,0.0,0.0,365.3,2.65,25.0,989.49,
2005,7,27,0,20.74,74.44,0.0,0.0,0.0,363.03,2.6,23.0,989.43,
2005,7,27,1,20.06,78.07,0.0,0.0,0.0,360.77,2.56,20.0,989.36,
2005,7,27,2,19.39,81.7,0.0,0.0,0.0,358.5,2.51,18.0,989.3,
2005,7,27,3,18.96,84.05,0.0,0.0,0.0,357.43,2.36,10.0,989.27,
2005,7,27,4,18.53,86.41,0.0,0.0,0.0,356.37,2.21,3.0,989.23,
2005,7,27,5,18.1,88.76,0.0,0.0,0.0,355.3,2.06,356.0,989.2,
2005,7,27,6,19.76,84.3,0.0,0.0,0.0,356.75,2.18,3.0,989.17,
2005,7,27,7,21.42,79.84,46.0,95.88,36.0,358.2,2.3,11.0,989.14,
2005,7,27,8,23.08,75.38,180.0,400.64,81.0,359.65,2.43,19.0,989.1,
2005,7,27,9,24.15,70.7,330.0,565.11,109.0,365.88,2.6,27.0,988.68,
2005,7,27,10,25.22,66.02,485.0,699.11,117.0,372.12,2.78,35.0,988.26,
2005,7,27,11,26.28,61.34,618.0,761.09,128.0,378.35,2.95,42.0,987.84,
2005,7,27,12,26.45,60.31,725.0,800.96,136.0,382.0,2.98,42.0,987.61,
2005,7,27,13,26.62,59.28,683.0,480.63,301.0,385.65,3.01,42.0,987.38,
2005,7,27,14,26.79,58.25,735.0,557.42,279.0,389.3,3.03,41.0,987.15,
2005,7,27,15,27.12,55.82,642.0,360.89,352.0,388.08,2.82,43.0,986.8,
2005,7,27,16,27.44,53.4,638.0,454.61,296.0,386.87,2.61,44.0,986.44,
2005,7,27,17,27.76,50.97,478.0,244.1,315.0,385.65,2.4,46.0,986.08,
2005,7,27,18,27.12,51.38,555.0,852.96,81.0,381.67,2.3,46.0,985.79,
2005,7,27,19,26.47,51.78,379.0,608.8,121.0,377.68,2.2,47.0,985.5,
2005,7,27,20,25.83,52.19,224.0,444.88,99.0,373.7,2.1,47.0,985.2,
2005,7,27,21,24.22,57.43,84.0,197.07,57.0,368.7,2.44,52.0,985.14,
2005,7,27,22,22.6,62.67,0.0,0.0,0.0,363.7,2.79,56.0,985.07,
2005,7,27,23,20.99,67.91,0.0,0.0,0.0,358.7,3.13,61.0,985.01,
2005,7,28,0,20.24,70.96,0.0,0.0,0.0,355.65,3.05,64.0,984.78,
2005,7,28,1,19.5,74.01,0.0,0.0,0.0,352.6,2.97,67.0,984.55,
2005,7,28,2,18.75,77.06,0.0,0.0,0.0,349.55,2.9,70.0,984.33,
2005,7,28,3,18.28,79.42,0.0,0.0,0.0,347.13,2.83,70.0,984.16,
2005,7,28,4,17.8,81.78,0.0,0.0,0.0,344.72,2.76,69.0,984.0,
2005,7,28,5,17.32,84.14,0.0,0.0,0.0,342.3,2.69,69.0,983.84,
2005,7,28,6,19.05,80.52,0.0,0.0,0.0,345.47,2.45,80.0,983.84,
2005,7,28,7,20.77,76.91,54.0,207.91,33.0,348.63,2.21,92.0,983.84,
2005,7,28,8,22.5,73.29,183.0,446.69,74.0,351.8,1.97,103.0,983.84,
2005,7,28,9,24.06,65.54,345.0,680.09,81.0,357.48,2.22,103.0,983.48,
2005,7,28,10,25.62,57.79,487.0,725.64,107.0,363.17,2.47,104.0,983.12,
2005,7,28,11,27.18,50.04,521.0,421.04,251.0,368.85,2.72,104.0,982.76,
2005,7,28,12,27.83,46.79,714.0,770.87,149.0,372.38,2.7,101.0,982.11,
2005,7,28,13,28.48,43.54,798.0,841.71,131.0,375.92,2.68,99.0,981.46,
2005,7,28,14,29.12,40.29,814.0,805.42,157.0,379.45,2.66,96.0,980.81,
2005,7,28,15,29.31,38.86,676.0,441.84,322.0,378.57,2.83,96.0,980.36,
2005,7,28,16,29.49,37.44,727.0,730.82,179.0,377.68,3.0,95.0,979.9,
2005,7,28,17,29.67,36.01,659.0,804.29,124.0,376.8,3.17,94.0,979.45,
2005,7,28,18,28.66,38.29,528.0,726.99,126.0,374.65,2.86,95.0,979.51,
2005,7,28,19,27.65,40.56,386.0,667.69,105.0,372.5,2.56,95.0,979.58,
2005,7,28,20,26.64,42.84,233.0,529.08,86.0,370.35,2.25,96.0,979.64,
2005,7,28,21,25.41,45.94,91.0,291.76,52.0,368.6,2.5,98.0,979.68,
2005,7,28,22,24.17,49.04,0.0,0.0,0.0,366.85,2.74,100.0,979.71,
2005,7,28,23,22.94,52.14,0.0,0.0,0.0,365.1,2.99,102.0,979.74,
2005,7,29,0,22.17,54.72,0.0,0.0,0.0,361.8,2.83,107.0,979.55,
2005,7,29,1,21.4,57.31,0.0,0.0,0.0,358.5,2.67,112.0,979.35,
2005,7,29,2,20.63,59.89,0.0,0.0,0.0,355.2,2.51,117.0,979.16,
2005,7,29,3,19.94,62.96,0.0,0.0,0.0,352.33,2.53,117.0,979.16,
2005,7,29,4,19.25,66.02,0.0,0.0,0.0,349.47,2.56,117.0,979.16,
2005,7,29,5,18.56,69.09,0.0,0.0,0.0,346.6,2.58,116.0,979.16,
2005,7,29,6,19.49,67.9,0.0,0.0,0.0,348.65,2.64,119.0,979.29,
2005,7,29,7,20.42,66.7,43.0,102.39,33.0,350.7,2.71,121.0,979.42,
2005,7,29,8,21.35,65.51,178.0,427.59,75.0,352.75,2.77,124.0,979.55,
2005,7,29,9,23.07,59.58,334.0,628.16,92.0,357.88,2.8,122.0,979.19,
2005,7,29,10,24.78,53.65,476.0,683.4,120.0,363.02,2.82,120.0,978.83,
2005,7,29,11,26.49,47.72,609.0,743.73,134.0,368.15,2.84,118.0,978.47,
2005,7,29,12,27.27,43.77,719.0,799.51,135.0,373.42,2.91,119.0,977.95,
2005,7,29,13,28.05,39.81,787.0,810.11,147.0,378.68,2.98,121.0,977.43,
2005,7,29,14,28.82,35.86,816.0,820.1,149.0,383.95,3.05,123.0,976.91,
2005,7,29,15,28.96,34.96,815.0,865.1,124.0,386.12,2.94,122.0,976.65,
2005,7,29,16,29.09,34.06,769.0,897.88,98.0,388.28,2.84,122.0,976.39,
2005,7,29,17,29.22,33.16,649.0,774.32,136.0,390.45,2.73,121.0,976.13,
2005,7,29,18,28.34,35.95,516.0,685.29,139.0,386.1,2.5,111.0,976.07,
2005,7,29,19,27.47,38.73,377.0,629.45,114.0,381.75,2.27,100.0,976.0,
2005,7,29,20,26.59,41.52,228.0,513.46,87.0,377.4,2.04,90.0,975.94,
2005,7,29,21,25.43,43.66,92.0,337.84,48.0,373.73,2.29,90.0,976.0,
2005,7,29,22,24.27,45.79,0.0,0.0,0.0,370.07,2.55,90.0,976.07,
2005,7,29,23,23.11,47.93,0.0,0.0,0.0,366.4,2.8,91.0,976.13,
2005,7,30,0,22.4,51.11,0.0,0.0,0.0,364.2,2.59,93.0,976.03,
2005,7,30,1,21.68,54.29,0.0,0.0,0.0,362.0,2.39,96.0,975.94,
2005,7,30,2,20.97,57.47,0.0,0.0,0.0,359.8,2.18,98.0,975.84,
2005,7,30,3,20.38,61.45,0.0,0.0,0.0,357.52,2.18,93.0,975.94,
2005,7,30,4,19.78,65.44,0.0,0.0,0.0,355.23,2.19,89.0,976.03,
2005,7,30,5,19.19,69.42,0.0,0.0,0.0,352.95,2.19,84.0,976.13,
2005,7,30,6,20.02,69.13,0.0,0.0,0.0,355.1,2.16,81.0,976.23,
2005,7,30,7,20.86,68.83,51.0,222.75,30.0,357.25,2.13,78.0,976.33,
2005,7,30,8,21.69,68.54,180.0,466.97,69.0,359.4,2.1,75.0,976.42,
2005,7,30,9,23.08,63.82,324.0,580.74,102.0,364.75,1.96,71.0,976.36,
2005,7,30,10,24.46,59.11,473.0,683.23,119.0,370.1,1.82,67.0,976.29,
2005,7,30,11,25.84,54.39,606.0,743.68,133.0,375.45,1.68,63.0,976.23,
2005,7,30,12,26.3,51.11,709.0,769.32,149.0,379.18,1.66,58.0,976.13,
2005,7,30,13,26.76,47.83,754.0,705.99,198.0,382.92,1.65,54.0,976.03,
2005,7,30,14,27.21,44.55,724.0,543.88,283.0,386.65,1.63,49.0,975.94,
2005,7,30,15,26.74,48.89,654.0,399.38,336.0,386.88,1.81,39.0,976.1,
2005,7,30,16,26.26,53.23,509.0,196.05,363.0,387.12,2.0,29.0,976.26,
2005,7,30,17,25.79,57.57,543.0,416.82,268.0,387.35,2.18,19.0,976.42,
2005,7,30,18,25.27,57.32,349.0,160.82,261.0,384.27,2.15,17.0,976.68,
2005,7,30,19,24.76,57.07,321.0,368.94,168.0,381.18,2.12,16.0,976.95,
2005,7,30,20,24.24,56.82,158.0,136.39,121.0,378.1,2.1,14.0,977.21,
2005,7,30,21,23.11,62.59,49.0,31.57,45.0,377.1,2.11,17.0,977.37,
2005,7,30,22,21.98,68.36,0.0,0.0,0.0,376.1,2.11,20.0,977.53,
2005,7,30,23,20.85,74.13,0.0,0.0,0.0,375.1,2.12,23.0,977.69,
2005,7,31,0,20.23,77.99,0.0,0.0,0.0,372.58,2.07,18.0,977.56,
2005,7,31,1,19.62,81.84,0.0,0.0,0.0,370.07,2.01,12.0,977.43,
2005,7,31,2,19.0,85.7,0.0,0.0,0.0,367.55,1.96,7.0,977.3,
2005,7,31,3,18.77,87.59,0.0,0.0,0.0,363.15,1.98,4.0,977.56,
2005,7,31,4,18.54,89.48,0.0,0.0,0.0,358.75,2.0,1.0,977.82,
2005,7,31,5,18.31,91.37,0.0,0.0,0.0,354.35,2.03,357.0,978.08,
2005,7,31,6,19.38,88.08,0.0,0.0,0.0,354.47,2.59,360.0,978.47,
2005,7,31,7,20.45,84.8,45.0,154.12,31.0,354.58,3.16,2.0,978.86,
2005,7,31,8,21.52,81.51,156.0,294.28,87.0,354.7,3.72,4.0,979.25,
2005,7,31,9,22.43,76.64,276.0,334.88,149.0,360.67,3.93,6.0,979.16,
2005,7,31,10,23.34,71.76,306.0,133.91,237.0,366.63,4.14,8.0,979.06,
2005,7,31,11,24.25,66.89,340.0,75.79,292.0,372.6,4.34,9.0,978.96,
2005,7,31,12,23.87,71.48,576.0,369.49,308.0,378.72,4.34,8.0,978.8,
2005,7,31,13,23.49,76.08,669.0,463.69,305.0,384.83,4.34,7.0,978.64,
2005,7,31,14,23.11,80.67,779.0,708.88,206.0,390.95,4.34,5.0,978.47,
2005,7,31,15,23.2,79.69,770.0,720.72,198.0,388.85,4.6,8.0,978.7,
2005,7,31,16,23.29,78.7,730.0,764.14,163.0,386.75,4.86,10.0,978.93,
2005,7,31,17,23.38,77.72,554.0,452.11,257.0,384.65,5.12,13.0,979.16,
2005,7,31,18,22.91,80.81,489.0,586.19,170.0,381.83,4.41,13.0,979.68,
2005,7,31,19,22.44,83.91,349.0,505.49,141.0,379.02,3.7,12.0,980.2,
2005,7,31,20,21.97,87.0,217.0,470.42,91.0,376.2,2.99,12.0,980.72,
2005,7,31,21,21.18,89.23,92.0,406.25,42.0,374.67,3.22,12.0,981.11,
2005,7,31,22,17.23,99.0,0.0,0.0,0.0,372.38,3.96,12.0,981.5,
2005,7,31,23,17.79,99.0,0.0,0.0,0.0,372.66,3.87,13.0,981.89,
2010,8,1,0,18.34,97.96,0.0,0.0,0.0,372.93,3.79,11.0,981.82,
2010,8,1,1,18.89,95.29,0.0,0.0,0.0,373.21,3.7,10.0,981.76,
2010,8,1,2,19.44,92.63,0.0,0.0,0.0,373.49,3.62,8.0,981.69,
2010,8,1,3,19.99,89.97,0.0,0.0,0.0,373.77,3.53,8.0,981.95,
2010,8,1,4,20.55,87.31,0.0,0.0,0.0,374.05,3.45,7.0,982.21,
2010,8,1,5,21.1,84.64,0.0,0.0,0.0,374.33,3.36,7.0,982.47,
2010,8,1,6,21.65,81.98,0.0,0.0,0.0,374.61,3.28,36.0,995.41,
2010,8,1,7,22.2,79.32,7.0,0.0,7.0,374.89,3.19,52.0,995.87,
2010,8,1,8,22.75,76.65,66.0,4.26,65.0,375.17,3.11,68.0,996.32,
2010,8,1,9,23.31,73.99,249.0,216.22,167.0,375.45,3.02,68.0,996.32,
2010,8,1,10,23.86,71.33,450.0,562.8,160.0,375.73,2.94,69.0,996.32,
2010,8,1,11,24.41,68.66,580.0,626.85,183.0,376.01,2.85,70.0,996.32,
2010,8,1,12,24.96,66.0,673.0,634.2,213.0,376.29,2.77,67.0,996.22,
2010,8,1,13,25.51,63.34,794.0,842.03,133.0,376.57,2.68,63.0,996.13,
2010,8,1,14,27.1,53.86,822.0,851.16,134.0,388.25,2.97,60.0,996.03,
2010,8,1,15,27.49,51.82,801.0,830.34,142.0,385.57,2.61,56.0,995.77,
2010,8,1,16,27.89,49.77,748.0,840.96,124.0,382.88,2.25,52.0,995.51,
2010,8,1,17,28.29,47.73,638.0,759.6,139.0,380.2,1.89,48.0,995.25,
2010,8,1,18,27.39,52.62,513.0,716.66,123.0,377.35,1.59,49.0,995.31,
2010,8,1,19,26.49,57.5,348.0,529.79,130.0,374.5,1.29,49.0,995.38,
2010,8,1,20,25.58,62.39,171.0,220.27,112.0,371.65,0.99,49.0,995.44,
2010,8,1,21,24.6,64.79,68.0,178.75,46.0,367.28,1.3,76.0,995.54,
2010,8,1,22,23.62,67.19,0.0,0.0,0.0,362.92,1.61,103.0,995.64,
2010,8,1,23,22.64,69.59,0.0,0.0,0.0,358.55,1.92,129.0,995.74,
2010,8,2,0,21.5,75.31,0.0,0.0,0.0,355.2,2.0,149.0,995.64,
2010,8,2,1,20.37,81.02,0.0,0.0,0.0,351.85,2.09,169.0,995.54,
2010,8,2,2,19.23,86.74,0.0,0.0,0.0,348.5,2.18,189.0,995.44,
2010,8,2,3,18.78,88.72,0.0,0.0,0.0,346.18,2.09,196.0,995.41,
2010,8,2,4,18.33,90.71,0.0,0.0,0.0,343.87,2.0,202.0,995.38,
2010,8,2,5,17.88,92.69,0.0,0.0,0.0,341.55,1.92,208.0,995.35,
2010,8,2,6,19.54,86.87,0.0,0.0,0.0,341.92,2.12,207.0,995.57,
2010,8,2,7,21.2,81.04,9.0,0.0,9.0,342.28,2.33,206.0,995.8,
2010,8,2,8,22.86,75.22,121.0,112.46,95.0,342.65,2.54,205.0,996.03,
2010,8,2,9,24.71,67.01,268.0,295.08,157.0,347.87,2.74,204.0,995.8,
2010,8,2,10,26.57,58.81,398.0,368.86,209.0,353.08,2.93,204.0,995.57,
2010,8,2,11,28.43,50.6,550.0,529.67,216.0,358.3,3.13,204.0,995.35,
2010,8,2,12,28.85,48.44,713.0,785.96,145.0,363.0,2.86,209.0,995.09,
2010,8,2,13,29.28,46.28,791.0,840.99,133.0,367.7,2.58,214.0,994.83,
2010,8,2,14,29.71,44.12,819.0,850.18,134.0,372.4,2.3,219.0,994.57,
2010,8,2,15,29.33,46.19,802.0,844.51,134.0,374.03,2.31,237.0,994.34,
2010,8,2,16,28.96,48.26,737.0,808.93,139.0,375.67,2.31,255.0,994.11,
2010,8,2,17,28.58,50.33,625.0,715.59,157.0,377.3,2.32,272.0,993.88,
2010,8,2,18,27.73,53.79,468.0,532.27,180.0,377.38,2.26,266.0,993.56,
2010,8,2,19,26.88,57.24,321.0,411.59,153.0,377.47,2.2,259.0,993.23,
2010,8,2,20,26.03,60.7,95.0,15.13,91.0,377.55,2.14,252.0,992.91,
2010,8,2,21,24.51,66.33,53.0,75.41,44.0,371.47,2.34,248.0,992.94,
2010,8,2,22,22.99,71.97,0.0,0.0,0.0,365.38,2.54,244.0,992.97,
2010,8,2,23,21.47,77.6,0.0,0.0,0.0,359.3,2.74,240.0,993.01,
2010,8,3,0,20.95,80.29,0.0,0.0,0.0,356.23,2.6,239.0,992.81,
2010,8,3,1,20.44,82.99,0.0,0.0,0.0,353.17,2.46,238.0,992.62,
2010,8,3,2,19.92,85.68,0.0,0.0,0.0,350.1,2.32,236.0,992.42,
2010,8,3,3,19.7,86.51,0.0,0.0,0.0,348.07,2.23,235.0,992.29,
2010,8,3,4,19.48,87.33,0.0,0.0,0.0,346.03,2.14,233.0,992.16,
2010,8,3,5,19.26,88.16,0.0,0.0,0.0,344.0,2.06,231.0,992.03,
2010,8,3,6,20.81,83.6,0.0,0.0,0.0,347.15,2.3,229.0,991.97,
2010,8,3,7,22.36,79.05,10.0,0.0,10.0,350.3,2.55,228.0,991.9,
2010,8,3,8,23.92,74.49,102.0,57.05,89.0,353.45,2.8,227.0,991.84,
2010,8,3,9,25.5,68.98,241.0,203.72,165.0,359.67,2.85,230.0,991.54,
2010,8,3,10,27.09,63.47,419.0,453.42,188.0,365.88,2.9,232.0,991.25,
2010,8,3,11,28.68,57.96,574.0,624.41,182.0,372.1,2.95,235.0,990.96,
2010,8,3,12,29.0,54.15,683.0,686.13,189.0,378.35,2.75,251.0,990.89,
2010,8,3,13,29.32,50.33,733.0,652.76,224.0,384.6,2.55,266.0,990.83,
2010,8,3,14,29.64,46.52,790.0,758.36,181.0,390.85,2.34,282.0,990.76,
2010,8,3,15,29.76,44.59,765.0,725.65,193.0,392.92,1.69,293.0,990.44,
2010,8,3,16,29.88,42.65,714.0,736.02,172.0,394.98,1.04,305.0,990.11,
2010,8,3,17,30.0,40.72,597.0,623.66,191.0,397.05,0.39,316.0,989.79,
2010,8,3,18,28.62,45.85,429.0,397.86,215.0,391.77,0.32,325.0,989.75,
2010,8,3,19,27.24,50.98,309.0,365.65,161.0,386.48,0.25,333.0,989.72,
2010,8,3,20,25.85,56.11,85.0,7.67,83.0,381.2,0.18,342.0,989.69,
2010,8,3,21,24.64,58.39,72.0,268.33,41.0,376.5,0.99,345.0,989.92,
2010,8,3,22,23.42,60.68,0.0,0.0,0.0,371.8,1.81,347.0,990.14,
2010,8,3,23,22.2,62.96,0.0,0.0,0.0,367.1,2.62,350.0,990.37,
2010,8,4,0,21.25,66.65,0.0,0.0,0.0,365.33,2.51,352.0,990.27,
2010,8,4,1,20.3,70.34,0.0,0.0,0.0,363.57,2.39,355.0,990.18,
2010,8,4,2,19.35,74.03,0.0,0.0,0.0,361.8,2.28,357.0,990.08,
2010,8,4,3,18.94,74.91,0.0,0.0,0.0,359.67,2.33,2.0,990.11,
2010,8,4,4,18.52,75.78,0.0,0.0,0.0,357.53,2.39,7.0,990.14,
2010,8,4,5,18.11,76.66,0.0,0.0,0.0,355.4,2.44,13.0,990.18,
2010,8,4,6,19.92,75.2,0.0,0.0,0.0,360.02,2.63,18.0,990.27,
2010,8,4,7,21.72,73.74,6.0,0.0,6.0,364.63,2.82,23.0,990.37,
2010,8,4,8,23.53,72.28,113.0,93.53,92.0,369.25,3.01,28.0,990.47,
2010,8,4,9,24.34,69.49,259.0,278.45,156.0,373.85,3.17,31.0,990.34,
2010,8,4,10,25.16,66.69,416.0,452.14,187.0,378.45,3.34,33.0,990.21,
2010,8,4,11,25.98,63.9,551.0,552.05,206.0,383.05,3.5,36.0,990.08,
2010,8,4,12,26.31,61.32,537.0,288.61,330.0,387.53,3.74,40.0,990.21,
2010,8,4,13,26.64,58.74,522.0,181.45,381.0,392.02,3.98,44.0,990.34,
2010,8,4,14,26.97,56.16,422.0,58.73,375.0,396.5,4.22,48.0,990.47,
2010,8,4,15,26.37,59.62,452.0,90.39,381.0,393.77,4.24,49.0,990.47,
2010,8,4,16,25.78,63.09,608.0,419.92,300.0,391.03,4.26,50.0,990.47,
2010,8,4,17,25.19,66.55,265.0,13.89,256.0,388.3,4.28,51.0,990.47,
2010,8,4,18,24.38,66.22,189.0,5.61,186.0,385.3,3.63,46.0,990.66,
2010,8,4,19,23.58,65.9,74.0,0.0,74.0,382.3,2.99,40.0,990.86,
2010,8,4,20,22.77,65.57,45.0,0.0,45.0,379.3,2.34,35.0,991.06,
2010,8,4,21,21.96,68.09,34.0,8.96,33.0,374.45,2.35,36.0,991.32,
2010,8,4,22,21.14,70.62,0.0,0.0,0.0,369.6,2.36,38.0,991.58,
2010,8,4,23,20.32,73.14,0.0,0.0,0.0,364.75,2.37,40.0,991.84,
2010,8,5,0,19.95,74.36,0.0,0.0,0.0,362.43,2.34,40.0,991.87,
2010,8,5,1,19.58,75.58,0.0,0.0,0.0,360.12,2.3,39.0,991.9,
2010,8,5,2,19.21,76.8,0.0,0.0,0.0,357.8,2.26,38.0,991.93,
2010,8,5,3,18.9,77.59,0.0,0.0,0.0,357.13,2.3,37.0,992.16,
2010,8,5,4,18.59,78.39,0.0,0.0,0.0,356.47,2.34,35.0,992.39,
2010,8,5,5,18.28,79.18,0.0,0.0,0.0,355.8,2.37,34.0,992.62,
2010,8,5,6,19.5,77.29,0.0,0.0,0.0,357.77,2.75,35.0,993.01,
2010,8,5,7,20.72,75.41,4.0,0.0,4.0,359.73,3.14,36.0,993.4,
2010,8,5,8,21.95,73.52,117.0,113.06,92.0,361.7,3.52,37.0,993.79,
2010,8,5,9,23.59,67.54,262.0,299.97,152.0,367.48,3.7,39.0,993.85,
2010,8,5,10,25.24,61.57,443.0,579.99,151.0,373.27,3.89,42.0,993.92,
2010,8,5,11,26.89,55.59,591.0,713.76,147.0,379.05,4.07,44.0,993.98,
2010,8,5,12,27.13,53.16,712.0,813.23,131.0,385.92,3.92,49.0,993.98,
2010,8,5,13,27.38,50.73,799.0,901.48,101.0,392.78,3.77,53.0,993.98,
2010,8,5,14,27.63,48.3,797.0,802.48,157.0,399.65,3.63,58.0,993.98,
2010,8,5,15,27.91,46.71,754.0,709.19,199.0,397.18,3.2,65.0,993.98,
2010,8,5,16,28.2,45.13,708.0,733.78,172.0,394.72,2.76,72.0,993.98,
2010,8,5,17,28.49,43.54,622.0,741.39,144.0,392.25,2.33,78.0,993.98,
2010,8,5,18,27.2,48.94,502.0,722.86,118.0,386.72,2.27,67.0,994.14,
2010,8,5,19,25.91,54.35,346.0,588.43,112.0,381.18,2.2,56.0,994.31,
2010,8,5,20,24.62,59.75,150.0,165.89,108.0,375.65,2.14,45.0,994.47,
2010,8,5,21,23.31,64.7,52.0,111.53,40.0,370.97,2.52,46.0,994.76,
2010,8,5,22,21.99,69.66,0.0,0.0,0.0,366.28,2.9,47.0,995.05,
2010,8,5,23,20.67,74.61,0.0,0.0,0.0,361.6,3.28,48.0,995.35,
2010,8,6,0,20.13,77.56,0.0,0.0,0.0,359.95,3.11,45.0,995.41,
2010,8,6,1,19.6,80.52,0.0,0.0,0.0,358.3,2.94,41.0,995.48,
2010,8,6,2,19.06,83.47,0.0,0.0,0.0,356.65,2.77,38.0,995.54,
2010,8,6,3,18.7,85.06,0.0,0.0,0.0,355.22,2.59,35.0,995.8,
2010,8,6,4,18.35,86.66,0.0,0.0,0.0,353.78,2.4,32.0,996.06,
2010,8,6,5,17.99,88.25,0.0,0.0,0.0,352.35,2.22,29.0,996.32,
2010,8,6,6,19.4,82.93,0.0,0.0,0.0,351.72,2.51,36.0,996.74,
2010,8,6,7,20.8,77.62,7.0,0.0,7.0,351.08,2.8,43.0,997.17,
2010,8,6,8,22.21,72.3,127.0,169.98,90.0,350.45,3.09,50.0,997.59,
2010,8,6,9,24.26,64.69,274.0,368.68,140.0,356.58,2.95,57.0,997.65,
2010,8,6,10,26.31,57.07,455.0,651.49,129.0,362.72,2.81,65.0,997.72,
2010,8,6,11,28.36,49.46,594.0,739.75,136.0,368.85,2.68,72.0,997.79,
2010,8,6,12,28.9,45.28,709.0,812.27,131.0,375.3,2.53,79.0,997.75,
2010,8,6,13,29.45,41.09,784.0,852.93,126.0,381.75,2.39,86.0,997.72,
2010,8,6,14,30.0,36.91,786.0,771.39,173.0,388.2,2.25,93.0,997.69,
2010,8,6,15,30.18,36.15,790.0,841.42,134.0,391.12,2.18,84.0,997.43,
2010,8,6,16,30.37,35.38,685.0,664.02,202.0,394.03,2.11,76.0,997.17,
2010,8,6,17,30.56,34.62,625.0,768.54,132.0,396.95,2.04,68.0,996.91,
2010,8,6,18,29.39,38.32,498.0,721.92,117.0,395.35,2.26,61.0,996.97,
2010,8,6,19,28.23,42.02,361.0,697.99,86.0,393.75,2.47,55.0,997.04,
2010,8,6,20,27.06,45.72,164.0,248.72,102.0,392.15,2.69,48.0,997.1,
2010,8,6,21,25.68,49.06,48.0,96.63,38.0,385.9,3.02,53.0,997.23,
2010,8,6,22,24.3,52.39,0.0,0.0,0.0,379.65,3.35,59.0,997.36,
2010,8,6,23,22.92,55.73,0.0,0.0,0.0,373.4,3.68,64.0,997.49,
2010,8,7,0,22.45,57.32,0.0,0.0,0.0,367.53,3.65,65.0,997.33,
2010,8,7,1,21.97,58.92,0.0,0.0,0.0,361.67,3.62,66.0,997.17,
2010,8,7,2,21.5,60.51,0.0,0.0,0.0,355.8,3.59,67.0,997.0,
2010,8,7,3,20.68,64.02,0.0,0.0,0.0,353.25,3.33,58.0,997.04,
2010,8,7,4,19.87,67.52,0.0,0.0,0.0,350.7,3.07,49.0,997.07,
2010,8,7,5,19.05,71.03,0.0,0.0,0.0,348.15,2.81,40.0,997.1,
2010,8,7,6,20.28,72.05,0.0,0.0,0.0,349.52,2.13,27.0,997.07,
2010,8,7,7,21.51,73.06,15.0,0.0,15.0,350.88,1.45,14.0,997.04,
2010,8,7,8,22.75,74.08,101.0,70.03,86.0,352.25,0.77,0.0,997.0,
2010,8,7,9,24.82,64.89,261.0,319.28,146.0,358.53,0.76,357.0,996.71,
2010,8,7,10,26.9,55.7,435.0,565.08,154.0,364.82,0.74,354.0,996.42,
2010,8,7,11,28.98,46.51,597.0,767.68,124.0,371.1,0.73,351.0,996.13,
2010,8,7,12,29.44,42.85,702.0,795.85,138.0,379.17,0.91,349.0,995.74,
2010,8,7,13,29.9,39.19,780.0,852.23,125.0,387.23,1.08,347.0,995.35,
2010,8,7,14,30.36,35.53,756.0,684.56,214.0,395.3,1.26,345.0,994.96,
2010,8,7,15,30.54,34.99,714.0,601.33,247.0,398.53,1.26,336.0,994.31,
2010,8,7,16,30.73,34.46,705.0,745.63,165.0,401.77,1.26,326.0,993.66,
2010,8,7,17,30.91,33.92,631.0,810.18,114.0,405.0,1.27,317.0,993.01,
2010,8,7,18,29.74,38.64,500.0,745.89,109.0,396.48,1.65,313.0,992.65,
2010,8,7,19,28.57,43.37,337.0,571.49,114.0,387.97,2.02,309.0,992.29,
2010,8,7,20,27.39,48.09,147.0,175.31,104.0,379.45,2.4,306.0,991.93,
2010,8,7,21,25.9,51.04,44.0,80.57,36.0,374.87,2.39,298.0,991.8,
2010,8,7,22,24.41,53.98,0.0,0.0,0.0,370.28,2.37,290.0,991.67,
2010,8,7,23,22.91,56.93,0.0,0.0,0.0,365.7,2.36,283.0,991.54,
2010,8,8,0,22.61,57.05,0.0,0.0,0.0,365.23,2.44,282.0,991.09,
2010,8,8,1,22.31,57.16,0.0,0.0,0.0,364.77,2.52,282.0,990.63,
2010,8,8,2,22.01,57.28,0.0,0.0,0.0,364.3,2.61,282.0,990.18,
2010,8,8,3,21.96,56.72,0.0,0.0,0.0,365.23,2.57,290.0,990.01,
2010,8,8,4,21.9,56.16,0.0,0.0,0.0,366.17,2.53,298.0,989.85,
2010,8,8,5,21.85,55.6,0.0,0.0,0.0,367.1,2.5,305.0,989.69,
2010,8,8,6,22.49,57.4,0.0,0.0,0.0,362.05,2.79,312.0,989.69,
2010,8,8,7,23.12,59.2,16.0,15.26,15.0,357.0,3.08,319.0,989.69,
2010,8,8,8,23.76,61.0,111.0,113.92,87.0,351.95,3.37,325.0,989.69,
2010,8,8,9,25.77,56.0,228.0,198.96,157.0,359.45,3.51,333.0,989.4,
2010,8,8,10,27.79,51.01,421.0,520.11,164.0,366.95,3.65,340.0,989.1,
2010,8,8,11,29.81,46.01,569.0,657.3,166.0,374.45,3.79,348.0,988.81,
2010,8,8,12,29.4,47.93,683.0,738.25,162.0,384.87,4.41,351.0,988.62,
2010,8,8,13,28.99,49.85,752.0,761.47,169.0,395.28,5.03,353.0,988.42,
2010,8,8,14,28.58,51.77,788.0,799.99,157.0,405.7,5.66,356.0,988.23,
2010,8,8,15,27.89,55.21,771.0,793.77,157.0,408.07,4.99,360.0,988.42,
2010,8,8,16,27.2,58.66,710.0,773.94,152.0,410.43,4.33,4.0,988.62,
2010,8,8,17,26.51,62.1,591.0,657.0,174.0,412.8,3.67,8.0,988.81,
2010,8,8,18,25.9,62.77,448.0,524.43,175.0,407.87,3.58,11.0,988.88,
2010,8,8,19,25.29,63.43,300.0,393.43,148.0,402.93,3.49,14.0,988.94,
2010,8,8,20,24.68,64.1,125.0,95.36,102.0,398.0,3.41,17.0,989.01,
2010,8,8,21,23.62,67.67,35.0,42.1,31.0,390.12,2.94,17.0,989.36,
2010,8,8,22,22.56,71.24,0.0,0.0,0.0,382.23,2.48,17.0,989.72,
2010,8,8,23,21.49,74.81,0.0,0.0,0.0,374.35,2.01,17.0,990.08,
2010,8,9,0,20.88,73.72,0.0,0.0,0.0,369.2,2.49,21.0,990.27,
2010,8,9,1,20.26,72.62,0.0,0.0,0.0,364.05,2.96,25.0,990.47,
2010,8,9,2,19.65,71.53,0.0,0.0,0.0,358.9,3.43,28.0,990.66,
2010,8,9,3,18.95,69.59,0.0,0.0,0.0,354.23,3.07,28.0,990.96,
2010,8,9,4,18.26,67.64,0.0,0.0,0.0,349.57,2.71,28.0,991.25,
2010,8,9,5,17.56,65.7,0.0,0.0,0.0,344.9,2.34,28.0,991.54,
2010,8,9,6,17.91,67.75,0.0,0.0,0.0,338.53,2.56,28.0,992.0,
2010,8,9,7,18.26,69.8,14.0,0.0,14.0,332.17,2.78,27.0,992.45,
2010,8,9,8,18.62,71.85,135.0,265.56,80.0,325.8,2.99,27.0,992.91,
2010,8,9,9,20.01,63.48,275.0,415.84,128.0,326.47,3.49,25.0,992.97,
2010,8,9,10,21.4,55.1,450.0,670.15,121.0,327.13,3.98,22.0,993.04,
2010,8,9,11,22.8,46.73,591.0,763.88,125.0,327.8,4.47,20.0,993.1,
2010,8,9,12,23.52,43.64,695.0,794.07,137.0,330.5,4.5,18.0,992.94,
2010,8,9,13,24.24,40.56,766.0,819.54,141.0,333.2,4.53,15.0,992.78,
2010,8,9,14,24.96,37.47,785.0,799.29,157.0,335.9,4.57,13.0,992.62,
2010,8,9,15,25.17,36.8,733.0,678.9,210.0,337.3,4.47,14.0,992.49,
2010,8,9,16,25.39,36.13,656.0,597.77,227.0,338.7,4.38,16.0,992.36,
2010,8,9,17,25.61,35.46,577.0,616.3,188.0,340.1,4.29,18.0,992.23,
2010,8,9,18,24.34,38.3,460.0,590.13,155.0,337.75,3.51,23.0,992.62,
2010,8,9,19,23.08,41.15,296.0,389.66,147.0,335.4,2.73,28.0,993.01,
2010,8,9,20,21.81,43.99,127.0,113.92,100.0,333.05,1.94,33.0,993.4,
2010,8,9,21,20.44,47.98,36.0,55.17,31.0,329.53,2.1,42.0,993.82,
2010,8,9,22,19.07,51.97,0.0,0.0,0.0,326.02,2.25,52.0,994.24,
2010,8,9,23,17.69,55.96,0.0,0.0,0.0,322.5,2.4,61.0,994.66,
2010,8,10,0,16.85,58.82,0.0,0.0,0.0,318.4,2.56,69.0,994.86,
2010,8,10,1,16.02,61.69,0.0,0.0,0.0,314.3,2.72,77.0,995.05,
2010,8,10,2,15.18,64.55,0.0,0.0,0.0,310.2,2.88,84.0,995.25,
2010,8,10,3,14.43,67.44,0.0,0.0,0.0,306.78,2.57,92.0,995.54,
2010,8,10,4,13.67,70.34,0.0,0.0,0.0,303.37,2.25,99.0,995.83,
2010,8,10,5,12.92,73.23,0.0,0.0,0.0,299.95,1.93,107.0,996.13,
2010,8,10,6,14.18,71.88,0.0,0.0,0.0,299.4,1.97,131.0,996.65,
2010,8,10,7,15.43,70.54,8.0,0.0,8.0,298.85,2.0,155.0,997.17,
2010,8,10,8,16.69,69.19,116.0,162.15,83.0,298.3,2.04,179.0,997.69,
2010,8,10,9,18.65,61.24,256.0,331.33,140.0,303.95,2.22,191.0,997.52,
2010,8,10,10,20.62,53.3,413.0,506.46,166.0,309.6,2.39,204.0,997.36,
2010,8,10,11,22.59,45.35,553.0,617.87,178.0,315.25,2.57,216.0,997.2,
2010,8,10,12,23.7,42.97,658.0,667.48,191.0,320.8,2.68,232.0,996.71,
2010,8,10,13,24.81,40.58,742.0,745.16,176.0,326.35,2.8,249.0,996.22,
2010,8,10,14,25.92,38.2,777.0,783.31,164.0,331.9,2.91,265.0,995.74,
2010,8,10,15,26.54,37.37,764.0,792.56,156.0,335.42,2.95,267.0,995.22,
2010,8,10,16,27.17,36.53,695.0,743.42,164.0,338.93,2.98,270.0,994.7,
2010,8,10,17,27.79,35.7,597.0,707.47,153.0,342.45,3.02,273.0,994.18,
2010,8,10,18,26.41,40.09,454.0,576.98,158.0,341.55,2.74,263.0,994.11,
2010,8,10,19,25.04,44.48,305.0,451.97,134.0,340.65,2.45,253.0,994.05,
2010,8,10,20,23.66,48.87,128.0,128.89,98.0,339.75,2.17,243.0,993.98,
2010,8,10,21,22.62,51.54,32.0,34.82,29.0,339.28,2.39,245.0,994.05,
2010,8,10,22,21.58,54.21,0.0,0.0,0.0,338.82,2.62,247.0,994.11,
2010,8,10,23,20.54,56.88,0.0,0.0,0.0,338.35,2.84,249.0,994.18,
2010,8,11,0,20.35,57.99,0.0,0.0,0.0,338.57,2.75,253.0,993.85,
2010,8,11,1,20.15,59.11,0.0,0.0,0.0,338.78,2.66,258.0,993.53,
2010,8,11,2,19.96,60.22,0.0,0.0,0.0,339.0,2.57,263.0,993.2,
2010,8,11,3,19.79,61.4,0.0,0.0,0.0,339.18,2.72,269.0,993.2,
2010,8,11,4,19.62,62.59,0.0,0.0,0.0,339.37,2.88,274.0,993.2,
2010,8,11,5,19.45,63.77,0.0,0.0,0.0,339.55,3.03,280.0,993.2,
2010,8,11,6,20.6,63.44,0.0,0.0,0.0,340.85,3.52,283.0,993.49,
2010,8,11,7,21.75,63.1,13.0,0.0,13.0,342.15,4.0,286.0,993.79,
2010,8,11,8,22.91,62.77,97.0,85.05,80.0,343.45,4.48,289.0,994.08,
2010,8,11,9,25.49,56.24,214.0,175.96,153.0,351.18,4.33,296.0,993.98,
2010,8,11,10,28.08,49.72,375.0,369.51,196.0,358.92,4.17,304.0,993.88,
2010,8,11,11,30.67,43.19,530.0,544.92,201.0,366.65,4.01,311.0,993.79,
2010,8,11,12,31.52,39.42,643.0,627.39,206.0,374.2,3.93,316.0,993.56,
2010,8,11,13,32.37,35.64,722.0,687.42,202.0,381.75,3.84,322.0,993.33,
2010,8,11,14,33.23,31.87,774.0,782.66,164.0,389.3,3.75,327.0,993.1,
2010,8,11,15,33.39,30.57,768.0,822.18,140.0,391.92,3.54,335.0,993.01,
2010,8,11,16,33.55,29.27,699.0,770.97,151.0,394.53,3.33,342.0,992.91,
2010,8,11,17,33.71,27.97,586.0,679.58,162.0,397.15,3.12,350.0,992.81,
2010,8,11,18,31.94,32.1,447.0,563.73,160.0,394.55,3.09,344.0,993.07,
2010,8,11,19,30.17,36.24,292.0,403.52,141.0,391.95,3.07,339.0,993.33,
2010,8,11,20,28.39,40.37,118.0,96.33,96.0,389.35,3.05,333.0,993.59,
2010,8,11,21,26.91,44.53,28.0,24.51,26.0,382.67,2.99,330.0,993.82,
2010,8,11,22,25.42,48.69,0.0,0.0,0.0,375.98,2.94,326.0,994.05,
2010,8,11,23,23.93,52.85,0.0,0.0,0.0,369.3,2.88,323.0,994.27,
2010,8,12,0,23.17,55.97,0.0,0.0,0.0,366.63,2.8,320.0,994.21,
2010,8,12,1,22.42,59.1,0.0,0.0,0.0,363.97,2.72,317.0,994.14,
2010,8,12,2,21.66,62.22,0.0,0.0,0.0,361.3,2.63,314.0,994.08,
2010,8,12,3,21.17,64.28,0.0,0.0,0.0,360.23,2.53,312.0,994.08,
2010,8,12,4,20.67,66.35,0.0,0.0,0.0,359.17,2.43,311.0,994.08,
2010,8,12,5,20.18,68.41,0.0,0.0,0.0,358.1,2.33,310.0,994.08,
2010,8,12,6,21.4,66.52,0.0,0.0,0.0,357.18,2.46,308.0,994.14,
2010,8,12,7,22.62,64.63,10.0,0.0,10.0,356.27,2.59,307.0,994.21,
2010,8,12,8,23.85,62.74,92.0,76.45,77.0,355.35,2.72,306.0,994.27,
2010,8,12,9,26.32,55.93,218.0,195.22,151.0,362.28,2.5,305.0,993.98,
2010,8,12,10,28.8,49.12,387.0,424.02,183.0,369.22,2.29,304.0,993.69,
2010,8,12,11,31.28,42.31,537.0,579.47,189.0,376.15,2.07,303.0,993.4,
2010,8,12,12,31.85,38.49,648.0,651.88,196.0,381.88,1.89,303.0,993.23,
2010,8,12,13,32.43,34.68,727.0,714.22,189.0,387.62,1.72,302.0,993.07,
2010,8,12,14,33.01,30.86,770.0,780.78,164.0,393.35,1.54,302.0,992.91,
2010,8,12,15,33.01,30.37,744.0,746.93,176.0,395.17,1.59,305.0,992.55,
2010,8,12,16,33.01,29.88,676.0,699.9,181.0,396.98,1.63,308.0,992.19,
2010,8,12,17,33.01,29.39,573.0,638.55,177.0,398.8,1.67,311.0,991.84,
2010,8,12,18,31.32,33.96,436.0,528.59,169.0,395.55,2.14,9.0,991.64,
2010,8,12,19,29.63,38.53,280.0,359.48,147.0,392.3,2.61,68.0,991.45,
2010,8,12,20,27.94,43.1,120.0,116.1,94.0,389.05,3.08,126.0,991.25,
2010,8,12,21,26.43,45.6,29.0,38.98,26.0,381.35,3.07,155.0,991.09,
2010,8,12,22,24.92,48.11,0.0,0.0,0.0,373.65,3.06,183.0,990.93,
2010,8,12,23,23.4,50.61,0.0,0.0,0.0,365.95,3.05,211.0,990.76,
2010,8,13,0,23.02,51.08,0.0,0.0,0.0,363.22,3.02,221.0,990.5,
2010,8,13,1,22.64,51.55,0.0,0.0,0.0,360.48,2.98,230.0,990.24,
2010,8,13,2,22.26,52.02,0.0,0.0,0.0,357.75,2.95,239.0,989.98,
2010,8,13,3,21.78,53.16,0.0,0.0,0.0,356.6,2.9,254.0,990.01,
2010,8,13,4,21.29,54.3,0.0,0.0,0.0,355.45,2.84,268.0,990.05,
2010,8,13,5,20.81,55.44,0.0,0.0,0.0,354.3,2.79,282.0,990.08,
2010,8,13,6,21.69,56.31,0.0,0.0,0.0,354.65,2.37,295.0,990.24,
2010,8,13,7,22.57,57.17,8.0,0.0,8.0,355.0,1.95,308.0,990.4,
2010,8,13,8,23.46,58.04,102.0,124.66,78.0,355.35,1.53,321.0,990.57,
2010,8,13,9,25.28,53.91,243.0,309.11,138.0,362.75,2.0,335.0,990.53,
2010,8,13,10,27.11,49.79,415.0,556.77,149.0,370.15,2.47,349.0,990.5,
2010,8,13,11,28.94,45.66,565.0,704.85,144.0,377.55,2.94,2.0,990.47,
2010,8,13,12,29.57,42.89,667.0,733.16,161.0,383.05,3.26,355.0,990.21,
2010,8,13,13,30.2,40.11,711.0,671.97,207.0,388.55,3.58,347.0,989.95,
2010,8,13,14,30.83,37.34,432.0,78.93,371.0,394.05,3.9,340.0,989.69,
2010,8,13,15,30.37,38.04,479.0,141.35,372.0,394.82,4.14,337.0,990.05,
2010,8,13,16,29.92,38.74,217.0,0.0,217.0,395.58,4.37,333.0,990.4,
2010,8,13,17,29.47,39.44,225.0,6.49,221.0,396.35,4.61,330.0,990.76,
2010,8,13,18,28.26,42.31,396.0,387.19,202.0,391.6,4.29,339.0,990.8,
2010,8,13,19,27.06,45.18,281.0,382.86,141.0,386.85,3.96,348.0,990.83,
2010,8,13,20,25.85,48.05,167.0,432.97,72.0,382.1,3.64,356.0,990.86,
2010,8,13,21,24.79,50.8,3.0,0.0,3.0,376.5,3.28,4.0,991.12,
2010,8,13,22,23.72,53.54,0.0,0.0,0.0,370.9,2.92,12.0,991.38,
2010,8,13,23,22.65,56.29,0.0,0.0,0.0,365.3,2.57,20.0,991.64,
2010,8,14,0,22.0,58.9,0.0,0.0,0.0,362.12,2.97,24.0,991.8,
2010,8,14,1,21.36,61.52,0.0,0.0,0.0,358.93,3.38,29.0,991.97,
2010,8,14,2,20.71,64.13,0.0,0.0,0.0,355.75,3.79,34.0,992.13,
2010,8,14,3,20.03,67.55,0.0,0.0,0.0,352.62,3.25,31.0,992.55,
2010,8,14,4,19.34,70.96,0.0,0.0,0.0,349.48,2.7,29.0,992.97,
2010,8,14,5,18.66,74.38,0.0,0.0,0.0,346.35,2.15,26.0,993.4,
2010,8,14,6,19.03,74.5,0.0,0.0,0.0,345.82,2.74,31.0,993.82,
2010,8,14,7,19.4,74.62,12.0,23.64,11.0,345.28,3.32,36.0,994.24,
2010,8,14,8,19.77,74.74,105.0,153.62,76.0,344.75,3.9,41.0,994.66,
2010,8,14,9,20.76,70.5,209.0,181.47,148.0,349.78,3.94,40.0,994.76,
2010,8,14,10,21.75,66.27,388.0,451.14,174.0,354.82,3.98,40.0,994.86,
2010,8,14,11,22.75,62.03,552.0,663.31,158.0,359.85,4.01,39.0,994.96,
2010,8,14,12,22.92,61.59,663.0,732.28,160.0,362.15,4.11,38.0,994.79,
2010,8,14,13,23.09,61.14,716.0,699.03,194.0,364.45,4.22,38.0,994.63,
2010,8,14,14,23.27,60.7,670.0,492.56,291.0,366.75,4.32,37.0,994.47,
2010,8,14,15,23.22,60.66,506.0,180.5,370.0,366.68,4.3,39.0,994.44,
2010,8,14,16,23.17,60.62,555.0,355.76,306.0,366.62,4.29,42.0,994.4,
2010,8,14,17,23.12,60.58,487.0,373.95,258.0,366.55,4.28,44.0,994.37,
2010,8,14,18,22.74,57.12,440.0,581.62,151.0,363.07,3.53,44.0,994.66,
2010,8,14,19,22.37,53.66,291.0,451.18,128.0,359.58,2.79,44.0,994.96,
2010,8,14,20,21.99,50.2,116.0,121.04,90.0,356.1,2.04,44.0,995.25,
2010,8,14,21,21.19,51.61,29.0,88.98,23.0,352.62,3.04,47.0,995.61,
2010,8,14,22,20.38,53.02,0.0,0.0,0.0,349.13,4.04,51.0,995.96,
2010,8,14,23,19.57,54.43,0.0,0.0,0.0,345.65,5.03,54.0,996.32,
2010,8,15,0,19.01,56.13,0.0,0.0,0.0,342.3,4.57,55.0,996.39,
2010,8,15,1,18.44,57.82,0.0,0.0,0.0,338.95,4.11,57.0,996.45,
2010,8,15,2,17.88,59.52,0.0,0.0,0.0,335.6,3.66,58.0,996.52,
2010,8,15,3,17.27,61.37,0.0,0.0,0.0,331.7,3.71,58.0,996.91,
2010,8,15,4,16.65,63.22,0.0,0.0,0.0,327.8,3.77,58.0,997.3,
2010,8,15,5,16.04,65.07,0.0,0.0,0.0,323.9,3.82,58.0,997.69,
2010,8,15,6,16.05,66.16,0.0,0.0,0.0,329.92,4.03,61.0,998.08,
2010,8,15,7,16.05,67.26,0.0,0.0,0.0,335.93,4.23,64.0,998.47,
2010,8,15,8,16.06,68.35,135.0,405.37,60.0,341.95,4.44,67.0,998.86,
2010,8,15,9,17.39,62.99,271.0,493.13,107.0,340.57,4.09,69.0,998.76,
2010,8,15,10,18.73,57.62,432.0,671.02,116.0,339.18,3.73,71.0,998.66,
2010,8,15,11,20.07,52.26,554.0,689.08,147.0,337.8,3.38,72.0,998.57,
2010,8,15,12,20.91,48.46,641.0,662.69,188.0,340.82,3.23,73.0,998.05,
2010,8,15,13,21.75,44.67,721.0,726.4,181.0,343.83,3.08,74.0,997.52,
2010,8,15,14,22.59,40.87,612.0,359.0,337.0,346.85,2.92,75.0,997.0,
2010,8,15,15,22.86,40.05,511.0,193.36,366.0,345.62,3.07,76.0,996.58,
2010,8,15,16,23.13,39.24,585.0,443.89,276.0,344.38,3.21,77.0,996.16,
2010,8,15,17,23.4,38.42,490.0,391.2,252.0,343.15,3.35,78.0,995.74,
2010,8,15,18,22.23,41.51,433.0,568.36,153.0,340.08,2.84,79.0,995.67,
2010,8,15,19,21.06,44.61,254.0,291.48,150.0,337.02,2.33,79.0,995.61,
2010,8,15,20,19.89,47.7,54.0,0.0,54.0,333.95,1.82,79.0,995.54,
2010,8,15,21,19.04,49.78,21.0,31.98,19.0,332.13,2.04,85.0,995.64,
2010,8,15,22,18.19,51.86,0.0,0.0,0.0,330.32,2.25,90.0,995.74,
2010,8,15,23,17.33,53.94,0.0,0.0,0.0,328.5,2.47,96.0,995.83,
2010,8,16,0,16.88,55.11,0.0,0.0,0.0,327.15,2.4,100.0,995.57,
2010,8,16,1,16.43,56.28,0.0,0.0,0.0,325.8,2.33,105.0,995.31,
2010,8,16,2,15.98,57.45,0.0,0.0,0.0,324.45,2.26,110.0,995.05,
2010,8,16,3,15.68,58.0,0.0,0.0,0.0,327.07,2.33,116.0,994.96,
2010,8,16,4,15.38,58.55,0.0,0.0,0.0,329.68,2.39,122.0,994.86,
2010,8,16,5,15.08,59.1,0.0,0.0,0.0,332.3,2.46,127.0,994.76,
2010,8,16,6,15.3,59.88,0.0,0.0,0.0,333.6,2.78,131.0,994.79,
2010,8,16,7,15.52,60.65,0.0,0.0,0.0,334.9,3.1,135.0,994.83,
2010,8,16,8,15.74,61.43,33.0,0.0,33.0,336.2,3.42,139.0,994.86,
2010,8,16,9,17.19,56.11,48.0,0.0,48.0,338.0,3.29,147.0,994.66,
2010,8,16,10,18.64,50.8,200.0,25.67,188.0,339.8,3.16,154.0,994.47,
2010,8,16,11,20.09,45.48,278.0,39.17,255.0,341.6,3.03,162.0,994.27,
2010,8,16,12,20.93,42.36,547.0,379.29,289.0,343.83,3.03,165.0,993.69,
2010,8,16,13,21.78,39.25,576.0,327.03,334.0,346.07,3.02,167.0,993.1,
2010,8,16,14,22.63,36.13,521.0,194.1,373.0,348.3,3.01,170.0,992.52,
2010,8,16,15,22.99,35.32,680.0,582.93,245.0,345.83,2.95,172.0,991.9,
2010,8,16,16,23.36,34.52,544.0,346.69,304.0,343.37,2.89,173.0,991.28,
2010,8,16,17,23.73,33.71,432.0,249.88,281.0,340.9,2.83,175.0,990.66,
2010,8,16,18,22.62,36.86,308.0,161.78,229.0,338.35,2.54,174.0,990.24,
2010,8,16,19,21.51,40.0,144.0,22.71,136.0,335.8,2.25,172.0,989.82,
2010,8,16,20,20.39,43.15,101.0,82.8,84.0,333.25,1.96,171.0,989.4,
2010,8,16,21,19.13,46.96,21.0,52.11,18.0,330.7,2.23,176.0,989.23,
2010,8,16,22,17.86,50.77,0.0,0.0,0.0,328.15,2.49,181.0,989.07,
2010,8,16,23,16.59,54.58,0.0,0.0,0.0,325.6,2.76,186.0,988.91,
2010,8,17,0,16.0,57.4,0.0,0.0,0.0,323.78,2.85,194.0,988.49,
2010,8,17,1,15.4,60.22,0.0,0.0,0.0,321.97,2.94,202.0,988.06,
2010,8,17,2,14.81,63.04,0.0,0.0,0.0,320.15,3.03,210.0,987.64,
2010,8,17,3,14.37,65.44,0.0,0.0,0.0,319.1,2.67,214.0,987.32,
2010,8,17,4,13.92,67.84,0.0,0.0,0.0,318.05,2.31,218.0,986.99,
2010,8,17,5,13.48,70.24,0.0,0.0,0.0,317.0,1.94,222.0,986.67,
2010,8,17,6,14.74,67.71,0.0,0.0,0.0,319.6,2.45,220.0,986.5,
2010,8,17,7,15.99,65.18,0.0,0.0,0.0,322.2,2.95,219.0,986.34,
2010,8,17,8,17.25,62.65,56.0,11.27,54.0,324.8,3.45,218.0,986.18,
2010,8,17,9,19.27,55.33,109.0,6.15,107.0,328.92,3.47,220.0,985.76,
2010,8,17,10,21.29,48.01,373.0,426.78,175.0,333.03,3.49,223.0,985.33,
2010,8,17,11,23.32,40.69,264.0,30.83,246.0,337.15,3.52,225.0,984.91,
2010,8,17,12,24.16,37.99,222.0,1.48,221.0,341.6,4.0,231.0,984.29,
2010,8,17,13,25.0,35.3,185.0,0.0,185.0,346.05,4.48,237.0,983.68,
2010,8,17,14,25.85,32.6,710.0,636.42,227.0,350.5,4.97,242.0,983.06,
2010,8,17,15,25.41,34.81,122.0,0.0,122.0,357.13,3.83,254.0,982.67,
2010,8,17,16,24.98,37.03,426.0,130.75,336.0,363.77,2.7,266.0,982.28,
2010,8,17,17,24.54,39.24,130.0,0.0,130.0,370.4,1.57,278.0,981.89,
2010,8,17,18,22.73,48.56,118.0,0.0,118.0,373.05,2.81,299.0,982.15,
2010,8,17,19,20.92,57.87,47.0,0.0,47.0,375.7,4.06,320.0,982.41,
2010,8,17,20,19.1,67.19,26.0,0.0,26.0,378.35,5.3,341.0,982.67,
2010,8,17,21,17.92,73.87,13.0,0.0,13.0,374.93,5.13,343.0,983.06,
2010,8,17,22,16.73,80.56,0.0,0.0,0.0,371.52,4.97,345.0,983.45,
2010,8,17,23,15.54,87.24,0.0,0.0,0.0,368.1,4.8,346.0,983.84,
2010,8,18,0,14.89,87.98,0.0,0.0,0.0,359.32,4.17,348.0,984.1,
2010,8,18,1,14.23,88.71,0.0,0.0,0.0,350.53,3.55,349.0,984.36,
2010,8,18,2,13.58,89.45,0.0,0.0,0.0,341.75,2.92,351.0,984.62,
2010,8,18,3,12.88,88.94,0.0,0.0,0.0,336.03,2.72,352.0,985.2,
2010,8,18,4,12.19,88.43,0.0,0.0,0.0,330.32,2.52,354.0,985.79,
2010,8,18,5,11.49,87.92,0.0,0.0,0.0,324.6,2.32,355.0,986.37,
2010,8,18,6,11.78,88.58,0.0,0.0,0.0,326.1,2.2,358.0,986.73,
2010,8,18,7,12.07,89.25,0.0,0.0,0.0,327.6,2.09,1.0,987.09,
2010,8,18,8,12.37,89.91,100.0,178.64,69.0,329.1,1.97,4.0,987.45,
2010,8,18,9,13.78,77.46,228.0,301.59,131.0,328.32,1.92,351.0,987.45,
2010,8,18,10,15.2,65.01,400.0,560.39,142.0,327.53,1.86,338.0,987.45,
2010,8,18,11,16.62,52.56,550.0,709.92,138.0,326.75,1.81,325.0,987.45,
2010,8,18,12,17.71,46.18,678.0,843.57,110.0,320.28,2.29,311.0,987.15,
2010,8,18,13,18.8,39.81,749.0,871.76,110.0,313.82,2.78,297.0,986.86,
2010,8,18,14,19.89,33.43,772.0,867.21,117.0,307.35,3.27,283.0,986.57,
2010,8,18,15,20.48,31.54,757.0,875.88,110.0,307.98,3.17,278.0,986.21,
2010,8,18,16,21.08,29.64,685.0,821.26,123.0,308.62,3.07,273.0,985.85,
2010,8,18,17,21.67,27.75,588.0,807.2,107.0,309.25,2.97,268.0,985.5,
2010,8,18,18,20.22,32.65,447.0,696.67,113.0,308.07,2.78,242.0,985.14,
2010,8,18,19,18.78,37.55,297.0,592.08,94.0,306.88,2.59,215.0,984.78,
2010,8,18,20,17.33,42.45,114.0,168.79,81.0,305.7,2.4,188.0,984.42,
2010,8,18,21,16.63,43.62,13.0,21.1,12.0,304.2,2.79,187.0,984.29,
2010,8,18,22,15.93,44.79,0.0,0.0,0.0,302.7,3.17,186.0,984.16,
2010,8,18,23,15.23,45.96,0.0,0.0,0.0,301.2,3.56,185.0,984.03,
2010,8,19,0,15.27,46.2,0.0,0.0,0.0,300.12,3.86,192.0,983.68,
2010,8,19,1,15.32,46.45,0.0,0.0,0.0,299.03,4.16,199.0,983.32,
2010,8,19,2,15.36,46.69,0.0,0.0,0.0,297.95,4.46,205.0,982.96,
2010,8,19,3,15.51,46.54,0.0,0.0,0.0,298.67,4.59,209.0,982.76,
2010,8,19,4,15.65,46.38,0.0,0.0,0.0,299.38,4.73,213.0,982.57,
2010,8,19,5,15.8,46.23,0.0,0.0,0.0,300.1,4.87,217.0,982.37,
2010,8,19,6,16.69,46.54,0.0,0.0,0.0,301.53,5.32,220.0,982.28,
2010,8,19,7,17.57,46.86,0.0,0.0,0.0,302.97,5.77,222.0,982.18,
2010,8,19,8,18.46,47.17,95.0,159.16,68.0,304.4,6.22,225.0,982.08,
2010,8,19,9,20.78,42.43,223.0,292.53,130.0,311.27,6.34,227.0,981.82,
2010,8,19,10,23.11,37.69,387.0,514.44,152.0,318.13,6.47,230.0,981.56,
2010,8,19,11,25.44,32.95,546.0,709.05,137.0,325.0,6.59,232.0,981.3,
2010,8,19,12,26.75,30.8,649.0,740.51,153.0,332.02,6.62,234.0,980.94,
2010,8,19,13,28.06,28.66,726.0,795.15,146.0,339.03,6.64,235.0,980.59,
2010,8,19,14,29.38,26.51,752.0,803.63,148.0,346.05,6.66,236.0,980.23,
2010,8,19,15,29.56,26.44,725.0,768.9,160.0,348.75,6.3,236.0,979.97,
2010,8,19,16,29.75,26.38,666.0,761.5,148.0,351.45,5.94,236.0,979.71,
2010,8,19,17,29.93,26.31,565.0,720.12,139.0,354.15,5.57,235.0,979.45,
2010,8,19,18,28.25,29.81,435.0,654.94,124.0,353.9,4.64,228.0,979.25,
2010,8,19,19,26.57,33.3,261.0,393.43,128.0,353.65,3.71,221.0,979.06,
2010,8,19,20,24.88,36.8,64.0,10.5,62.0,353.4,2.79,214.0,978.86,
2010,8,19,21,23.84,38.56,6.0,0.0,6.0,351.07,2.85,211.0,978.86,
2010,8,19,22,22.8,40.33,0.0,0.0,0.0,348.73,2.91,207.0,978.86,
2010,8,19,23,21.76,42.09,0.0,0.0,0.0,346.4,2.97,203.0,978.86,
2010,8,20,0,21.62,42.26,0.0,0.0,0.0,350.23,3.2,201.0,978.34,
2010,8,20,1,21.49,42.44,0.0,0.0,0.0,354.07,3.44,199.0,977.82,
2010,8,20,2,21.35,42.61,0.0,0.0,0.0,357.9,3.68,197.0,977.3,
2010,8,20,3,21.36,42.3,0.0,0.0,0.0,361.9,3.09,204.0,977.08,
2010,8,20,4,21.36,41.98,0.0,0.0,0.0,365.9,2.49,210.0,976.85,
2010,8,20,5,21.37,41.67,0.0,0.0,0.0,369.9,1.89,216.0,976.62,
2010,8,20,6,20.91,48.38,0.0,0.0,0.0,368.13,1.72,219.0,976.49,
2010,8,20,7,20.44,55.1,0.0,0.0,0.0,366.37,1.55,222.0,976.36,
2010,8,20,8,19.98,61.81,44.0,0.0,44.0,364.6,1.38,226.0,976.23,
2010,8,20,9,21.04,59.0,96.0,3.18,95.0,371.93,2.15,222.0,976.07,
2010,8,20,10,22.1,56.2,222.0,55.17,197.0,379.27,2.92,219.0,975.9,
2010,8,20,11,23.17,53.39,277.0,43.61,252.0,386.6,3.7,216.0,975.74,
2010,8,20,12,24.32,48.96,384.0,97.56,319.0,390.43,4.36,218.0,975.16,
2010,8,20,13,25.48,44.52,120.0,0.0,120.0,394.27,5.02,219.0,974.57,
2010,8,20,14,26.64,40.09,494.0,168.49,368.0,398.1,5.68,221.0,973.99,
2010,8,20,15,26.38,42.33,228.0,0.0,228.0,399.32,5.6,221.0,973.66,
2010,8,20,16,26.13,44.58,309.0,28.1,290.0,400.53,5.52,221.0,973.34,
2010,8,20,17,25.88,46.82,111.0,0.0,111.0,401.75,5.43,221.0,973.01,
2010,8,20,18,24.66,51.02,371.0,387.07,189.0,397.07,4.43,230.0,972.91,
2010,8,20,19,23.44,55.22,129.0,18.01,123.0,392.38,3.43,239.0,972.82,
2010,8,20,20,22.22,59.42,43.0,0.0,43.0,387.7,2.43,248.0,972.72,
2010,8,20,21,21.17,63.6,1.0,0.0,1.0,379.23,2.37,238.0,972.46,
2010,8,20,22,20.12,67.79,0.0,0.0,0.0,370.77,2.32,229.0,972.2,
2010,8,20,23,19.06,71.97,0.0,0.0,0.0,362.3,2.26,219.0,971.94,
2010,8,21,0,18.88,73.03,0.0,0.0,0.0,360.88,2.31,222.0,971.61,
2010,8,21,1,18.71,74.1,0.0,0.0,0.0,359.47,2.35,225.0,971.29,
2010,8,21,2,18.53,75.16,0.0,0.0,0.0,358.05,2.4,228.0,970.96,
2010,8,21,3,18.05,79.32,0.0,0.0,0.0,358.1,2.26,234.0,970.87,
2010,8,21,4,17.57,83.48,0.0,0.0,0.0,358.15,2.12,240.0,970.77,
2010,8,21,5,17.09,87.64,0.0,0.0,0.0,358.2,1.99,246.0,970.67,
2010,8,21,6,17.06,89.54,0.0,0.0,0.0,352.67,2.75,245.0,970.54,
2010,8,21,7,17.02,91.43,0.0,0.0,0.0,347.13,3.52,243.0,970.41,
2010,8,21,8,16.99,93.33,39.0,0.0,39.0,341.6,4.29,242.0,970.28,
2010,8,21,9,17.46,90.45,256.0,525.13,93.0,341.28,4.71,246.0,970.18,
2010,8,21,10,17.94,87.58,402.0,622.89,122.0,340.97,5.14,251.0,970.09,
2010,8,21,11,18.42,84.7,559.0,802.23,102.0,340.65,5.56,256.0,969.99,
2010,8,21,12,18.78,81.83,648.0,765.13,141.0,345.38,5.7,259.0,970.12,
2010,8,21,13,19.14,78.97,726.0,822.61,132.0,350.12,5.83,262.0,970.25,
2010,8,21,14,19.5,76.1,609.0,393.82,316.0,354.85,5.97,264.0,970.38,
2010,8,21,15,19.47,76.24,534.0,261.4,344.0,355.45,5.33,270.0,970.41,
2010,8,21,16,19.44,76.38,458.0,197.96,325.0,356.05,4.69,276.0,970.44,
2010,8,21,17,19.41,76.52,571.0,786.01,113.0,356.65,4.04,282.0,970.48,
2010,8,21,18,18.2,79.65,168.0,8.59,164.0,358.02,3.18,304.0,971.0,
2010,8,21,19,16.99,82.77,25.0,0.0,25.0,359.38,2.31,325.0,971.52,
2010,8,21,20,15.78,85.9,12.0,0.0,12.0,360.75,1.45,347.0,972.04,
2010,8,21,21,14.81,88.33,0.0,0.0,0.0,360.92,3.22,356.0,972.39,
2010,8,21,22,13.83,90.76,0.0,0.0,0.0,361.08,4.99,5.0,972.75,
2010,8,21,23,12.85,93.19,0.0,0.0,0.0,361.25,6.76,14.0,973.11,
2010,8,22,0,11.9,93.31,0.0,0.0,0.0,360.0,6.47,14.0,973.5,
2010,8,22,1,10.95,93.44,0.0,0.0,0.0,358.75,6.19,14.0,973.89,
2010,8,22,2,10.0,93.56,0.0,0.0,0.0,357.5,5.9,13.0,974.28,
2010,8,22,3,9.4,92.16,0.0,0.0,0.0,359.9,5.64,12.0,974.83,
2010,8,22,4,8.8,90.75,0.0,0.0,0.0,362.3,5.37,11.0,975.38,
2010,8,22,5,8.2,89.35,0.0,0.0,0.0,364.7,5.1,10.0,975.94,
2010,8,22,6,7.98,91.09,0.0,0.0,0.0,362.13,5.19,9.0,976.39,
2010,8,22,7,7.76,92.82,0.0,0.0,0.0,359.57,5.28,8.0,976.85,
2010,8,22,8,7.54,94.56,21.0,0.0,21.0,357.0,5.37,6.0,977.3,
2010,8,22,9,8.08,92.36,88.0,3.26,87.0,353.97,5.71,5.0,977.53,
2010,8,22,10,8.62,90.16,36.0,0.0,36.0,350.93,6.06,3.0,977.76,
2010,8,22,11,9.16,87.96,98.0,0.0,98.0,347.9,6.4,2.0,977.99,
2010,8,22,12,10.47,76.38,135.0,0.0,135.0,347.1,6.31,1.0,977.95,
2010,8,22,13,11.79,64.81,250.0,2.78,248.0,346.3,6.22,360.0,977.92,
2010,8,22,14,13.11,53.23,231.0,0.0,231.0,345.5,6.12,358.0,977.89,
2010,8,22,15,13.62,49.59,276.0,6.92,271.0,342.37,5.95,355.0,978.12,
2010,8,22,16,14.14,45.96,458.0,203.73,322.0,339.23,5.77,352.0,978.34,
2010,8,22,17,14.65,42.32,381.0,181.62,276.0,336.1,5.6,348.0,978.57,
2010,8,22,18,14.01,44.27,162.0,6.51,159.0,333.63,5.26,345.0,979.19,
2010,8,22,19,13.37,46.23,154.0,55.7,136.0,331.17,4.91,342.0,979.81,
2010,8,22,20,12.73,48.18,50.0,5.72,49.0,328.7,4.57,339.0,980.42,
2010,8,22,21,11.93,50.54,0.0,0.0,0.0,320.73,4.06,336.0,981.01,
2010,8,22,22,11.13,52.89,0.0,0.0,0.0,312.77,3.55,333.0,981.59,
2010,8,22,23,10.33,55.25,0.0,0.0,0.0,304.8,3.05,329.0,982.18,
2010,8,23,0,9.8,56.94,0.0,0.0,0.0,294.63,2.89,326.0,982.57,
2010,8,23,1,9.28,58.62,0.0,0.0,0.0,284.47,2.73,323.0,982.96,
2010,8,23,2,8.75,60.31,0.0,0.0,0.0,274.3,2.57,319.0,983.35,
2010,8,23,3,8.34,61.55,0.0,0.0,0.0,270.97,2.51,314.0,983.74,
2010,8,23,4,7.94,62.79,0.0,0.0,0.0,267.63,2.46,308.0,984.13,
2010,8,23,5,7.53,64.03,0.0,0.0,0.0,264.3,2.4,302.0,984.52,
2010,8,23,6,8.23,66.06,0.0,0.0,0.0,264.65,2.83,291.0,984.81,
2010,8,23,7,8.93,68.08,0.0,0.0,0.0,265.0,3.26,280.0,985.11,
2010,8,23,8,9.64,70.11,63.0,45.51,56.0,265.35,3.68,269.0,985.4,
2010,8,23,9,10.99,65.3,90.0,3.3,89.0,272.48,4.34,272.0,985.27,
2010,8,23,10,12.34,60.5,360.0,447.87,162.0,279.62,4.99,275.0,985.14,
2010,8,23,11,13.69,55.69,516.0,638.43,157.0,286.75,5.64,278.0,985.01,
2010,8,23,12,14.31,52.95,637.0,749.34,146.0,302.43,5.91,275.0,984.68,
2010,8,23,13,14.93,50.22,698.0,745.93,165.0,318.12,6.18,272.0,984.36,
2010,8,23,14,15.56,47.48,659.0,544.72,258.0,333.8,6.46,270.0,984.03,
2010,8,23,15,15.8,47.1,212.0,0.0,212.0,336.43,6.43,266.0,984.0,
2010,8,23,16,16.04,46.72,359.0,70.87,312.0,339.07,6.4,262.0,983.97,
2010,8,23,17,16.28,46.34,377.0,179.6,274.0,341.7,6.37,258.0,983.94,
2010,8,23,18,15.35,50.0,155.0,4.39,153.0,341.13,5.89,251.0,984.0,
2010,8,23,19,14.43,53.67,112.0,9.43,109.0,340.57,5.4,243.0,984.07,
2010,8,23,20,13.5,57.33,55.0,11.79,53.0,340.0,4.91,236.0,984.13,
2010,8,23,21,13.25,60.13,0.0,0.0,0.0,341.58,4.81,230.0,983.84,
2010,8,23,22,13.0,62.93,0.0,0.0,0.0,343.17,4.71,224.0,983.54,
2010,8,23,23,12.75,65.73,0.0,0.0,0.0,344.75,4.61,219.0,983.25,
2010,8,24,0,12.78,68.74,0.0,0.0,0.0,349.48,4.53,219.0,982.8,
2010,8,24,1,12.8,71.76,0.0,0.0,0.0,354.22,4.45,219.0,982.34,
2010,8,24,2,12.83,74.77,0.0,0.0,0.0,358.95,4.37,219.0,981.89,
2010,8,24,3,12.83,76.85,0.0,0.0,0.0,350.75,4.05,222.0,981.66,
2010,8,24,4,12.84,78.94,0.0,0.0,0.0,342.55,3.72,224.0,981.43,
2010,8,24,5,12.84,81.02,0.0,0.0,0.0,334.35,3.39,227.0,981.2,
2010,8,24,6,13.52,80.36,0.0,0.0,0.0,331.77,4.11,225.0,980.75,
2010,8,24,7,14.2,79.69,0.0,0.0,0.0,329.18,4.83,223.0,980.29,
2010,8,24,8,14.89,79.03,52.0,20.03,49.0,326.6,5.54,220.0,979.84,
2010,8,24,9,15.84,77.7,156.0,90.33,129.0,335.78,5.96,221.0,979.42,
2010,8,24,10,16.79,76.37,147.0,4.56,145.0,344.97,6.38,221.0,978.99,
2010,8,24,11,17.75,75.04,217.0,10.74,211.0,354.15,6.8,222.0,978.57,
2010,8,24,12,18.47,73.77,182.0,0.0,182.0,361.83,7.0,228.0,978.25,
2010,8,24,13,19.19,72.5,420.0,104.13,346.0,369.52,7.2,234.0,977.92,
2010,8,24,14,19.91,71.23,264.0,4.1,261.0,377.2,7.41,241.0,977.6,
2010,8,24,15,19.45,77.06,319.0,22.4,303.0,378.38,7.77,243.0,977.6,
2010,8,24,16,18.99,82.89,230.0,3.04,228.0,379.57,8.14,245.0,977.6,
2010,8,24,17,18.53,88.72,238.0,17.58,228.0,380.75,8.51,247.0,977.6,
2010,8,24,18,17.77,90.27,149.0,4.44,147.0,379.58,8.13,245.0,977.63,
2010,8,24,19,17.02,91.83,51.0,0.0,51.0,378.42,7.75,242.0,977.66,
2010,8,24,20,16.26,93.38,14.0,0.0,14.0,377.25,7.37,240.0,977.69,
2010,8,24,21,16.05,93.27,0.0,0.0,0.0,373.88,6.89,244.0,977.89,
2010,8,24,22,15.83,93.16,0.0,0.0,0.0,370.52,6.42,249.0,978.08,
2010,8,24,23,15.61,93.05,0.0,0.0,0.0,367.15,5.94,254.0,978.28,
2010,8,25,0,15.38,92.55,0.0,0.0,0.0,357.43,5.41,256.0,978.41,
2010,8,25,1,15.16,92.06,0.0,0.0,0.0,347.72,4.87,258.0,978.54,
2010,8,25,2,14.93,91.56,0.0,0.0,0.0,338.0,4.33,260.0,978.67,
2010,8,25,3,14.57,91.63,0.0,0.0,0.0,331.97,4.38,259.0,978.93,
2010,8,25,4,14.2,91.71,0.0,0.0,0.0,325.93,4.42,258.0,979.19,
2010,8,25,5,13.84,91.78,0.0,0.0,0.0,319.9,4.47,257.0,979.45,
2010,8,25,6,14.29,90.46,0.0,0.0,0.0,323.97,4.93,263.0,979.87,
2010,8,25,7,14.74,89.15,0.0,0.0,0.0,328.03,5.39,268.0,980.29,
2010,8,25,8,15.19,87.83,93.0,274.45,53.0,332.1,5.85,274.0,980.72,
2010,8,25,9,16.42,77.83,237.0,481.36,95.0,333.37,6.43,278.0,981.07,
2010,8,25,10,17.65,67.84,407.0,731.84,89.0,334.63,7.01,283.0,981.43,
2010,8,25,11,18.89,57.84,547.0,820.1,92.0,335.9,7.59,288.0,981.79,
2010,8,25,12,19.64,52.85,518.0,373.65,276.0,334.92,7.33,289.0,981.89,
2010,8,25,13,20.4,47.87,490.0,207.99,343.0,333.93,7.08,290.0,981.98,
2010,8,25,14,21.16,42.88,579.0,354.36,321.0,332.95,6.83,292.0,982.08,
2010,8,25,15,21.25,42.26,501.0,222.49,343.0,335.42,6.06,293.0,982.37,
2010,8,25,16,21.35,41.63,568.0,499.85,241.0,337.88,5.28,294.0,982.67,
2010,8,25,17,21.45,41.01,412.0,273.03,258.0,340.35,4.51,296.0,982.96,
2010,8,25,18,20.05,47.22,423.0,749.18,89.0,341.62,4.07,309.0,983.32,
2010,8,25,19,18.65,53.43,179.0,139.79,136.0,342.88,3.64,322.0,983.68,
2010,8,25,20,17.24,59.64,25.0,0.0,25.0,344.15,3.2,335.0,984.03,
2010,8,25,21,16.5,62.03,0.0,0.0,0.0,341.03,2.82,5.0,984.23,
2010,8,25,22,15.76,64.42,0.0,0.0,0.0,337.92,2.45,35.0,984.42,
2010,8,25,23,15.01,66.81,0.0,0.0,0.0,334.8,2.07,64.0,984.62,
2010,8,26,0,14.26,71.23,0.0,0.0,0.0,335.53,2.08,87.0,984.62,
2010,8,26,1,13.5,75.66,0.0,0.0,0.0,336.27,2.09,110.0,984.62,
2010,8,26,2,12.75,80.08,0.0,0.0,0.0,337.0,2.1,132.0,984.62,
2010,8,26,3,12.62,81.7,0.0,0.0,0.0,338.95,2.11,139.0,984.81,
2010,8,26,4,12.48,83.33,0.0,0.0,0.0,340.9,2.12,146.0,985.01,
2010,8,26,5,12.35,84.95,0.0,0.0,0.0,342.85,2.14,152.0,985.2,
2010,8,26,6,13.09,84.13,0.0,0.0,0.0,345.47,2.77,152.0,985.4,
2010,8,26,7,13.83,83.3,0.0,0.0,0.0,348.08,3.4,151.0,985.59,
2010,8,26,8,14.58,82.48,8.0,0.0,8.0,350.7,4.03,150.0,985.79,
2010,8,26,9,16.07,79.23,45.0,0.0,45.0,354.32,4.23,154.0,985.76,
2010,8,26,10,17.56,75.98,131.0,2.32,130.0,357.93,4.43,158.0,985.72,
2010,8,26,11,19.06,72.73,96.0,0.0,96.0,361.55,4.63,162.0,985.69,
2010,8,26,12,20.43,69.01,189.0,0.0,189.0,365.23,4.18,183.0,985.43,
2010,8,26,13,21.8,65.3,161.0,0.0,161.0,368.92,3.72,204.0,985.17,
2010,8,26,14,23.17,61.58,288.0,9.67,281.0,372.6,3.27,225.0,984.91,
2010,8,26,15,23.4,62.79,295.0,15.59,284.0,375.78,2.65,224.0,984.88,
2010,8,26,16,23.63,64.0,570.0,520.32,232.0,378.97,2.03,224.0,984.85,
2010,8,26,17,23.86,65.21,349.0,144.85,268.0,382.15,1.41,224.0,984.81,
2010,8,26,18,22.95,68.03,263.0,131.6,205.0,379.73,1.83,212.0,984.78,
2010,8,26,19,22.04,70.86,164.0,105.87,132.0,377.32,2.26,199.0,984.75,
2010,8,26,20,21.13,73.68,93.0,215.31,60.0,374.9,2.69,187.0,984.72,
2010,8,26,21,20.71,74.24,0.0,0.0,0.0,370.63,2.91,188.0,984.72,
2010,8,26,22,20.28,74.81,0.0,0.0,0.0,366.37,3.12,190.0,984.72,
2010,8,26,23,19.85,75.37,0.0,0.0,0.0,362.1,3.34,191.0,984.72,
2010,8,27,0,19.63,73.45,0.0,0.0,0.0,356.68,3.41,194.0,984.59,
2010,8,27,1,19.42,71.52,0.0,0.0,0.0,351.27,3.48,196.0,984.46,
2010,8,27,2,19.2,69.6,0.0,0.0,0.0,345.85,3.54,199.0,984.33,
2010,8,27,3,18.93,67.2,0.0,0.0,0.0,343.6,3.53,202.0,984.42,
2010,8,27,4,18.65,64.81,0.0,0.0,0.0,341.35,3.52,205.0,984.52,
2010,8,27,5,18.38,62.41,0.0,0.0,0.0,339.1,3.5,208.0,984.62,
2010,8,27,6,18.97,63.14,0.0,0.0,0.0,341.3,4.01,209.0,984.78,
2010,8,27,7,19.55,63.87,0.0,0.0,0.0,343.5,4.51,211.0,984.94,
2010,8,27,8,20.14,64.6,45.0,14.54,43.0,345.7,5.02,213.0,985.11,
2010,8,27,9,22.2,57.54,241.0,560.75,80.0,348.83,5.14,216.0,985.11,
2010,8,27,10,24.27,50.47,399.0,726.32,89.0,351.97,5.25,219.0,985.11,
2010,8,27,11,26.34,43.41,539.0,815.16,93.0,355.1,5.37,222.0,985.11,
2010,8,27,12,27.34,38.25,641.0,829.82,110.0,358.55,5.85,223.0,984.81,
2010,8,27,13,28.34,33.09,700.0,814.29,131.0,362.0,6.34,224.0,984.52,
2010,8,27,14,29.34,27.93,718.0,794.73,146.0,365.45,6.83,225.0,984.23,
2010,8,27,15,29.3,27.36,697.0,787.02,145.0,365.62,6.07,224.0,984.07,
2010,8,27,16,29.26,26.8,638.0,790.77,128.0,365.78,5.32,223.0,983.9,
2010,8,27,17,29.22,26.23,539.0,772.18,111.0,365.95,4.57,222.0,983.74,
2010,8,27,18,27.31,29.34,404.0,693.37,102.0,360.8,4.01,217.0,983.68,
2010,8,27,19,25.4,32.44,245.0,512.01,93.0,355.65,3.45,211.0,983.61,
2010,8,27,20,23.49,35.55,82.0,155.75,59.0,350.5,2.9,206.0,983.54,
2010,8,27,21,22.31,37.9,0.0,0.0,0.0,346.23,2.91,204.0,983.54,
2010,8,27,22,21.12,40.26,0.0,0.0,0.0,341.97,2.91,203.0,983.54,
2010,8,27,23,19.93,42.61,0.0,0.0,0.0,337.7,2.92,201.0,983.54,
2010,8,28,0,19.3,44.08,0.0,0.0,0.0,334.55,3.0,200.0,983.15,
2010,8,28,1,18.66,45.56,0.0,0.0,0.0,331.4,3.07,199.0,982.76,
2010,8,28,2,18.03,47.03,0.0,0.0,0.0,328.25,3.14,198.0,982.37,
2010,8,28,3,17.69,46.85,0.0,0.0,0.0,325.58,3.08,198.0,982.18,
2010,8,28,4,17.34,46.68,0.0,0.0,0.0,322.92,3.01,198.0,981.98,
2010,8,28,5,17.0,46.5,0.0,0.0,0.0,320.25,2.94,198.0,981.79,
2010,8,28,6,17.22,49.0,0.0,0.0,0.0,317.92,2.88,201.0,981.66,
2010,8,28,7,17.44,51.5,0.0,0.0,0.0,315.58,2.82,203.0,981.53,
2010,8,28,8,17.67,54.0,72.0,157.36,51.0,313.25,2.76,206.0,981.4,
2010,8,28,9,19.29,49.94,159.0,127.15,123.0,320.28,3.29,214.0,981.4,
2010,8,28,10,20.91,45.87,215.0,66.21,187.0,327.32,3.83,223.0,981.4,
2010,8,28,11,22.53,41.81,196.0,7.36,192.0,334.35,4.36,232.0,981.4,
2010,8,28,12,23.11,41.31,254.0,12.58,246.0,342.2,4.86,244.0,981.4,
2010,8,28,13,23.69,40.82,193.0,0.0,193.0,350.05,5.37,256.0,981.4,
2010,8,28,14,24.28,40.32,537.0,283.73,334.0,357.9,5.88,268.0,981.4,
2010,8,28,15,23.99,42.73,321.0,28.7,301.0,358.08,5.54,279.0,981.82,
2010,8,28,16,23.71,45.13,189.0,0.0,189.0,358.27,5.21,290.0,982.24,
2010,8,28,17,23.42,47.54,74.0,0.0,74.0,358.45,4.88,301.0,982.67,
2010,8,28,18,21.82,51.85,382.0,594.91,126.0,353.4,4.18,309.0,983.32,
2010,8,28,19,20.23,56.15,238.0,497.58,93.0,348.35,3.48,318.0,983.97,
2010,8,28,20,18.63,60.46,77.0,140.82,57.0,343.3,2.77,327.0,984.62,
2010,8,28,21,17.3,64.87,0.0,0.0,0.0,338.13,2.65,325.0,985.11,
2010,8,28,22,15.97,69.27,0.0,0.0,0.0,332.97,2.52,323.0,985.59,
2010,8,28,23,14.64,73.68,0.0,0.0,0.0,327.8,2.4,321.0,986.08,
2010,8,29,0,13.84,76.98,0.0,0.0,0.0,322.6,1.95,316.0,986.18,
2010,8,29,1,13.05,80.28,0.0,0.0,0.0,317.4,1.51,311.0,986.28,
2010,8,29,2,12.25,83.58,0.0,0.0,0.0,312.2,1.06,306.0,986.37,
2010,8,29,3,11.74,85.03,0.0,0.0,0.0,309.58,1.47,295.0,986.67,
2010,8,29,4,11.24,86.48,0.0,0.0,0.0,306.97,1.87,285.0,986.96,
2010,8,29,5,10.73,87.93,0.0,0.0,0.0,304.35,2.28,274.0,987.25,
2010,8,29,6,11.83,86.42,0.0,0.0,0.0,303.52,2.53,259.0,987.71,
2010,8,29,7,12.92,84.9,0.0,0.0,0.0,302.68,2.78,244.0,988.16,
2010,8,29,8,14.02,83.39,49.0,38.67,44.0,301.85,3.03,228.0,988.62,
2010,8,29,9,16.63,71.25,182.0,229.29,118.0,309.02,3.55,223.0,988.58,
2010,8,29,10,19.25,59.12,344.0,465.44,149.0,316.18,4.06,217.0,988.55,
2010,8,29,11,21.87,46.98,487.0,604.49,161.0,323.35,4.58,211.0,988.52,
2010,8,29,12,22.81,43.33,531.0,449.42,247.0,331.25,5.03,213.0,988.13,
2010,8,29,13,23.75,39.69,255.0,5.79,251.0,339.15,5.47,214.0,987.74,
2010,8,29,14,24.7,36.04,549.0,316.38,324.0,347.05,5.92,216.0,987.35,
2010,8,29,15,25.11,35.86,691.0,798.72,138.0,348.9,5.84,217.0,987.22,
2010,8,29,16,25.52,35.68,628.0,788.45,127.0,350.75,5.77,218.0,987.09,
2010,8,29,17,25.93,35.5,509.0,672.5,143.0,352.6,5.7,219.0,986.96,
2010,8,29,18,24.65,38.55,382.0,625.86,116.0,349.7,4.83,216.0,987.22,
2010,8,29,19,23.37,41.59,173.0,164.4,126.0,346.8,3.97,213.0,987.48,
2010,8,29,20,22.09,44.64,61.0,66.03,52.0,343.9,3.1,210.0,987.74,
2010,8,29,21,21.41,46.37,0.0,0.0,0.0,342.25,3.26,209.0,987.71,
2010,8,29,22,20.73,48.11,0.0,0.0,0.0,340.6,3.41,209.0,987.67,
2010,8,29,23,20.05,49.84,0.0,0.0,0.0,338.95,3.56,209.0,987.64,
2010,8,30,0,19.66,51.09,0.0,0.0,0.0,337.18,3.46,208.0,987.48,
2010,8,30,1,19.28,52.35,0.0,0.0,0.0,335.42,3.37,207.0,987.32,
2010,8,30,2,18.89,53.6,0.0,0.0,0.0,333.65,3.27,206.0,987.15,
2010,8,30,3,18.65,54.39,0.0,0.0,0.0,333.93,3.42,206.0,987.15,
2010,8,30,4,18.4,55.17,0.0,0.0,0.0,334.22,3.56,205.0,987.15,
2010,8,30,5,18.16,55.96,0.0,0.0,0.0,334.5,3.71,204.0,987.15,
2010,8,30,6,18.56,56.23,0.0,0.0,0.0,333.08,4.11,203.0,987.22,
2010,8,30,7,18.96,56.51,0.0,0.0,0.0,331.67,4.5,201.0,987.28,
2010,8,30,8,19.37,56.78,81.0,303.64,43.0,330.25,4.9,199.0,987.35,
2010,8,30,9,21.61,51.88,232.0,574.37,74.0,335.8,5.04,200.0,986.96,
2010,8,30,10,23.85,46.98,386.0,718.11,88.0,341.35,5.19,200.0,986.57,
2010,8,30,11,26.1,42.08,521.0,784.59,101.0,346.9,5.34,200.0,986.18,
2010,8,30,12,27.47,39.21,624.0,810.67,115.0,353.77,5.67,201.0,985.59,
2010,8,30,13,28.85,36.33,683.0,795.5,137.0,360.63,6.01,203.0,985.01,
2010,8,30,14,30.23,33.46,700.0,775.34,152.0,367.5,6.34,204.0,984.42,
2010,8,30,15,30.48,32.91,686.0,796.79,138.0,370.25,5.86,206.0,984.07,
2010,8,30,16,30.74,32.36,629.0,815.14,115.0,373.0,5.37,208.0,983.71,
2010,8,30,17,31.0,31.81,525.0,779.04,105.0,375.75,4.88,210.0,983.35,
2010,8,30,18,29.28,34.58,383.0,660.07,106.0,372.75,4.4,210.0,983.28,
2010,8,30,19,27.56,37.34,231.0,513.75,87.0,369.75,3.92,210.0,983.22,
2010,8,30,20,25.83,40.11,71.0,145.55,52.0,366.75,3.43,210.0,983.15,
2010,8,30,21,24.82,41.9,0.0,0.0,0.0,361.75,3.41,213.0,983.09,
2010,8,30,22,23.8,43.69,0.0,0.0,0.0,356.75,3.39,215.0,983.02,
2010,8,30,23,22.78,45.48,0.0,0.0,0.0,351.75,3.37,218.0,982.96,
2010,8,31,0,22.32,45.12,0.0,0.0,0.0,346.87,3.49,217.0,982.67,
2010,8,31,1,21.86,44.76,0.0,0.0,0.0,341.98,3.61,217.0,982.37,
2010,8,31,2,21.4,44.4,0.0,0.0,0.0,337.1,3.74,217.0,982.08,
2010,8,31,3,21.25,42.55,0.0,0.0,0.0,333.98,3.68,217.0,982.02,
2010,8,31,4,21.1,40.71,0.0,0.0,0.0,330.87,3.62,217.0,981.95,
2010,8,31,5,20.95,38.86,0.0,0.0,0.0,327.75,3.56,217.0,981.89,
2010,8,31,6,20.86,42.11,0.0,0.0,0.0,327.37,3.68,225.0,982.21,
2010,8,31,7,20.77,45.35,0.0,0.0,0.0,326.98,3.81,233.0,982.54,
2010,8,31,8,20.69,48.6,70.0,206.67,45.0,326.6,3.93,240.0,982.86,
2010,8,31,9,22.26,47.07,206.0,409.57,95.0,332.25,3.53,257.0,983.15,
2010,8,31,10,23.84,45.54,372.0,656.98,102.0,337.9,3.13,274.0,983.45,
2010,8,31,11,25.42,44.01,514.0,769.83,105.0,343.55,2.73,291.0,983.74,
2010,8,31,12,26.01,43.19,613.0,779.13,127.0,350.18,2.85,299.0,983.87,
2010,8,31,13,26.61,42.36,671.0,765.26,149.0,356.82,2.97,307.0,984.0,
2010,8,31,14,27.21,41.54,703.0,803.02,139.0,363.45,3.09,315.0,984.13,
2010,8,31,15,27.01,41.04,669.0,752.46,155.0,366.15,3.18,321.0,984.42,
2010,8,31,16,26.82,40.53,554.0,537.04,218.0,368.85,3.27,327.0,984.72,
2010,8,31,17,26.63,40.03,437.0,421.39,212.0,371.55,3.37,333.0,985.01,
2010,8,31,18,25.2,42.61,253.0,147.27,192.0,370.38,3.43,341.0,985.14,
2010,8,31,19,23.77,45.18,118.0,36.41,108.0,369.22,3.49,350.0,985.27,
2010,8,31,20,22.34,47.76,61.0,96.22,49.0,368.05,3.56,358.0,985.4,
2010,8,31,21,21.03,48.05,0.0,0.0,0.0,364.12,4.23,360.0,986.05,
2010,8,31,22,17.36,49.11,0.0,0.0,0.0,350.54,5.06,1.0,986.7,
2010,8,31,23,16.97,51.22,0.0,0.0,0.0,347.19,4.99,3.0,987.35,
2014,9,1,0,16.57,53.32,0.0,0.0,0.0,343.84,4.92,2.0,987.74,
2014,9,1,1,16.18,55.43,0.0,0.0,0.0,340.49,4.85,1.0,988.13,
2014,9,1,2,15.78,57.54,0.0,0.0,0.0,337.14,4.78,0.0,988.52,
2014,9,1,3,15.39,59.65,0.0,0.0,0.0,333.79,4.71,358.0,989.4,
2014,9,1,4,14.99,61.75,0.0,0.0,0.0,330.43,4.64,356.0,990.27,
2014,9,1,5,14.6,63.86,0.0,0.0,0.0,327.08,4.57,354.0,991.15,
2014,9,1,6,14.2,65.97,0.0,0.0,0.0,323.73,4.5,342.0,987.8,
2014,9,1,7,13.8,68.08,0.0,0.0,0.0,320.38,4.43,345.0,988.55,
2014,9,1,8,13.41,70.19,39.0,17.13,37.0,317.03,4.35,348.0,989.3,
2014,9,1,9,13.01,72.29,180.0,251.01,113.0,313.68,4.28,352.0,989.79,
2014,9,1,10,12.62,74.4,163.0,14.74,157.0,310.33,4.21,355.0,990.27,
2014,9,1,11,12.22,76.51,491.0,641.09,153.0,306.98,4.14,359.0,990.76,
2014,9,1,12,11.83,78.62,460.0,264.68,296.0,303.63,4.07,358.0,991.02,
2014,9,1,13,11.43,80.72,469.0,194.74,337.0,300.28,4.0,357.0,991.28,
2014,9,1,14,15.02,56.25,348.0,40.12,320.0,322.65,5.68,356.0,991.54,
2014,9,1,15,15.31,52.91,420.0,120.88,338.0,321.57,5.14,356.0,991.87,
2014,9,1,16,15.59,49.56,311.0,43.5,284.0,320.48,4.59,356.0,992.19,
2014,9,1,17,15.88,46.22,266.0,49.18,240.0,319.4,4.04,356.0,992.52,
2014,9,1,18,14.56,47.58,363.0,572.51,129.0,308.33,3.33,354.0,993.3,
2014,9,1,19,13.24,48.94,221.0,487.12,90.0,297.27,2.63,352.0,994.08,
2014,9,1,20,11.92,50.3,9.0,0.0,9.0,286.2,1.92,350.0,994.86,
2014,9,1,21,10.97,53.91,0.0,0.0,0.0,282.25,2.24,353.0,995.38,
2014,9,1,22,10.02,57.53,0.0,0.0,0.0,278.3,2.57,356.0,995.9,
2014,9,1,23,9.06,61.14,0.0,0.0,0.0,274.35,2.9,360.0,996.42,
2014,9,2,0,8.63,63.16,0.0,0.0,0.0,272.98,2.57,360.0,996.68,
2014,9,2,1,8.19,65.19,0.0,0.0,0.0,271.62,2.24,359.0,996.94,
2014,9,2,2,7.76,67.21,0.0,0.0,0.0,270.25,1.92,359.0,997.2,
2014,9,2,3,7.61,68.48,0.0,0.0,0.0,270.93,1.9,353.0,997.62,
2014,9,2,4,7.45,69.75,0.0,0.0,0.0,271.62,1.89,348.0,998.05,
2014,9,2,5,7.3,71.02,0.0,0.0,0.0,272.3,1.88,342.0,998.47,
2014,9,2,6,7.73,73.62,0.0,0.0,0.0,276.35,1.98,323.0,999.15,
2014,9,2,7,8.16,76.21,0.0,0.0,0.0,280.4,2.09,304.0,999.83,
2014,9,2,8,8.59,78.81,75.0,337.69,37.0,284.45,2.19,284.0,1000.52,
2014,9,2,9,10.43,68.16,223.0,563.16,75.0,288.15,2.04,292.0,1000.48,
2014,9,2,10,12.26,57.51,375.0,685.12,99.0,291.85,1.88,300.0,1000.45,
2014,9,2,11,14.1,46.86,520.0,804.78,99.0,295.55,1.72,308.0,1000.42,
2014,9,2,12,14.91,45.0,603.0,734.45,151.0,293.77,1.71,309.0,1000.06,
2014,9,2,13,15.72,43.13,667.0,743.9,166.0,291.98,1.69,309.0,999.7,
2014,9,2,14,16.53,41.27,643.0,587.04,236.0,290.2,1.67,310.0,999.35,
2014,9,2,15,16.8,41.09,694.0,852.18,120.0,291.22,1.71,309.0,999.09,
2014,9,2,16,17.07,40.91,626.0,826.82,117.0,292.23,1.75,309.0,998.83,
2014,9,2,17,17.34,40.73,510.0,737.51,124.0,293.25,1.79,309.0,998.57,
2014,9,2,18,15.53,47.04,393.0,786.27,76.0,290.37,1.76,314.0,998.89,
2014,9,2,19,13.72,53.36,236.0,661.19,62.0,287.48,1.72,318.0,999.22,
2014,9,2,20,11.91,59.67,9.0,0.0,9.0,284.6,1.68,323.0,999.54,
2014,9,2,21,11.18,62.57,0.0,0.0,0.0,283.43,1.36,320.0,999.67,
2014,9,2,22,10.45,65.48,0.0,0.0,0.0,282.27,1.03,316.0,999.8,
2014,9,2,23,9.72,68.38,0.0,0.0,0.0,281.1,0.7,313.0,999.93,
2014,9,3,0,8.75,73.2,0.0,0.0,0.0,279.8,1.05,306.0,999.93,
2014,9,3,1,7.77,78.02,0.0,0.0,0.0,278.5,1.39,299.0,999.93,
2014,9,3,2,6.79,82.84,0.0,0.0,0.0,277.2,1.74,292.0,999.93,
2014,9,3,3,6.45,84.25,0.0,0.0,0.0,276.0,1.92,296.0,1000.06,
2014,9,3,4,6.12,85.65,0.0,0.0,0.0,274.8,2.11,301.0,1000.19,
2014,9,3,5,5.78,87.06,0.0,0.0,0.0,273.6,2.29,306.0,1000.32,
2014,9,3,6,6.3,86.96,0.0,0.0,0.0,273.48,1.91,303.0,1000.71,
2014,9,3,7,6.82,86.86,0.0,0.0,0.0,273.37,1.54,300.0,1001.1,
2014,9,3,8,7.34,86.76,63.0,221.64,39.0,273.25,1.16,297.0,1001.49,
2014,9,3,9,9.93,75.82,217.0,548.99,75.0,278.23,1.1,294.0,1001.2,
2014,9,3,10,12.53,64.87,369.0,669.61,102.0,283.22,1.04,291.0,1000.91,
2014,9,3,11,15.12,53.93,524.0,847.82,84.0,288.2,0.98,288.0,1000.61,
2014,9,3,12,16.2,50.38,632.0,883.53,92.0,291.8,1.42,286.0,999.96,
2014,9,3,13,17.29,46.84,713.0,958.04,72.0,295.4,1.86,284.0,999.31,
2014,9,3,14,18.37,43.29,738.0,968.49,71.0,299.0,2.3,281.0,998.66,
2014,9,3,15,18.72,42.38,714.0,960.04,72.0,300.3,2.33,284.0,998.21,
2014,9,3,16,19.07,41.46,642.0,930.38,74.0,301.6,2.35,287.0,997.75,
2014,9,3,17,19.42,40.55,530.0,878.35,75.0,302.9,2.37,291.0,997.3,
2014,9,3,18,17.53,46.57,388.0,792.33,73.0,300.22,2.01,301.0,997.26,
2014,9,3,19,15.63,52.6,222.0,579.0,73.0,297.53,1.66,312.0,997.23,
2014,9,3,20,13.73,58.62,8.0,0.0,8.0,294.85,1.3,322.0,997.2,
2014,9,3,21,12.87,62.11,0.0,0.0,0.0,292.95,1.25,340.0,997.13,
2014,9,3,22,12.0,65.59,0.0,0.0,0.0,291.05,1.2,357.0,997.07,
2014,9,3,23,11.13,69.08,0.0,0.0,0.0,289.15,1.14,14.0,997.0,
2014,9,4,0,10.61,71.28,0.0,0.0,0.0,287.88,1.66,14.0,996.71,
2014,9,4,1,10.08,73.47,0.0,0.0,0.0,286.62,2.18,14.0,996.42,
2014,9,4,2,9.56,75.67,0.0,0.0,0.0,285.35,2.7,14.0,996.13,
2014,9,4,3,9.3,77.51,0.0,0.0,0.0,287.13,2.46,18.0,995.96,
2014,9,4,4,9.04,79.35,0.0,0.0,0.0,288.92,2.22,21.0,995.8,
2014,9,4,5,8.78,81.19,0.0,0.0,0.0,290.7,1.97,24.0,995.64,
2014,9,4,6,9.04,83.01,0.0,0.0,0.0,291.37,1.77,18.0,995.64,
2014,9,4,7,9.3,84.84,0.0,0.0,0.0,292.03,1.57,12.0,995.64,
2014,9,4,8,9.55,86.66,52.0,124.98,39.0,292.7,1.37,5.0,995.64,
2014,9,4,9,11.84,77.75,196.0,412.6,91.0,300.05,1.32,37.0,995.44,
2014,9,4,10,14.12,68.84,221.0,98.84,182.0,307.4,1.28,69.0,995.25,
2014,9,4,11,16.41,59.93,334.0,165.11,249.0,314.75,1.24,100.0,995.05,
2014,9,4,12,17.36,54.41,372.0,120.28,299.0,325.08,1.43,147.0,994.34,
2014,9,4,13,18.3,48.89,500.0,272.34,319.0,335.42,1.62,193.0,993.62,
2014,9,4,14,19.25,43.37,564.0,383.02,302.0,345.75,1.81,239.0,992.91,
2014,9,4,15,19.03,44.04,609.0,566.42,233.0,349.85,1.75,242.0,992.62,
2014,9,4,16,18.81,44.71,329.0,67.73,288.0,353.95,1.69,245.0,992.32,
2014,9,4,17,18.59,45.38,263.0,54.62,235.0,358.05,1.63,248.0,992.03,
2014,9,4,18,17.07,52.39,177.0,33.17,164.0,356.78,1.69,234.0,991.77,
2014,9,4,19,15.54,59.39,77.0,3.98,76.0,355.52,1.76,220.0,991.51,
2014,9,4,20,14.01,66.4,7.0,0.0,7.0,354.25,1.82,207.0,991.25,
2014,9,4,21,13.49,66.48,0.0,0.0,0.0,346.65,1.87,201.0,990.76,
2014,9,4,22,12.97,66.55,0.0,0.0,0.0,339.05,1.91,196.0,990.27,
2014,9,4,23,12.44,66.63,0.0,0.0,0.0,331.45,1.96,190.0,989.79,
2014,9,5,0,12.34,64.65,0.0,0.0,0.0,322.93,1.79,186.0,989.2,
2014,9,5,1,12.23,62.66,0.0,0.0,0.0,314.42,1.62,183.0,988.62,
2014,9,5,2,12.13,60.68,0.0,0.0,0.0,305.9,1.45,179.0,988.03,
2014,9,5,3,12.18,60.41,0.0,0.0,0.0,313.33,1.55,178.0,987.67,
2014,9,5,4,12.23,60.14,0.0,0.0,0.0,320.77,1.66,178.0,987.32,
2014,9,5,5,12.28,59.87,0.0,0.0,0.0,328.2,1.77,178.0,986.96,
2014,9,5,6,12.12,66.81,0.0,0.0,0.0,325.07,1.6,165.0,986.57,
2014,9,5,7,11.96,73.76,0.0,0.0,0.0,321.93,1.44,152.0,986.18,
2014,9,5,8,11.79,80.7,66.0,360.99,30.0,318.8,1.28,139.0,985.79,
2014,9,5,9,13.36,72.79,167.0,243.72,106.0,317.93,1.38,137.0,985.53,
2014,9,5,10,14.94,64.87,366.0,701.81,92.0,317.07,1.49,135.0,985.27,
2014,9,5,11,16.51,56.96,320.0,142.98,247.0,316.2,1.59,133.0,985.01,
2014,9,5,12,17.01,54.52,603.0,788.3,128.0,321.0,1.87,78.0,984.72,
2014,9,5,13,17.52,52.09,645.0,710.48,176.0,325.8,2.15,23.0,984.42,
2014,9,5,14,18.02,49.65,587.0,454.87,278.0,330.6,2.43,327.0,984.13,
2014,9,5,15,17.64,52.55,634.0,670.87,192.0,332.63,3.36,331.0,984.29,
2014,9,5,16,17.25,55.46,572.0,663.21,174.0,334.67,4.29,334.0,984.46,
2014,9,5,17,16.87,58.36,445.0,516.66,183.0,336.7,5.21,338.0,984.62,
2014,9,5,18,15.45,67.0,311.0,406.56,154.0,334.85,4.4,340.0,985.11,
2014,9,5,19,14.03,75.64,145.0,146.61,109.0,333.0,3.58,343.0,985.59,
2014,9,5,20,12.6,84.28,7.0,0.0,7.0,331.15,2.76,345.0,986.08,
2014,9,5,21,11.9,86.98,0.0,0.0,0.0,323.42,2.51,342.0,986.18,
2014,9,5,22,11.2,89.68,0.0,0.0,0.0,315.68,2.26,339.0,986.28,
2014,9,5,23,10.5,92.38,0.0,0.0,0.0,307.95,2.01,335.0,986.37,
2014,9,6,0,9.98,92.18,0.0,0.0,0.0,302.2,2.05,329.0,986.21,
2014,9,6,1,9.46,91.97,0.0,0.0,0.0,296.45,2.09,322.0,986.05,
2014,9,6,2,8.94,91.77,0.0,0.0,0.0,290.7,2.12,316.0,985.89,
2014,9,6,3,8.67,90.68,0.0,0.0,0.0,287.53,2.15,307.0,985.79,
2014,9,6,4,8.4,89.59,0.0,0.0,0.0,284.37,2.17,299.0,985.69,
2014,9,6,5,8.13,88.5,0.0,0.0,0.0,281.2,2.19,291.0,985.59,
2014,9,6,6,8.77,87.3,0.0,0.0,0.0,281.67,2.62,282.0,985.53,
2014,9,6,7,9.41,86.09,0.0,0.0,0.0,282.13,3.04,272.0,985.46,
2014,9,6,8,10.05,84.89,61.0,324.88,30.0,282.6,3.46,263.0,985.4,
2014,9,6,9,12.06,76.67,169.0,276.35,101.0,288.13,3.9,263.0,984.98,
2014,9,6,10,14.06,68.45,227.0,121.69,180.0,293.67,4.34,263.0,984.55,
2014,9,6,11,16.07,60.23,244.0,39.5,224.0,299.2,4.77,264.0,984.13,
2014,9,6,12,16.8,56.42,370.0,125.38,295.0,309.17,4.97,267.0,983.51,
2014,9,6,13,17.52,52.6,437.0,167.79,327.0,319.13,5.18,271.0,982.89,
2014,9,6,14,18.25,48.79,407.0,106.74,335.0,329.1,5.38,275.0,982.28,
2014,9,6,15,17.84,53.71,298.0,24.47,282.0,336.25,5.49,279.0,982.21,
2014,9,6,16,17.44,58.64,106.0,0.0,106.0,343.4,5.61,284.0,982.15,
2014,9,6,17,17.03,63.56,168.0,1.99,167.0,350.55,5.72,288.0,982.08,
2014,9,6,18,16.25,66.33,59.0,0.0,59.0,351.37,5.54,291.0,982.41,
2014,9,6,19,15.47,69.1,45.0,0.0,45.0,352.18,5.37,294.0,982.73,
2014,9,6,20,14.68,71.87,6.0,0.0,6.0,353.0,5.19,297.0,983.06,
2014,9,6,21,13.99,74.97,0.0,0.0,0.0,345.07,4.54,299.0,983.28,
2014,9,6,22,13.29,78.07,0.0,0.0,0.0,337.13,3.89,300.0,983.51,
2014,9,6,23,12.59,81.17,0.0,0.0,0.0,329.2,3.24,302.0,983.74,
2014,9,7,0,11.98,82.93,0.0,0.0,0.0,324.35,2.88,301.0,983.84,
2014,9,7,1,11.36,84.69,0.0,0.0,0.0,319.5,2.51,300.0,983.94,
2014,9,7,2,10.74,86.45,0.0,0.0,0.0,314.65,2.15,299.0,984.03,
2014,9,7,3,10.36,87.31,0.0,0.0,0.0,310.87,2.08,296.0,984.2,
2014,9,7,4,9.99,88.17,0.0,0.0,0.0,307.08,2.01,293.0,984.36,
2014,9,7,5,9.61,89.03,0.0,0.0,0.0,303.3,1.94,290.0,984.52,
2014,9,7,6,10.18,86.72,0.0,0.0,0.0,307.13,2.51,290.0,984.68,
2014,9,7,7,10.75,84.41,0.0,0.0,0.0,310.97,3.08,289.0,984.85,
2014,9,7,8,11.32,82.1,13.0,0.0,13.0,314.8,3.64,288.0,985.01,
2014,9,7,9,12.14,72.56,188.0,425.94,85.0,318.75,4.41,293.0,985.04,
2014,9,7,10,12.97,63.02,314.0,447.67,143.0,322.7,5.18,298.0,985.07,
2014,9,7,11,13.79,53.48,387.0,324.69,224.0,326.65,5.94,303.0,985.11,
2014,9,7,12,14.47,48.23,590.0,769.66,133.0,319.35,6.04,304.0,985.04,
2014,9,7,13,15.14,42.99,643.0,737.37,163.0,312.05,6.13,305.0,984.98,
2014,9,7,14,15.82,37.74,574.0,441.98,278.0,304.75,6.22,306.0,984.91,
2014,9,7,15,15.71,37.54,667.0,843.16,120.0,299.65,6.39,307.0,985.11,
2014,9,7,16,15.61,37.34,469.0,346.06,265.0,294.55,6.56,309.0,985.3,
2014,9,7,17,15.5,37.14,325.0,169.37,241.0,289.45,6.73,311.0,985.5,
2014,9,7,18,14.17,40.16,302.0,411.14,148.0,284.93,5.69,312.0,986.21,
2014,9,7,19,12.84,43.17,163.0,282.59,97.0,280.42,4.65,314.0,986.93,
2014,9,7,20,11.51,46.19,6.0,0.0,6.0,275.9,3.61,316.0,987.64,
2014,9,7,21,10.79,49.06,0.0,0.0,0.0,274.43,3.37,317.0,988.0,
2014,9,7,22,10.07,51.94,0.0,0.0,0.0,272.97,3.14,318.0,988.36,
2014,9,7,23,9.34,54.81,0.0,0.0,0.0,271.5,2.9,319.0,988.71,
2014,9,8,0,8.74,57.5,0.0,0.0,0.0,269.8,2.8,316.0,988.88,
2014,9,8,1,8.13,60.19,0.0,0.0,0.0,268.1,2.7,314.0,989.04,
2014,9,8,2,7.53,62.88,0.0,0.0,0.0,266.4,2.61,312.0,989.2,
2014,9,8,3,7.2,64.73,0.0,0.0,0.0,264.75,2.91,310.0,989.46,
2014,9,8,4,6.87,66.58,0.0,0.0,0.0,263.1,3.22,309.0,989.72,
2014,9,8,5,6.54,68.43,0.0,0.0,0.0,261.45,3.53,307.0,989.98,
2014,9,8,6,6.79,69.61,0.0,0.0,0.0,261.88,3.67,309.0,990.4,
2014,9,8,7,7.04,70.79,0.0,0.0,0.0,262.32,3.82,310.0,990.83,
2014,9,8,8,7.29,71.97,52.0,265.12,29.0,262.75,3.96,312.0,991.25,
2014,9,8,9,8.13,65.94,197.0,534.64,70.0,267.32,4.44,317.0,991.41,
2014,9,8,10,8.96,59.9,348.0,667.19,96.0,271.88,4.92,322.0,991.58,
2014,9,8,11,9.8,53.87,495.0,805.74,94.0,276.45,5.41,327.0,991.74,
2014,9,8,12,10.59,49.56,601.0,843.38,104.0,279.32,5.8,326.0,991.61,
2014,9,8,13,11.39,45.26,656.0,810.75,132.0,282.18,6.2,325.0,991.48,
2014,9,8,14,12.18,40.95,637.0,658.8,199.0,285.05,6.59,324.0,991.35,
2014,9,8,15,12.35,39.44,332.0,49.72,300.0,284.3,6.23,325.0,991.51,
2014,9,8,16,12.52,37.92,144.0,0.0,144.0,283.55,5.88,326.0,991.67,
2014,9,8,17,12.69,36.41,118.0,0.0,118.0,282.8,5.52,326.0,991.84,
2014,9,8,18,11.49,39.07,229.0,149.18,174.0,277.33,4.53,328.0,992.29,
2014,9,8,19,10.29,41.74,88.0,17.58,84.0,271.87,3.54,330.0,992.75,
2014,9,8,20,9.09,44.4,5.0,0.0,5.0,266.4,2.55,332.0,993.2,
2014,9,8,21,8.38,47.28,0.0,0.0,0.0,263.43,2.57,332.0,993.66,
2014,9,8,22,7.67,50.17,0.0,0.0,0.0,260.47,2.59,333.0,994.11,
2014,9,8,23,6.96,53.05,0.0,0.0,0.0,257.5,2.61,333.0,994.57,
2014,9,9,0,6.69,54.6,0.0,0.0,0.0,257.67,2.57,332.0,994.76,
2014,9,9,1,6.42,56.15,0.0,0.0,0.0,257.83,2.52,330.0,994.96,
2014,9,9,2,6.15,57.7,0.0,0.0,0.0,258.0,2.48,329.0,995.15,
2014,9,9,3,6.01,58.93,0.0,0.0,0.0,261.6,2.4,328.0,995.28,
2014,9,9,4,5.88,60.16,0.0,0.0,0.0,265.2,2.33,326.0,995.41,
2014,9,9,5,5.74,61.39,0.0,0.0,0.0,268.8,2.25,324.0,995.54,
2014,9,9,6,5.37,67.29,0.0,0.0,0.0,264.43,2.39,321.0,996.0,
2014,9,9,7,5.0,73.18,0.0,0.0,0.0,260.07,2.53,319.0,996.45,
2014,9,9,8,4.63,79.08,23.0,12.14,22.0,255.7,2.68,316.0,996.91,
2014,9,9,9,6.49,68.92,153.0,235.8,98.0,259.1,2.77,323.0,996.97,
2014,9,9,10,8.36,58.75,294.0,388.32,149.0,262.5,2.87,329.0,997.04,
2014,9,9,11,10.22,48.59,472.0,705.45,124.0,265.9,2.97,336.0,997.1,
2014,9,9,12,11.13,46.14,525.0,542.08,208.0,272.08,3.31,333.0,996.58,
2014,9,9,13,12.05,43.69,560.0,478.48,253.0,278.27,3.66,329.0,996.06,
2014,9,9,14,12.96,41.24,691.0,897.08,99.0,284.45,4.01,326.0,995.54,
2014,9,9,15,13.34,42.08,641.0,778.46,144.0,283.47,4.07,322.0,995.22,
2014,9,9,16,13.73,42.91,578.0,782.85,125.0,282.48,4.13,318.0,994.89,
2014,9,9,17,14.11,43.75,470.0,732.52,115.0,281.5,4.19,314.0,994.57,
2014,9,9,18,13.14,47.44,237.0,187.44,169.0,279.33,3.41,307.0,994.76,
2014,9,9,19,12.17,51.13,155.0,289.08,91.0,277.17,2.63,301.0,994.96,
2014,9,9,20,11.19,54.82,5.0,0.0,5.0,275.0,1.85,295.0,995.15,
2014,9,9,21,10.7,59.82,0.0,0.0,0.0,280.48,2.29,295.0,995.18,
2014,9,9,22,10.21,64.82,0.0,0.0,0.0,285.97,2.74,295.0,995.22,
2014,9,9,23,9.72,69.82,0.0,0.0,0.0,291.45,3.19,295.0,995.25,
2014,9,10,0,9.35,72.36,0.0,0.0,0.0,294.47,3.37,298.0,995.18,
2014,9,10,1,8.97,74.89,0.0,0.0,0.0,297.48,3.54,301.0,995.12,
2014,9,10,2,8.6,77.43,0.0,0.0,0.0,300.5,3.72,304.0,995.05,
2014,9,10,3,8.54,79.04,0.0,0.0,0.0,298.55,3.43,310.0,995.25,
2014,9,10,4,8.48,80.64,0.0,0.0,0.0,296.6,3.14,316.0,995.44,
2014,9,10,5,8.42,82.25,0.0,0.0,0.0,294.65,2.84,322.0,995.64,
2014,9,10,6,8.52,83.79,0.0,0.0,0.0,293.92,3.24,325.0,996.32,
2014,9,10,7,8.62,85.32,0.0,0.0,0.0,293.18,3.64,327.0,997.0,
2014,9,10,8,8.72,86.86,42.0,192.27,27.0,292.45,4.04,330.0,997.69,
2014,9,10,9,9.26,81.51,186.0,506.72,70.0,300.9,4.14,333.0,998.05,
2014,9,10,10,9.8,76.15,337.0,650.29,97.0,309.35,4.24,336.0,998.4,
2014,9,10,11,10.34,70.8,196.0,12.27,190.0,317.8,4.34,338.0,998.76,
2014,9,10,12,11.2,63.01,345.0,105.13,284.0,311.5,4.17,340.0,998.66,
2014,9,10,13,12.07,55.21,272.0,15.7,262.0,305.2,4.0,341.0,998.57,
2014,9,10,14,12.93,47.42,571.0,471.8,262.0,298.9,3.82,343.0,998.47,
2014,9,10,15,13.06,46.69,542.0,445.35,260.0,295.53,3.79,344.0,998.63,
2014,9,10,16,13.2,45.95,502.0,495.5,218.0,292.17,3.77,346.0,998.79,
2014,9,10,17,13.33,45.22,423.0,528.31,170.0,288.8,3.74,348.0,998.96,
2014,9,10,18,11.78,48.86,332.0,686.64,87.0,281.43,3.37,349.0,999.44,
2014,9,10,19,10.23,52.49,171.0,455.28,73.0,274.07,3.01,350.0,999.93,
2014,9,10,20,8.67,56.13,4.0,0.0,4.0,266.7,2.65,351.0,1000.42,
2014,9,10,21,7.67,60.9,0.0,0.0,0.0,264.57,2.72,354.0,1000.78,
2014,9,10,22,6.67,65.67,0.0,0.0,0.0,262.43,2.79,357.0,1001.13,
2014,9,10,23,5.67,70.44,0.0,0.0,0.0,260.3,2.86,1.0,1001.49,
2014,9,11,0,5.06,73.68,0.0,0.0,0.0,259.08,2.79,354.0,1001.75,
2014,9,11,1,4.45,76.91,0.0,0.0,0.0,257.87,2.73,347.0,1002.01,
2014,9,11,2,3.84,80.15,0.0,0.0,0.0,256.65,2.66,340.0,1002.27,
2014,9,11,3,3.44,82.47,0.0,0.0,0.0,256.12,2.46,327.0,1002.53,
2014,9,11,4,3.04,84.8,0.0,0.0,0.0,255.58,2.26,314.0,1002.79,
2014,9,11,5,2.64,87.12,0.0,0.0,0.0,255.05,2.06,300.0,1003.05,
2014,9,11,6,3.31,86.36,0.0,0.0,0.0,255.9,2.23,291.0,1003.38,
2014,9,11,7,3.98,85.59,0.0,0.0,0.0,256.75,2.41,282.0,1003.7,
2014,9,11,8,4.65,84.83,43.0,271.66,23.0,257.6,2.59,272.0,1004.03,
2014,9,11,9,7.52,75.16,180.0,485.35,71.0,263.48,2.55,276.0,1003.96,
2014,9,11,10,10.4,65.48,331.0,636.13,99.0,269.37,2.51,279.0,1003.9,
2014,9,11,11,13.27,55.81,478.0,784.41,98.0,275.25,2.47,283.0,1003.83,
2014,9,11,12,14.46,53.21,583.0,823.43,109.0,279.1,2.47,285.0,1003.31,
2014,9,11,13,15.64,50.6,670.0,942.92,74.0,282.95,2.48,287.0,1002.79,
2014,9,11,14,16.83,48.0,687.0,926.28,85.0,286.8,2.48,290.0,1002.27,
2014,9,11,15,17.18,47.55,654.0,883.87,99.0,290.87,2.61,291.0,1002.08,
2014,9,11,16,17.53,47.11,591.0,900.26,80.0,294.93,2.73,293.0,1001.88,
2014,9,11,17,17.88,46.66,462.0,754.61,105.0,299.0,2.86,294.0,1001.69,
2014,9,11,18,16.11,52.38,331.0,721.2,78.0,295.93,2.75,285.0,1001.75,
2014,9,11,19,14.34,58.11,171.0,506.99,65.0,292.87,2.64,275.0,1001.82,
2014,9,11,20,12.57,63.83,4.0,0.0,4.0,289.8,2.54,265.0,1001.88,
2014,9,11,21,11.89,66.93,0.0,0.0,0.0,288.88,2.46,268.0,1001.98,
2014,9,11,22,11.2,70.02,0.0,0.0,0.0,287.97,2.37,271.0,1002.08,
2014,9,11,23,10.51,73.12,0.0,0.0,0.0,287.05,2.29,274.0,1002.17,
2014,9,12,0,10.08,75.26,0.0,0.0,0.0,286.13,2.33,276.0,1002.08,
2014,9,12,1,9.65,77.4,0.0,0.0,0.0,285.22,2.37,278.0,1001.98,
2014,9,12,2,9.22,79.54,0.0,0.0,0.0,284.3,2.41,281.0,1001.88,
2014,9,12,3,8.96,81.1,0.0,0.0,0.0,283.48,2.31,281.0,1001.85,
2014,9,12,4,8.71,82.66,0.0,0.0,0.0,282.67,2.21,282.0,1001.82,
2014,9,12,5,8.45,84.22,0.0,0.0,0.0,281.85,2.11,283.0,1001.78,
2014,9,12,6,8.91,84.46,0.0,0.0,0.0,281.0,2.42,282.0,1002.01,
2014,9,12,7,9.37,84.69,0.0,0.0,0.0,280.15,2.73,282.0,1002.24,
2014,9,12,8,9.83,84.93,39.0,245.63,22.0,279.3,3.03,281.0,1002.47,
2014,9,12,9,12.32,75.6,183.0,544.93,63.0,284.2,3.26,284.0,1002.21,
2014,9,12,10,14.82,66.28,326.0,632.79,98.0,289.1,3.48,287.0,1001.95,
2014,9,12,11,17.31,56.95,470.0,768.82,101.0,294.0,3.7,290.0,1001.69,
2014,9,12,12,18.16,51.75,578.0,821.37,109.0,299.65,3.87,294.0,1001.13,
2014,9,12,13,19.0,46.55,561.0,521.33,234.0,305.3,4.05,297.0,1000.58,
2014,9,12,14,19.85,41.35,496.0,296.2,305.0,310.95,4.22,300.0,1000.03,
2014,9,12,15,19.86,41.33,369.0,99.58,307.0,312.17,4.18,302.0,999.77,
2014,9,12,16,19.87,41.32,516.0,587.17,186.0,313.38,4.15,303.0,999.51,
2014,9,12,17,19.88,41.3,348.0,286.78,214.0,314.6,4.11,305.0,999.25,
2014,9,12,18,18.38,45.35,286.0,464.1,126.0,311.97,3.81,303.0,999.35,
2014,9,12,19,16.88,49.41,155.0,399.28,74.0,309.33,3.5,302.0,999.44,
2014,9,12,20,15.38,53.46,3.0,0.0,3.0,306.7,3.2,300.0,999.54,
2014,9,12,21,14.43,57.74,0.0,0.0,0.0,304.32,2.97,299.0,999.57,
2014,9,12,22,13.48,62.02,0.0,0.0,0.0,301.93,2.74,297.0,999.61,
2014,9,12,23,12.52,66.3,0.0,0.0,0.0,299.55,2.51,296.0,999.64,
2014,9,13,0,11.92,69.27,0.0,0.0,0.0,297.7,2.48,295.0,999.41,
2014,9,13,1,11.31,72.25,0.0,0.0,0.0,295.85,2.45,294.0,999.18,
2014,9,13,2,10.7,75.22,0.0,0.0,0.0,294.0,2.41,293.0,998.96,
2014,9,13,3,10.34,77.17,0.0,0.0,0.0,292.3,2.37,292.0,998.89,
2014,9,13,4,9.99,79.12,0.0,0.0,0.0,290.6,2.32,290.0,998.83,
2014,9,13,5,9.63,81.07,0.0,0.0,0.0,288.9,2.28,288.0,998.76,
2014,9,13,6,9.81,82.88,0.0,0.0,0.0,288.17,2.46,285.0,998.83,
2014,9,13,7,9.99,84.69,0.0,0.0,0.0,287.43,2.63,282.0,998.89,
2014,9,13,8,10.16,86.5,34.0,200.67,21.0,286.7,2.81,279.0,998.96,
2014,9,13,9,12.85,76.63,176.0,523.59,63.0,292.1,2.73,279.0,998.7,
2014,9,13,10,15.54,66.76,327.0,665.95,90.0,297.5,2.65,280.0,998.44,
2014,9,13,11,18.23,56.89,465.0,765.62,101.0,302.9,2.57,281.0,998.18,
2014,9,13,12,18.93,52.23,569.0,803.43,114.0,311.08,2.68,282.0,997.62,
2014,9,13,13,19.63,47.56,630.0,801.8,131.0,319.27,2.79,284.0,997.07,
2014,9,13,14,20.33,42.9,668.0,889.47,99.0,327.45,2.9,286.0,996.52,
2014,9,13,15,20.23,42.84,628.0,816.58,124.0,332.15,2.78,283.0,996.03,
2014,9,13,16,20.13,42.77,498.0,535.6,200.0,336.85,2.67,280.0,995.54,
2014,9,13,17,20.03,42.71,405.0,522.34,164.0,341.55,2.55,277.0,995.05,
2014,9,13,18,18.46,46.85,202.0,129.92,158.0,336.53,2.53,275.0,994.86,
2014,9,13,19,16.88,50.98,97.0,76.29,82.0,331.52,2.51,272.0,994.66,
2014,9,13,20,15.3,55.12,3.0,0.0,3.0,326.5,2.5,270.0,994.47,
2014,9,13,21,14.77,57.69,0.0,0.0,0.0,328.27,2.32,273.0,994.24,
2014,9,13,22,14.23,60.27,0.0,0.0,0.0,330.03,2.15,275.0,994.01,
2014,9,13,23,13.69,62.84,0.0,0.0,0.0,331.8,1.97,278.0,993.79,
2014,9,14,0,13.33,64.63,0.0,0.0,0.0,332.9,2.03,278.0,993.36,
2014,9,14,1,12.97,66.43,0.0,0.0,0.0,334.0,2.09,278.0,992.94,
2014,9,14,2,12.61,68.22,0.0,0.0,0.0,335.1,2.15,277.0,992.52,
2014,9,14,3,12.24,69.88,0.0,0.0,0.0,331.45,2.19,279.0,992.29,
2014,9,14,4,11.86,71.54,0.0,0.0,0.0,327.8,2.23,280.0,992.06,
2014,9,14,5,11.49,73.2,0.0,0.0,0.0,324.15,2.26,282.0,991.84,
2014,9,14,6,11.81,73.73,0.0,0.0,0.0,321.17,2.45,283.0,991.8,
2014,9,14,7,12.12,74.27,0.0,0.0,0.0,318.18,2.63,284.0,991.77,
2014,9,14,8,12.43,74.8,25.0,82.86,20.0,315.2,2.81,285.0,991.74,
2014,9,14,9,14.33,67.46,171.0,506.14,64.0,315.82,2.67,290.0,991.51,
2014,9,14,10,16.24,60.12,306.0,557.72,110.0,316.43,2.52,296.0,991.28,
2014,9,14,11,18.14,52.78,433.0,618.0,142.0,317.05,2.37,301.0,991.06,
2014,9,14,12,18.17,54.04,302.0,65.88,265.0,320.95,2.76,306.0,990.93,
2014,9,14,13,18.19,55.3,576.0,605.74,202.0,324.85,3.15,311.0,990.8,
2014,9,14,14,18.22,56.56,399.0,127.65,318.0,328.75,3.54,316.0,990.66,
2014,9,14,15,17.52,61.77,103.0,0.0,103.0,335.4,3.89,326.0,990.99,
2014,9,14,16,16.81,66.99,526.0,671.87,156.0,342.05,4.23,337.0,991.32,
2014,9,14,17,16.11,72.2,292.0,158.08,220.0,348.7,4.58,347.0,991.64,
2014,9,14,18,14.69,76.8,138.0,21.05,131.0,342.52,4.62,359.0,992.49,
2014,9,14,19,13.27,81.4,81.0,36.77,74.0,336.33,4.66,10.0,993.33,
2014,9,14,20,11.85,86.0,2.0,0.0,2.0,330.15,4.7,22.0,994.18,
2014,9,14,21,10.96,86.62,0.0,0.0,0.0,326.33,4.46,25.0,994.76,
2014,9,14,22,10.06,87.24,0.0,0.0,0.0,322.52,4.23,29.0,995.35,
2014,9,14,23,9.16,87.86,0.0,0.0,0.0,318.7,3.99,32.0,995.93,
2014,9,15,0,8.55,85.43,0.0,0.0,0.0,325.72,3.52,34.0,996.16,
2014,9,15,1,7.93,83.0,0.0,0.0,0.0,332.73,3.06,35.0,996.39,
2014,9,15,2,7.31,80.57,0.0,0.0,0.0,339.75,2.59,36.0,996.61,
2014,9,15,3,6.86,79.45,0.0,0.0,0.0,336.5,2.33,36.0,996.78,
2014,9,15,4,6.41,78.34,0.0,0.0,0.0,333.25,2.06,36.0,996.94,
2014,9,15,5,5.96,77.22,0.0,0.0,0.0,330.0,1.79,35.0,997.1,
2014,9,15,6,5.93,77.64,0.0,0.0,0.0,326.72,1.74,38.0,997.3,
2014,9,15,7,5.9,78.06,0.0,0.0,0.0,323.43,1.69,42.0,997.49,
2014,9,15,8,5.86,78.48,26.0,125.27,19.0,320.15,1.64,45.0,997.69,
2014,9,15,9,6.86,72.96,135.0,241.59,85.0,314.08,1.41,48.0,997.33,
2014,9,15,10,7.87,67.43,209.0,141.23,160.0,308.02,1.17,52.0,996.97,
2014,9,15,11,8.87,61.91,203.0,23.59,192.0,301.95,0.94,56.0,996.61,
2014,9,15,12,10.17,57.51,209.0,7.18,205.0,290.9,0.94,1.0,995.9,
2014,9,15,13,11.47,53.12,267.0,17.96,256.0,279.85,0.94,307.0,995.18,
2014,9,15,14,12.77,48.72,200.0,0.0,200.0,268.8,0.94,252.0,994.47,
2014,9,15,15,13.3,48.94,466.0,298.53,285.0,270.1,1.64,251.0,993.62,
2014,9,15,16,13.84,49.17,490.0,544.97,193.0,271.4,2.34,250.0,992.78,
2014,9,15,17,14.37,49.39,293.0,169.07,217.0,272.7,3.03,249.0,991.93,
2014,9,15,18,13.14,54.47,193.0,128.68,151.0,274.45,2.86,233.0,991.38,
2014,9,15,19,11.91,59.56,105.0,141.26,79.0,276.2,2.69,216.0,990.83,
2014,9,15,20,10.68,64.64,0.0,0.0,0.0,277.95,2.51,199.0,990.27,
2014,9,15,21,10.44,67.06,0.0,0.0,0.0,283.95,2.49,202.0,989.69,
2014,9,15,22,10.2,69.47,0.0,0.0,0.0,289.95,2.46,204.0,989.1,
2014,9,15,23,9.96,71.89,0.0,0.0,0.0,295.95,2.44,207.0,988.52,
2014,9,16,0,9.54,75.42,0.0,0.0,0.0,301.95,2.4,216.0,988.03,
2014,9,16,1,9.12,78.95,0.0,0.0,0.0,307.95,2.35,226.0,987.54,
2014,9,16,2,8.7,82.48,0.0,0.0,0.0,313.95,2.3,235.0,987.06,
2014,9,16,3,8.34,84.71,0.0,0.0,0.0,314.22,2.14,244.0,986.63,
2014,9,16,4,7.97,86.95,0.0,0.0,0.0,314.48,1.97,253.0,986.21,
2014,9,16,5,7.61,89.18,0.0,0.0,0.0,314.75,1.81,262.0,985.79,
2014,9,16,6,7.94,88.54,0.0,0.0,0.0,309.2,2.03,261.0,985.4,
2014,9,16,7,8.27,87.9,0.0,0.0,0.0,303.65,2.26,261.0,985.01,
2014,9,16,8,8.6,87.26,21.0,97.26,16.0,298.1,2.48,260.0,984.62,
2014,9,16,9,10.22,79.4,100.0,79.01,84.0,301.52,2.97,264.0,984.16,
2014,9,16,10,11.85,71.53,252.0,309.55,146.0,304.93,3.45,268.0,983.71,
2014,9,16,11,13.47,63.67,428.0,639.01,133.0,308.35,3.93,272.0,983.25,
2014,9,16,12,13.68,63.03,85.0,0.0,85.0,318.33,3.87,273.0,982.73,
2014,9,16,13,13.9,62.39,315.0,52.68,283.0,328.32,3.81,274.0,982.21,
2014,9,16,14,14.11,61.75,67.0,0.0,67.0,338.3,3.75,276.0,981.69,
2014,9,16,15,13.59,65.54,54.0,0.0,54.0,337.7,3.14,283.0,981.4,
2014,9,16,16,13.08,69.33,81.0,0.0,81.0,337.1,2.53,290.0,981.11,
2014,9,16,17,12.56,73.12,49.0,0.0,49.0,336.5,1.92,297.0,980.81,
2014,9,16,18,11.47,78.44,44.0,0.0,44.0,336.97,2.49,309.0,980.62,
2014,9,16,19,10.37,83.76,28.0,0.0,28.0,337.43,3.06,321.0,980.42,
2014,9,16,20,9.27,89.08,0.0,0.0,0.0,337.9,3.63,333.0,980.23,
2014,9,16,21,8.73,89.98,0.0,0.0,0.0,341.18,3.54,335.0,980.1,
2014,9,16,22,8.19,90.89,0.0,0.0,0.0,344.47,3.44,337.0,979.97,
2014,9,16,23,7.65,91.79,0.0,0.0,0.0,347.75,3.35,339.0,979.84,
2014,9,17,0,7.09,91.83,0.0,0.0,0.0,343.3,2.97,338.0,979.81,
2014,9,17,1,6.53,91.88,0.0,0.0,0.0,338.85,2.58,337.0,979.77,
2014,9,17,2,5.97,91.92,0.0,0.0,0.0,334.4,2.19,337.0,979.74,
2014,9,17,3,5.53,92.53,0.0,0.0,0.0,325.35,2.16,335.0,979.9,
2014,9,17,4,5.09,93.13,0.0,0.0,0.0,316.3,2.12,333.0,980.07,
2014,9,17,5,4.65,93.74,0.0,0.0,0.0,307.25,2.08,331.0,980.23,
2014,9,17,6,4.53,94.8,0.0,0.0,0.0,314.65,2.72,337.0,980.52,
2014,9,17,7,4.4,95.85,0.0,0.0,0.0,322.05,3.36,343.0,980.81,
2014,9,17,8,4.27,96.91,13.0,21.31,12.0,329.45,4.0,348.0,981.11,
2014,9,17,9,4.43,94.34,31.0,0.0,31.0,327.43,4.51,348.0,981.72,
2014,9,17,10,4.58,91.76,150.0,32.55,139.0,325.42,5.03,348.0,982.34,
2014,9,17,11,4.74,89.19,208.0,30.64,194.0,323.4,5.54,348.0,982.96,
2014,9,17,12,5.68,78.39,81.0,0.0,81.0,315.27,5.74,344.0,983.15,
2014,9,17,13,6.61,67.6,476.0,332.01,276.0,307.13,5.93,340.0,983.35,
2014,9,17,14,7.55,56.8,96.0,0.0,96.0,299.0,6.12,336.0,983.54,
2014,9,17,15,7.76,55.18,105.0,0.0,105.0,297.08,5.62,333.0,983.74,
2014,9,17,16,7.98,53.56,312.0,99.36,259.0,295.17,5.12,329.0,983.94,
2014,9,17,17,8.19,51.94,194.0,25.14,183.0,293.25,4.62,325.0,984.13,
2014,9,17,18,7.07,54.44,286.0,652.84,81.0,280.63,4.07,322.0,984.52,
2014,9,17,19,5.94,56.93,81.0,64.18,70.0,268.02,3.52,320.0,984.91,
2014,9,17,20,4.81,59.43,0.0,0.0,0.0,255.4,2.97,318.0,985.3,
2014,9,17,21,4.61,61.19,0.0,0.0,0.0,254.03,2.97,320.0,985.56,
2014,9,17,22,4.41,62.94,0.0,0.0,0.0,252.67,2.97,323.0,985.82,
2014,9,17,23,4.2,64.7,0.0,0.0,0.0,251.3,2.98,326.0,986.08,
2014,9,18,0,4.1,65.34,0.0,0.0,0.0,263.23,2.88,326.0,986.02,
2014,9,18,1,3.99,65.98,0.0,0.0,0.0,275.17,2.78,326.0,985.95,
2014,9,18,2,3.88,66.62,0.0,0.0,0.0,287.1,2.68,326.0,985.89,
2014,9,18,3,3.78,67.37,0.0,0.0,0.0,293.7,2.88,325.0,985.98,
2014,9,18,4,3.69,68.13,0.0,0.0,0.0,300.3,3.09,324.0,986.08,
2014,9,18,5,3.59,68.88,0.0,0.0,0.0,306.9,3.3,322.0,986.18,
2014,9,18,6,3.51,70.58,0.0,0.0,0.0,308.45,3.45,321.0,986.37,
2014,9,18,7,3.42,72.29,0.0,0.0,0.0,310.0,3.61,319.0,986.57,
2014,9,18,8,3.33,73.99,9.0,0.0,9.0,311.55,3.77,318.0,986.76,
2014,9,18,9,3.7,70.23,119.0,191.2,82.0,309.78,4.63,320.0,987.12,
2014,9,18,10,4.07,66.48,225.0,222.01,151.0,308.02,5.49,321.0,987.48,
2014,9,18,11,4.44,62.72,168.0,6.63,165.0,306.25,6.34,323.0,987.84,
2014,9,18,12,5.16,57.33,82.0,0.0,82.0,297.35,6.32,322.0,987.97,
2014,9,18,13,5.89,51.94,283.0,31.81,264.0,288.45,6.3,321.0,988.1,
2014,9,18,14,6.61,46.55,107.0,0.0,107.0,279.55,6.28,320.0,988.23,
2014,9,18,15,6.8,44.73,169.0,0.0,169.0,280.72,6.63,318.0,988.42,
2014,9,18,16,7.0,42.9,103.0,0.0,103.0,281.88,6.98,317.0,988.62,
2014,9,18,17,7.19,41.08,122.0,0.0,122.0,283.05,7.34,316.0,988.81,
2014,9,18,18,6.34,42.66,114.0,9.75,111.0,275.17,6.74,313.0,989.56,
2014,9,18,19,5.49,44.25,66.0,30.3,61.0,267.28,6.15,310.0,990.31,
2014,9,18,20,4.63,45.83,0.0,0.0,0.0,259.4,5.56,307.0,991.06,
2014,9,18,21,4.14,47.9,0.0,0.0,0.0,256.98,5.27,306.0,991.74,
2014,9,18,22,3.65,49.97,0.0,0.0,0.0,254.57,4.99,304.0,992.42,
2014,9,18,23,3.16,52.04,0.0,0.0,0.0,252.15,4.7,302.0,993.1,
2014,9,19,0,2.94,52.83,0.0,0.0,0.0,251.07,4.73,300.0,993.27,
2014,9,19,1,2.72,53.62,0.0,0.0,0.0,249.98,4.76,298.0,993.43,
2014,9,19,2,2.5,54.41,0.0,0.0,0.0,248.9,4.79,296.0,993.59,
2014,9,19,3,2.67,55.06,0.0,0.0,0.0,252.68,5.0,295.0,993.85,
2014,9,19,4,2.84,55.72,0.0,0.0,0.0,256.47,5.22,294.0,994.11,
2014,9,19,5,3.01,56.37,0.0,0.0,0.0,260.25,5.43,293.0,994.37,
2014,9,19,6,3.56,58.85,0.0,0.0,0.0,264.23,5.24,294.0,994.83,
2014,9,19,7,4.1,61.32,0.0,0.0,0.0,268.22,5.04,295.0,995.28,
2014,9,19,8,4.64,63.8,0.0,0.0,0.0,272.2,4.84,296.0,995.74,
2014,9,19,9,5.77,61.56,99.0,105.82,79.0,282.78,5.28,302.0,996.13,
2014,9,19,10,6.9,59.32,228.0,246.41,147.0,293.37,5.72,309.0,996.52,
2014,9,19,11,8.03,57.08,428.0,710.51,110.0,303.95,6.17,316.0,996.91,
2014,9,19,12,8.96,54.86,520.0,707.09,140.0,305.12,6.51,313.0,996.94,
2014,9,19,13,9.89,52.65,603.0,820.73,117.0,306.28,6.86,310.0,996.97,
2014,9,19,14,10.82,50.43,592.0,697.31,168.0,307.45,7.2,307.0,997.0,
2014,9,19,15,11.16,50.38,500.0,445.19,240.0,308.37,6.91,304.0,997.1,
2014,9,19,16,11.51,50.33,361.0,205.09,254.0,309.28,6.63,301.0,997.2,
2014,9,19,17,11.85,50.28,250.0,110.5,203.0,310.2,6.34,298.0,997.3,
2014,9,19,18,11.12,53.35,114.0,13.27,110.0,305.58,5.69,293.0,997.79,
2014,9,19,19,10.39,56.42,88.0,132.36,67.0,300.97,5.04,287.0,998.27,
2014,9,19,20,9.65,59.49,0.0,0.0,0.0,296.35,4.39,282.0,998.76,
2014,9,19,21,9.2,61.74,0.0,0.0,0.0,292.47,4.26,281.0,998.96,
2014,9,19,22,8.75,64.0,0.0,0.0,0.0,288.58,4.13,280.0,999.15,
2014,9,19,23,8.3,66.25,0.0,0.0,0.0,284.7,4.0,280.0,999.35,
2014,9,20,0,7.94,68.08,0.0,0.0,0.0,280.5,3.82,277.0,999.09,
2014,9,20,1,7.58,69.9,0.0,0.0,0.0,276.3,3.64,274.0,998.83,
2014,9,20,2,7.22,71.73,0.0,0.0,0.0,272.1,3.46,272.0,998.57,
2014,9,20,3,6.99,73.2,0.0,0.0,0.0,269.92,3.5,270.0,998.5,
2014,9,20,4,6.77,74.68,0.0,0.0,0.0,267.73,3.54,267.0,998.44,
2014,9,20,5,6.54,76.15,0.0,0.0,0.0,265.55,3.59,265.0,998.37,
2014,9,20,6,6.67,77.23,0.0,0.0,0.0,264.58,3.82,265.0,998.6,
2014,9,20,7,6.8,78.31,0.0,0.0,0.0,263.62,4.05,265.0,998.83,
2014,9,20,8,6.93,79.39,0.0,0.0,0.0,262.65,4.28,265.0,999.05,
2014,9,20,9,8.67,72.98,137.0,395.78,64.0,266.47,4.36,269.0,998.76,
2014,9,20,10,10.4,66.56,269.0,478.25,114.0,270.28,4.45,274.0,998.47,
2014,9,20,11,12.14,60.15,256.0,103.88,210.0,274.1,4.54,278.0,998.18,
2014,9,20,12,13.06,56.44,193.0,5.63,190.0,280.23,4.82,284.0,997.62,
2014,9,20,13,13.99,52.72,124.0,0.0,124.0,286.37,5.1,289.0,997.07,
2014,9,20,14,14.91,49.01,108.0,0.0,108.0,292.5,5.38,295.0,996.52,
2014,9,20,15,14.92,48.73,356.0,119.3,287.0,302.48,4.53,294.0,996.35,
2014,9,20,16,14.93,48.46,231.0,23.26,219.0,312.47,3.68,293.0,996.19,
2014,9,20,17,14.94,48.18,96.0,0.0,96.0,322.45,2.83,292.0,996.03,
2014,9,20,18,13.71,51.74,169.0,115.16,135.0,322.5,2.56,288.0,996.26,
2014,9,20,19,12.48,55.29,73.0,72.24,62.0,322.55,2.29,283.0,996.48,
2014,9,20,20,11.24,58.85,0.0,0.0,0.0,322.6,2.01,278.0,996.71,
2014,9,20,21,10.48,62.03,0.0,0.0,0.0,311.88,2.04,280.0,996.87,
2014,9,20,22,9.71,65.21,0.0,0.0,0.0,301.17,2.06,282.0,997.04,
2014,9,20,23,8.94,68.39,0.0,0.0,0.0,290.45,2.08,284.0,997.2,
2014,9,21,0,8.38,70.58,0.0,0.0,0.0,288.1,2.05,284.0,997.1,
2014,9,21,1,7.82,72.78,0.0,0.0,0.0,285.75,2.01,284.0,997.0,
2014,9,21,2,7.26,74.97,0.0,0.0,0.0,283.4,1.97,284.0,996.91,
2014,9,21,3,6.78,77.02,0.0,0.0,0.0,279.98,2.02,282.0,996.87,
2014,9,21,4,6.29,79.08,0.0,0.0,0.0,276.57,2.07,279.0,996.84,
2014,9,21,5,5.81,81.13,0.0,0.0,0.0,273.15,2.12,277.0,996.81,
2014,9,21,6,5.83,82.0,0.0,0.0,0.0,269.9,2.14,273.0,997.07,
2014,9,21,7,5.84,82.88,0.0,0.0,0.0,266.65,2.15,270.0,997.33,
2014,9,21,8,5.85,83.75,0.0,0.0,0.0,263.4,2.17,266.0,997.59,
2014,9,21,9,8.27,74.99,67.0,22.24,63.0,267.38,2.17,267.0,997.56,
2014,9,21,10,10.7,66.22,135.0,25.04,127.0,271.37,2.18,268.0,997.52,
2014,9,21,11,13.12,57.46,75.0,0.0,75.0,275.35,2.19,269.0,997.49,
2014,9,21,12,14.1,52.48,151.0,0.0,151.0,281.22,2.43,271.0,997.0,
2014,9,21,13,15.07,47.49,141.0,0.0,141.0,287.08,2.66,273.0,996.52,
2014,9,21,14,16.05,42.51,294.0,38.51,271.0,292.95,2.9,275.0,996.03,
2014,9,21,15,16.11,41.97,492.0,454.02,232.0,297.52,2.83,275.0,995.8,
2014,9,21,16,16.18,41.43,54.0,0.0,54.0,302.08,2.77,275.0,995.57,
2014,9,21,17,16.24,40.89,51.0,0.0,51.0,306.65,2.7,276.0,995.35,
2014,9,21,18,14.16,48.69,53.0,0.0,53.0,302.27,2.23,273.0,995.57,
2014,9,21,19,12.08,56.48,43.0,6.86,42.0,297.88,1.77,270.0,995.8,
2014,9,21,20,9.99,64.28,0.0,0.0,0.0,293.5,1.3,267.0,996.03,
2014,9,21,21,8.91,69.32,0.0,0.0,0.0,288.5,1.86,269.0,996.13,
2014,9,21,22,7.83,74.36,0.0,0.0,0.0,283.5,2.43,270.0,996.22,
2014,9,21,23,6.74,79.4,0.0,0.0,0.0,278.5,2.99,271.0,996.32,
2014,9,22,0,6.15,81.99,0.0,0.0,0.0,276.43,2.86,275.0,996.22,
2014,9,22,1,5.55,84.59,0.0,0.0,0.0,274.37,2.73,279.0,996.13,
2014,9,22,2,4.95,87.18,0.0,0.0,0.0,272.3,2.59,283.0,996.03,
2014,9,22,3,4.64,88.47,0.0,0.0,0.0,270.85,2.24,287.0,996.06,
2014,9,22,4,4.34,89.77,0.0,0.0,0.0,269.4,1.89,291.0,996.09,
2014,9,22,5,4.03,91.06,0.0,0.0,0.0,267.95,1.53,295.0,996.13,
2014,9,22,6,4.62,90.6,0.0,0.0,0.0,268.12,1.51,291.0,996.52,
2014,9,22,7,5.21,90.14,0.0,0.0,0.0,268.28,1.49,286.0,996.91,
2014,9,22,8,5.79,89.68,0.0,0.0,0.0,268.45,1.48,281.0,997.3,
2014,9,22,9,8.69,79.3,76.0,45.64,68.0,272.25,1.14,278.0,997.3,
2014,9,22,10,11.58,68.93,162.0,73.07,139.0,276.05,0.8,275.0,997.3,
2014,9,22,11,14.48,58.55,236.0,78.49,202.0,279.85,0.46,273.0,997.3,
2014,9,22,12,15.33,52.79,347.0,172.26,257.0,285.4,0.76,269.0,996.94,
2014,9,22,13,16.19,47.04,476.0,393.73,249.0,290.95,1.07,266.0,996.58,
2014,9,22,14,17.04,41.28,574.0,692.92,164.0,296.5,1.38,262.0,996.22,
2014,9,22,15,17.02,41.43,427.0,276.93,270.0,303.75,1.16,269.0,996.09,
2014,9,22,16,17.01,41.59,317.0,138.91,247.0,311.0,0.94,277.0,995.96,
2014,9,22,17,16.99,41.74,345.0,469.35,154.0,318.25,0.72,284.0,995.83,
2014,9,22,18,15.7,44.69,239.0,513.03,94.0,312.47,1.18,329.0,996.06,
2014,9,22,19,14.41,47.63,94.0,294.0,53.0,306.68,1.65,13.0,996.29,
2014,9,22,20,13.12,50.58,0.0,0.0,0.0,300.9,2.11,58.0,996.52,
2014,9,22,21,12.03,54.55,0.0,0.0,0.0,295.77,2.34,75.0,996.61,
2014,9,22,22,10.94,58.52,0.0,0.0,0.0,290.63,2.57,92.0,996.71,
2014,9,22,23,9.85,62.49,0.0,0.0,0.0,285.5,2.8,109.0,996.81,
2014,9,23,0,9.27,64.23,0.0,0.0,0.0,281.53,2.34,120.0,996.71,
2014,9,23,1,8.68,65.98,0.0,0.0,0.0,277.57,1.88,132.0,996.61,
2014,9,23,2,8.1,67.72,0.0,0.0,0.0,273.6,1.42,143.0,996.52,
2014,9,23,3,8.09,67.22,0.0,0.0,0.0,273.12,1.27,146.0,996.45,
2014,9,23,4,8.08,66.72,0.0,0.0,0.0,272.63,1.13,150.0,996.39,
2014,9,23,5,8.07,66.22,0.0,0.0,0.0,272.15,0.98,153.0,996.32,
2014,9,23,6,7.47,71.73,0.0,0.0,0.0,271.12,1.21,126.0,996.65,
2014,9,23,7,6.87,77.24,0.0,0.0,0.0,270.08,1.44,100.0,996.97,
2014,9,23,8,6.26,82.75,0.0,0.0,0.0,269.05,1.67,73.0,997.3,
2014,9,23,9,9.06,72.76,64.0,23.43,60.0,272.35,1.5,81.0,997.2,
2014,9,23,10,11.86,62.76,132.0,29.03,123.0,275.65,1.34,89.0,997.1,
2014,9,23,11,14.66,52.77,189.0,25.68,178.0,278.95,1.17,97.0,997.0,
2014,9,23,12,15.86,46.22,279.0,67.64,244.0,283.95,1.42,114.0,996.65,
2014,9,23,13,17.05,39.66,452.0,336.1,260.0,288.95,1.67,132.0,996.29,
2014,9,23,14,18.25,33.11,395.0,175.72,292.0,293.95,1.92,149.0,995.93,
2014,9,23,15,18.15,33.74,437.0,317.2,259.0,298.03,1.62,141.0,995.57,
2014,9,23,16,18.06,34.37,337.0,188.78,243.0,302.12,1.33,133.0,995.22,
2014,9,23,17,17.96,35.0,362.0,586.37,127.0,306.2,1.03,125.0,994.86,
2014,9,23,18,15.68,41.6,230.0,488.58,95.0,308.93,1.73,116.0,994.99,
2014,9,23,19,13.4,48.19,78.0,180.39,54.0,311.67,2.43,106.0,995.12,
2014,9,23,20,11.11,54.79,0.0,0.0,0.0,314.4,3.13,96.0,995.25,
2014,9,23,21,10.62,55.65,0.0,0.0,0.0,307.5,2.93,102.0,995.12,
2014,9,23,22,10.13,56.51,0.0,0.0,0.0,300.6,2.73,109.0,994.99,
2014,9,23,23,9.63,57.37,0.0,0.0,0.0,293.7,2.52,116.0,994.86,
2014,9,24,0,9.4,57.74,0.0,0.0,0.0,295.52,2.33,122.0,994.76,
2014,9,24,1,9.16,58.12,0.0,0.0,0.0,297.33,2.14,128.0,994.66,
2014,9,24,2,8.93,58.49,0.0,0.0,0.0,299.15,1.94,134.0,994.57,
2014,9,24,3,8.78,59.04,0.0,0.0,0.0,301.38,1.99,135.0,994.47,
2014,9,24,4,8.62,59.58,0.0,0.0,0.0,303.62,2.04,135.0,994.37,
2014,9,24,5,8.47,60.13,0.0,0.0,0.0,305.85,2.08,136.0,994.27,
2014,9,24,6,8.86,62.34,0.0,0.0,0.0,307.43,2.11,127.0,994.24,
2014,9,24,7,9.25,64.56,0.0,0.0,0.0,309.02,2.15,119.0,994.21,
2014,9,24,8,9.64,66.77,0.0,0.0,0.0,310.6,2.18,111.0,994.18,
2014,9,24,9,11.43,60.79,115.0,319.15,62.0,307.85,2.5,108.0,993.85,
2014,9,24,10,13.22,54.81,269.0,589.51,89.0,305.1,2.81,106.0,993.53,
2014,9,24,11,15.01,48.83,393.0,644.71,120.0,302.35,3.13,103.0,993.2,
2014,9,24,12,16.02,44.45,493.0,696.82,136.0,306.18,3.55,103.0,992.88,
2014,9,24,13,17.02,40.08,564.0,765.1,131.0,310.02,3.98,103.0,992.55,
2014,9,24,14,18.03,35.7,569.0,716.47,153.0,313.85,4.4,103.0,992.23,
2014,9,24,15,17.76,36.46,534.0,678.82,157.0,319.42,4.15,99.0,992.0,
2014,9,24,16,17.5,37.22,458.0,624.09,151.0,324.98,3.9,96.0,991.77,
2014,9,24,17,17.23,37.98,335.0,473.93,148.0,330.55,3.66,92.0,991.54,
2014,9,24,18,15.64,41.57,142.0,81.49,120.0,325.87,3.18,89.0,991.71,
2014,9,24,19,14.05,45.17,35.0,0.0,35.0,321.18,2.71,86.0,991.87,
2014,9,24,20,12.46,48.76,0.0,0.0,0.0,316.5,2.23,82.0,992.03,
2014,9,24,21,11.72,53.09,0.0,0.0,0.0,314.27,2.29,83.0,992.03,
2014,9,24,22,10.98,57.43,0.0,0.0,0.0,312.03,2.35,83.0,992.03,
2014,9,24,23,10.23,61.76,0.0,0.0,0.0,309.8,2.41,83.0,992.03,
2014,9,25,0,9.66,64.17,0.0,0.0,0.0,306.62,2.32,81.0,991.9,
2014,9,25,1,9.08,66.58,0.0,0.0,0.0,303.43,2.23,79.0,991.77,
2014,9,25,2,8.51,68.99,0.0,0.0,0.0,300.25,2.14,77.0,991.64,
2014,9,25,3,8.12,70.61,0.0,0.0,0.0,293.38,2.11,77.0,991.64,
2014,9,25,4,7.73,72.22,0.0,0.0,0.0,286.52,2.09,77.0,991.64,
2014,9,25,5,7.34,73.84,0.0,0.0,0.0,279.65,2.07,78.0,991.64,
2014,9,25,6,7.69,74.88,0.0,0.0,0.0,283.27,2.49,80.0,991.8,
2014,9,25,7,8.04,75.91,0.0,0.0,0.0,286.88,2.91,82.0,991.97,
2014,9,25,8,8.39,76.95,0.0,0.0,0.0,290.5,3.32,84.0,992.13,
2014,9,25,9,10.09,70.06,88.0,130.1,67.0,295.07,3.39,87.0,992.1,
2014,9,25,10,11.78,63.16,199.0,212.92,135.0,299.63,3.46,89.0,992.06,
2014,9,25,11,13.48,56.27,396.0,692.9,106.0,304.2,3.53,92.0,992.03,
2014,9,25,12,14.47,53.92,487.0,693.99,135.0,308.12,3.62,93.0,991.77,
2014,9,25,13,15.45,51.57,567.0,808.07,114.0,312.03,3.71,94.0,991.51,
2014,9,25,14,16.44,49.22,569.0,742.56,142.0,315.95,3.79,95.0,991.25,
2014,9,25,15,16.52,48.72,546.0,760.61,128.0,319.1,3.59,94.0,991.28,
2014,9,25,16,16.61,48.22,441.0,572.15,163.0,322.25,3.38,92.0,991.32,
2014,9,25,17,16.69,47.72,280.0,260.07,179.0,325.4,3.17,91.0,991.35,
2014,9,25,18,15.76,47.45,168.0,185.86,119.0,318.97,3.31,87.0,991.54,
2014,9,25,19,14.82,47.18,63.0,124.78,48.0,312.53,3.45,84.0,991.74,
2014,9,25,20,13.88,46.91,0.0,0.0,0.0,306.1,3.59,80.0,991.93,
2014,9,25,21,13.2,49.76,0.0,0.0,0.0,305.12,3.56,81.0,992.23,
2014,9,25,22,12.52,52.61,0.0,0.0,0.0,304.13,3.53,82.0,992.52,
2014,9,25,23,11.83,55.46,0.0,0.0,0.0,303.15,3.5,83.0,992.81,
2014,9,26,0,11.14,58.23,0.0,0.0,0.0,300.02,3.54,81.0,992.58,
2014,9,26,1,10.44,60.99,0.0,0.0,0.0,296.88,3.59,78.0,992.36,
2014,9,26,2,9.75,63.76,0.0,0.0,0.0,293.75,3.63,75.0,992.13,
2014,9,26,3,9.31,65.6,0.0,0.0,0.0,292.0,3.58,73.0,992.26,
2014,9,26,4,8.87,67.45,0.0,0.0,0.0,290.25,3.53,70.0,992.39,
2014,9,26,5,8.43,69.29,0.0,0.0,0.0,288.5,3.48,68.0,992.52,
2014,9,26,6,8.38,72.26,0.0,0.0,0.0,288.93,3.8,69.0,992.84,
2014,9,26,7,8.32,75.22,0.0,0.0,0.0,289.37,4.12,71.0,993.17,
2014,9,26,8,8.26,78.19,0.0,0.0,0.0,289.8,4.44,72.0,993.49,
2014,9,26,9,9.9,70.42,83.0,121.21,64.0,292.43,4.57,74.0,993.36,
2014,9,26,10,11.54,62.64,192.0,199.45,133.0,295.07,4.7,76.0,993.23,
2014,9,26,11,13.18,54.87,363.0,534.35,142.0,297.7,4.83,78.0,993.1,
2014,9,26,12,14.27,50.33,463.0,601.51,161.0,302.38,5.1,78.0,992.71,
2014,9,26,13,15.36,45.79,540.0,704.22,149.0,307.07,5.37,78.0,992.32,
2014,9,26,14,16.45,41.25,560.0,727.05,146.0,311.75,5.64,78.0,991.93,
2014,9,26,15,16.15,41.53,519.0,660.27,160.0,312.32,5.82,75.0,991.93,
2014,9,26,16,15.85,41.81,365.0,300.1,221.0,312.88,5.99,73.0,991.93,
2014,9,26,17,15.55,42.09,306.0,389.91,157.0,313.45,6.17,70.0,991.93,
2014,9,26,18,14.06,49.85,158.0,163.24,116.0,313.22,6.06,67.0,992.49,
2014,9,26,19,12.56,57.6,42.0,26.36,39.0,312.98,5.95,64.0,993.04,
2014,9,26,20,11.06,65.36,0.0,0.0,0.0,312.75,5.85,60.0,993.59,
2014,9,26,21,10.25,69.77,0.0,0.0,0.0,311.55,5.71,60.0,993.62,
2014,9,26,22,9.44,74.19,0.0,0.0,0.0,310.35,5.57,60.0,993.66,
2014,9,26,23,8.62,78.6,0.0,0.0,0.0,309.15,5.43,59.0,993.69,
2014,9,27,0,8.08,80.51,0.0,0.0,0.0,308.45,5.37,57.0,993.46,
2014,9,27,1,7.54,82.43,0.0,0.0,0.0,307.75,5.3,54.0,993.23,
2014,9,27,2,7.0,84.34,0.0,0.0,0.0,307.05,5.23,52.0,993.01,
2014,9,27,3,6.76,84.49,0.0,0.0,0.0,308.47,5.34,50.0,992.97,
2014,9,27,4,6.53,84.63,0.0,0.0,0.0,309.88,5.46,48.0,992.94,
2014,9,27,5,6.29,84.78,0.0,0.0,0.0,311.3,5.57,46.0,992.91,
2014,9,27,6,5.99,84.68,0.0,0.0,0.0,316.08,5.72,45.0,992.84,
2014,9,27,7,5.69,84.57,0.0,0.0,0.0,320.87,5.88,44.0,992.78,
2014,9,27,8,5.39,84.47,0.0,0.0,0.0,325.65,6.03,42.0,992.71,
2014,9,27,9,5.61,80.83,23.0,0.0,23.0,326.5,6.26,47.0,992.62,
2014,9,27,10,5.84,77.18,141.0,54.98,125.0,327.35,6.5,52.0,992.52,
2014,9,27,11,6.06,73.54,156.0,9.79,152.0,328.2,6.73,58.0,992.42,
2014,9,27,12,6.75,70.17,242.0,40.25,222.0,328.42,6.72,56.0,992.1,
2014,9,27,13,7.44,66.8,219.0,10.91,213.0,328.63,6.71,54.0,991.77,
2014,9,27,14,8.13,63.43,362.0,145.44,280.0,328.85,6.7,52.0,991.45,
2014,9,27,15,8.21,63.45,232.0,18.59,222.0,328.98,6.03,52.0,991.51,
2014,9,27,16,8.29,63.46,190.0,12.66,184.0,329.12,5.36,51.0,991.58,
2014,9,27,17,8.37,63.48,100.0,0.0,100.0,329.25,4.69,51.0,991.64,
2014,9,27,18,8.02,62.08,57.0,0.0,57.0,328.92,4.44,53.0,991.84,
2014,9,27,19,7.66,60.68,9.0,0.0,9.0,328.58,4.18,55.0,992.03,
2014,9,27,20,7.3,59.28,0.0,0.0,0.0,328.25,3.93,57.0,992.23,
2014,9,27,21,6.94,58.89,0.0,0.0,0.0,327.42,3.74,56.0,992.26,
2014,9,27,22,6.58,58.51,0.0,0.0,0.0,326.58,3.54,55.0,992.29,
2014,9,27,23,6.22,58.12,0.0,0.0,0.0,325.75,3.35,54.0,992.32,
2014,9,28,0,5.63,58.78,0.0,0.0,0.0,316.75,2.89,50.0,992.26,
2014,9,28,1,5.03,59.43,0.0,0.0,0.0,307.75,2.42,47.0,992.19,
2014,9,28,2,4.43,60.09,0.0,0.0,0.0,298.75,1.96,43.0,992.13,
2014,9,28,3,3.87,61.5,0.0,0.0,0.0,291.62,2.08,38.0,992.32,
2014,9,28,4,3.32,62.92,0.0,0.0,0.0,284.48,2.2,33.0,992.52,
2014,9,28,5,2.76,64.33,0.0,0.0,0.0,277.35,2.32,28.0,992.71,
2014,9,28,6,2.66,69.01,0.0,0.0,0.0,268.82,2.11,26.0,993.23,
2014,9,28,7,2.56,73.7,0.0,0.0,0.0,260.28,1.9,23.0,993.75,
2014,9,28,8,2.45,78.38,0.0,0.0,0.0,251.75,1.7,21.0,994.27,
2014,9,28,9,4.18,70.22,93.0,237.48,58.0,250.8,1.69,23.0,994.14,
2014,9,28,10,5.91,62.06,220.0,370.39,114.0,249.85,1.68,25.0,994.01,
2014,9,28,11,7.64,53.9,382.0,696.19,101.0,248.9,1.67,26.0,993.88,
2014,9,28,12,8.7,49.77,473.0,699.62,129.0,250.65,1.55,22.0,993.53,
2014,9,28,13,9.77,45.63,543.0,771.5,123.0,252.4,1.44,17.0,993.17,
2014,9,28,14,10.83,41.5,544.0,707.72,149.0,254.15,1.32,12.0,992.81,
2014,9,28,15,10.98,41.28,518.0,710.57,140.0,254.52,1.41,10.0,992.75,
2014,9,28,16,11.14,41.07,451.0,703.46,122.0,254.88,1.49,8.0,992.68,
2014,9,28,17,11.29,40.85,335.0,603.24,112.0,255.25,1.57,5.0,992.62,
2014,9,28,18,10.23,43.3,201.0,482.42,83.0,253.57,1.28,14.0,992.94,
2014,9,28,19,9.17,45.76,54.0,138.61,40.0,251.88,0.99,24.0,993.27,
2014,9,28,20,8.1,48.21,0.0,0.0,0.0,250.2,0.7,33.0,993.59,
2014,9,28,21,6.7,54.0,0.0,0.0,0.0,249.13,1.33,79.0,993.59,
2014,9,28,22,5.29,59.78,0.0,0.0,0.0,248.07,1.95,126.0,993.59,
2014,9,28,23,3.88,65.57,0.0,0.0,0.0,247.0,2.58,172.0,993.59,
2014,9,29,0,3.39,67.47,0.0,0.0,0.0,245.73,2.65,185.0,993.49,
2014,9,29,1,2.89,69.36,0.0,0.0,0.0,244.47,2.73,198.0,993.4,
2014,9,29,2,2.39,71.26,0.0,0.0,0.0,243.2,2.8,210.0,993.3,
2014,9,29,3,2.48,70.99,0.0,0.0,0.0,243.08,2.7,210.0,993.17,
2014,9,29,4,2.57,70.72,0.0,0.0,0.0,242.97,2.6,210.0,993.04,
2014,9,29,5,2.66,70.45,0.0,0.0,0.0,242.85,2.5,210.0,992.91,
2014,9,29,6,3.14,71.35,0.0,0.0,0.0,245.05,2.67,214.0,993.1,
2014,9,29,7,3.62,72.24,0.0,0.0,0.0,247.25,2.85,219.0,993.3,
2014,9,29,8,4.09,73.14,0.0,0.0,0.0,249.45,3.02,224.0,993.49,
2014,9,29,9,6.21,67.58,53.0,28.04,49.0,256.0,3.15,225.0,993.3,
2014,9,29,10,8.34,62.03,137.0,56.87,121.0,262.55,3.28,226.0,993.1,
2014,9,29,11,10.46,56.47,335.0,461.61,151.0,269.1,3.41,227.0,992.91,
2014,9,29,12,11.77,52.95,344.0,226.12,234.0,274.75,3.64,229.0,992.29,
2014,9,29,13,13.08,49.43,323.0,107.62,265.0,280.4,3.88,231.0,991.67,
2014,9,29,14,14.39,45.91,504.0,562.96,193.0,286.05,4.11,233.0,991.06,
2014,9,29,15,14.23,46.82,232.0,20.91,221.0,290.02,3.88,232.0,990.76,
2014,9,29,16,14.06,47.74,248.0,69.33,216.0,293.98,3.65,232.0,990.47,
2014,9,29,17,13.9,48.65,93.0,0.0,93.0,297.95,3.42,232.0,990.18,
2014,9,29,18,12.96,50.47,90.0,16.79,86.0,301.52,3.07,230.0,990.31,
2014,9,29,19,12.01,52.28,6.0,0.0,6.0,305.08,2.72,229.0,990.44,
2014,9,29,20,11.06,54.1,0.0,0.0,0.0,308.65,2.37,227.0,990.57,
2014,9,29,21,10.61,56.24,0.0,0.0,0.0,313.0,2.65,227.0,990.44,
2014,9,29,22,10.16,58.38,0.0,0.0,0.0,317.35,2.92,226.0,990.31,
2014,9,29,23,9.71,60.52,0.0,0.0,0.0,321.7,3.2,226.0,990.18,
2014,9,30,0,9.37,62.32,0.0,0.0,0.0,322.92,3.03,225.0,989.88,
2014,9,30,1,9.02,64.12,0.0,0.0,0.0,324.13,2.85,224.0,989.59,
2014,9,30,2,8.68,65.92,0.0,0.0,0.0,325.35,2.68,222.0,989.3,
2014,9,30,3,8.36,69.46,0.0,0.0,0.0,324.95,2.73,222.0,989.04,
2014,9,30,4,8.05,73.0,0.0,0.0,0.0,324.55,2.79,222.0,988.78,
2014,9,30,5,7.73,76.54,0.0,0.0,0.0,324.15,2.84,221.0,988.52,
2014,9,30,6,7.63,77.93,0.0,0.0,0.0,324.28,2.84,224.0,988.39,
2014,9,30,7,7.53,79.31,0.0,0.0,0.0,324.42,2.84,226.0,988.26,
2014,9,30,8,7.42,80.7,0.0,0.0,0.0,324.55,2.84,228.0,988.13,
2014,9,30,9,8.46,76.11,75.0,137.74,56.0,319.17,2.91,235.0,987.9,
2014,9,30,10,9.49,71.53,223.0,444.89,100.0,313.78,2.98,242.0,987.67,
2014,9,30,11,10.53,66.94,326.0,439.58,153.0,308.4,3.05,248.0,987.45,
2014,9,30,12,11.3,61.33,459.0,681.61,131.0,309.55,3.04,254.0,986.89,
2014,9,30,13,12.07,55.73,490.0,579.24,181.0,310.7,3.04,260.0,986.34,
2014,9,30,14,12.84,50.12,395.0,235.95,266.0,311.85,3.03,265.0,985.79,
2014,9,30,15,13.01,49.0,482.0,599.84,170.0,317.68,3.03,264.0,985.59,
2014,9,30,16,13.17,47.89,395.0,491.78,171.0,323.52,3.03,264.0,985.4,
2014,9,30,17,13.34,46.77,236.0,187.58,169.0,329.35,3.03,263.0,985.2,
2014,9,30,18,11.81,52.54,141.0,159.54,104.0,314.33,2.78,251.0,985.56,
2014,9,30,19,10.28,58.3,34.0,34.0,31.0,299.32,2.53,240.0,985.92,
2014,9,30,20,8.75,64.07,0.0,0.0,0.0,284.3,2.28,228.0,986.28,
2014,9,30,21,8.49,65.13,0.0,0.0,0.0,280.12,2.51,225.0,986.08,
2014,9,30,22,7.7,56.65,0.0,0.0,0.0,258.38,3.3,222.0,985.89,
2014,9,30,23,7.82,59.1,0.0,0.0,0.0,262.73,3.31,219.0,985.69,
2012,10,1,0,7.94,61.55,0.0,0.0,0.0,267.08,3.31,217.0,985.33,
2012,10,1,1,8.05,64.01,0.0,0.0,0.0,271.42,3.31,215.0,984.98,
2012,10,1,2,8.17,66.46,0.0,0.0,0.0,275.77,3.32,214.0,984.62,
2012,10,1,3,8.29,68.91,0.0,0.0,0.0,280.12,3.32,211.0,984.29,
2012,10,1,4,8.41,71.37,0.0,0.0,0.0,284.47,3.32,209.0,983.97,
2012,10,1,5,8.53,73.82,0.0,0.0,0.0,288.82,3.33,206.0,983.64,
2012,10,1,6,8.65,76.28,0.0,0.0,0.0,293.17,3.33,232.0,993.36,
2012,10,1,7,8.77,78.73,0.0,0.0,0.0,297.52,3.34,232.0,993.33,
2012,10,1,8,8.88,81.18,0.0,0.0,0.0,301.86,3.34,233.0,993.3,
2012,10,1,9,9.0,83.64,13.0,0.0,13.0,306.21,3.34,237.0,993.23,
2012,10,1,10,9.12,86.09,74.0,0.0,74.0,310.56,3.35,241.0,993.17,
2012,10,1,11,9.24,88.55,48.0,0.0,48.0,314.91,3.35,245.0,993.1,
2012,10,1,12,9.36,91.0,60.0,0.0,60.0,319.26,3.35,252.0,992.88,
2012,10,1,13,9.48,93.45,107.0,0.0,107.0,323.61,3.36,260.0,992.65,
2012,10,1,14,11.31,87.5,198.0,5.55,195.0,339.3,2.83,268.0,992.42,
2012,10,1,15,11.74,86.65,153.0,0.0,153.0,345.05,2.36,267.0,992.39,
2012,10,1,16,12.16,85.79,166.0,6.68,163.0,350.8,1.9,265.0,992.36,
2012,10,1,17,12.59,84.94,76.0,0.0,76.0,356.55,1.43,264.0,992.32,
2012,10,1,18,12.02,83.27,79.0,8.87,77.0,356.17,1.73,254.0,992.78,
2012,10,1,19,11.44,81.59,16.0,0.0,16.0,355.78,2.02,244.0,993.23,
2012,10,1,20,10.86,79.92,0.0,0.0,0.0,355.4,2.32,233.0,993.69,
2012,10,1,21,10.37,82.86,0.0,0.0,0.0,349.48,2.34,233.0,993.72,
2012,10,1,22,9.88,85.8,0.0,0.0,0.0,343.57,2.36,232.0,993.75,
2012,10,1,23,9.39,88.74,0.0,0.0,0.0,337.65,2.39,231.0,993.79,
2012,10,2,0,8.82,90.76,0.0,0.0,0.0,326.97,2.32,230.0,993.49,
2012,10,2,1,8.24,92.79,0.0,0.0,0.0,316.28,2.25,229.0,993.2,
2012,10,2,2,7.67,94.81,0.0,0.0,0.0,305.6,2.18,229.0,992.91,
2012,10,2,3,7.82,95.11,0.0,0.0,0.0,308.03,1.97,226.0,992.91,
2012,10,2,4,7.98,95.4,0.0,0.0,0.0,310.47,1.76,224.0,992.91,
2012,10,2,5,8.13,95.7,0.0,0.0,0.0,312.9,1.54,221.0,992.91,
2012,10,2,6,8.1,96.03,0.0,0.0,0.0,316.05,1.74,219.0,992.88,
2012,10,2,7,8.06,96.37,0.0,0.0,0.0,319.2,1.93,216.0,992.84,
2012,10,2,8,8.03,96.7,0.0,0.0,0.0,322.35,2.12,214.0,992.81,
2012,10,2,9,9.52,91.69,60.15,136.26,42.65,327.85,2.34,211.0,992.52,
2012,10,2,10,11.0,86.69,135.15,179.61,87.25,333.35,2.56,208.0,992.23,
2012,10,2,11,12.49,81.68,191.05,210.87,110.2,338.85,2.77,204.0,991.93,
2012,10,2,12,13.42,75.92,257.05,281.22,124.7,337.45,3.33,209.0,991.06,
2012,10,2,13,14.34,70.15,284.75,252.95,152.6,336.05,3.89,213.0,990.18,
2012,10,2,14,15.27,64.39,280.95,212.79,167.05,334.65,4.46,218.0,989.3,
2012,10,2,15,15.15,66.1,242.9,159.66,161.75,337.8,4.24,207.0,988.52,
2012,10,2,16,15.03,67.82,237.1,207.89,144.95,340.95,4.02,196.0,987.74,
2012,10,2,17,14.91,69.53,186.15,184.66,122.5,344.1,3.81,186.0,986.96,
2012,10,2,18,14.4,66.54,113.7,191.31,71.75,342.35,4.25,185.0,986.18,
2012,10,2,19,13.89,63.54,15.85,28.46,13.7,340.6,4.69,183.0,985.4,
2012,10,2,20,13.39,60.55,0.0,0.0,0.0,338.85,5.13,182.0,984.62,
2012,10,2,21,13.26,60.01,0.0,0.0,0.0,340.87,5.26,186.0,983.68,
2012,10,2,22,13.12,59.46,0.0,0.0,0.0,342.88,5.38,189.0,982.73,
2012,10,2,23,12.99,58.92,0.0,0.0,0.0,344.9,5.5,192.0,981.79,
2012,10,3,0,12.1,69.29,0.0,0.0,0.0,350.02,5.26,197.0,981.24,
2012,10,3,1,11.21,79.66,0.0,0.0,0.0,355.13,5.02,201.0,980.68,
2012,10,3,2,10.31,90.03,0.0,0.0,0.0,360.25,4.77,205.0,980.13,
2012,10,3,3,10.02,90.16,0.0,0.0,0.0,355.3,4.6,214.0,980.03,
2012,10,3,4,9.72,90.3,0.0,0.0,0.0,350.35,4.43,223.0,979.94,
2012,10,3,5,9.42,90.43,0.0,0.0,0.0,345.4,4.26,232.0,979.84,
2012,10,3,6,9.13,90.08,0.0,0.0,0.0,344.88,4.57,231.0,979.77,
2012,10,3,7,8.84,89.74,0.0,0.0,0.0,344.37,4.87,230.0,979.71,
2012,10,3,8,8.55,89.39,0.0,0.0,0.0,343.85,5.17,228.0,979.64,
2012,10,3,9,9.14,88.44,54.0,64.69,46.0,342.58,5.47,227.0,979.32,
2012,10,3,10,9.72,87.5,88.0,7.64,86.0,341.32,5.77,226.0,978.99,
2012,10,3,11,10.31,86.55,101.0,0.0,101.0,340.05,6.07,225.0,978.67,
2012,10,3,12,10.77,85.98,147.0,0.0,147.0,336.02,5.76,227.0,978.21,
2012,10,3,13,11.23,85.42,366.0,218.62,253.0,331.98,5.44,229.0,977.76,
2012,10,3,14,11.69,84.85,327.0,122.76,262.0,327.95,5.13,230.0,977.3,
2012,10,3,15,11.29,85.28,188.0,5.97,185.0,323.98,5.58,239.0,977.47,
2012,10,3,16,10.9,85.7,91.0,0.0,91.0,320.02,6.03,248.0,977.63,
2012,10,3,17,10.5,86.13,155.0,35.45,143.0,316.05,6.48,256.0,977.79,
2012,10,3,18,9.68,84.22,27.0,0.0,27.0,324.13,6.44,265.0,978.6,
2012,10,3,19,8.86,82.3,5.0,0.0,5.0,332.22,6.39,273.0,979.42,
2012,10,3,20,8.05,80.39,0.0,0.0,0.0,340.3,6.34,282.0,980.23,
2012,10,3,21,7.51,80.9,0.0,0.0,0.0,341.35,6.49,288.0,980.75,
2012,10,3,22,6.97,81.41,0.0,0.0,0.0,342.4,6.64,294.0,981.27,
2012,10,3,23,6.43,81.92,0.0,0.0,0.0,343.45,6.79,300.0,981.79,
2012,10,4,0,5.72,82.02,0.0,0.0,0.0,340.82,6.74,304.0,982.34,
2012,10,4,1,5.01,82.11,0.0,0.0,0.0,338.18,6.69,309.0,982.89,
2012,10,4,2,4.29,82.21,0.0,0.0,0.0,335.55,6.63,314.0,983.45,
2012,10,4,3,3.85,81.67,0.0,0.0,0.0,332.83,6.52,316.0,984.13,
2012,10,4,4,3.41,81.12,0.0,0.0,0.0,330.12,6.41,318.0,984.81,
2012,10,4,5,2.97,80.58,0.0,0.0,0.0,327.4,6.3,320.0,985.5,
2012,10,4,6,2.63,79.07,0.0,0.0,0.0,324.03,6.16,321.0,986.24,
2012,10,4,7,2.28,77.57,0.0,0.0,0.0,320.67,6.01,322.0,986.99,
2012,10,4,8,1.94,76.06,0.0,0.0,0.0,317.3,5.86,324.0,987.74,
2012,10,4,9,2.34,73.61,49.0,50.47,43.0,315.93,6.34,325.0,988.03,
2012,10,4,10,2.75,71.17,65.0,0.0,65.0,314.57,6.81,327.0,988.32,
2012,10,4,11,3.15,68.72,131.0,5.36,129.0,313.2,7.28,329.0,988.62,
2012,10,4,12,3.75,64.74,91.0,0.0,91.0,313.28,6.84,328.0,988.68,
2012,10,4,13,4.34,60.77,87.0,0.0,87.0,313.37,6.39,328.0,988.75,
2012,10,4,14,4.94,56.79,69.0,0.0,69.0,313.45,5.94,327.0,988.81,
2012,10,4,15,4.88,56.48,80.0,0.0,80.0,309.7,6.05,327.0,989.1,
2012,10,4,16,4.83,56.17,48.0,0.0,48.0,305.95,6.16,327.0,989.4,
2012,10,4,17,4.77,55.86,45.0,0.0,45.0,302.2,6.26,327.0,989.69,
2012,10,4,18,4.17,57.04,50.0,0.0,50.0,304.4,5.99,327.0,990.21,
2012,10,4,19,3.57,58.21,4.0,0.0,4.0,306.6,5.72,327.0,990.73,
2012,10,4,20,2.97,59.39,0.0,0.0,0.0,308.8,5.45,326.0,991.25,
2012,10,4,21,2.68,59.75,0.0,0.0,0.0,306.15,5.35,326.0,991.22,
2012,10,4,22,2.39,60.11,0.0,0.0,0.0,303.5,5.26,326.0,991.19,
2012,10,4,23,2.11,60.47,0.0,0.0,0.0,300.85,5.16,325.0,991.15,
2012,10,5,0,1.9,61.21,0.0,0.0,0.0,301.48,5.33,324.0,991.09,
2012,10,5,1,1.7,61.94,0.0,0.0,0.0,302.12,5.5,323.0,991.02,
2012,10,5,2,1.5,62.68,0.0,0.0,0.0,302.75,5.67,322.0,990.96,
2012,10,5,3,1.46,62.54,0.0,0.0,0.0,303.17,5.56,323.0,991.12,
2012,10,5,4,1.41,62.4,0.0,0.0,0.0,303.58,5.45,324.0,991.28,
2012,10,5,5,1.36,62.26,0.0,0.0,0.0,304.0,5.34,325.0,991.45,
2012,10,5,6,1.16,62.84,0.0,0.0,0.0,299.73,5.6,326.0,991.64,
2012,10,5,7,0.96,63.43,0.0,0.0,0.0,295.47,5.87,327.0,991.84,
2012,10,5,8,0.76,64.01,0.0,0.0,0.0,291.2,6.14,328.0,992.03,
2012,10,5,9,1.29,62.64,51.0,70.13,43.0,295.08,6.06,330.0,992.26,
2012,10,5,10,1.83,61.27,108.0,31.76,100.0,298.97,5.99,333.0,992.49,
2012,10,5,11,2.36,59.9,124.0,2.72,123.0,302.85,5.92,335.0,992.71,
2012,10,5,12,3.14,57.68,124.0,0.0,124.0,304.3,5.8,334.0,992.62,
2012,10,5,13,3.92,55.46,269.0,61.3,238.0,305.75,5.68,332.0,992.52,
2012,10,5,14,4.7,53.24,376.0,241.34,251.0,307.2,5.56,331.0,992.42,
2012,10,5,15,4.94,52.62,426.0,475.15,193.0,304.2,5.5,331.0,992.52,
2012,10,5,16,5.18,51.99,237.0,84.72,201.0,301.2,5.44,331.0,992.62,
2012,10,5,17,5.42,51.37,157.0,46.01,142.0,298.2,5.38,331.0,992.71,
2012,10,5,18,4.88,53.08,87.0,39.92,79.0,295.67,4.9,334.0,993.33,
2012,10,5,19,4.34,54.78,4.0,0.0,4.0,293.13,4.41,336.0,993.95,
2012,10,5,20,3.81,56.49,0.0,0.0,0.0,290.6,3.93,338.0,994.57,
2012,10,5,21,3.58,57.27,0.0,0.0,0.0,292.65,3.86,337.0,994.89,
2012,10,5,22,3.35,58.04,0.0,0.0,0.0,294.7,3.78,337.0,995.22,
2012,10,5,23,3.12,58.82,0.0,0.0,0.0,296.75,3.71,337.0,995.54,
2012,10,6,0,2.74,59.48,0.0,0.0,0.0,296.6,3.66,333.0,995.77,
2012,10,6,1,2.36,60.15,0.0,0.0,0.0,296.45,3.61,329.0,996.0,
2012,10,6,2,1.98,60.81,0.0,0.0,0.0,296.3,3.56,326.0,996.22,
2012,10,6,3,1.48,61.81,0.0,0.0,0.0,289.12,3.54,325.0,996.68,
2012,10,6,4,0.97,62.8,0.0,0.0,0.0,281.93,3.51,324.0,997.13,
2012,10,6,5,0.46,63.8,0.0,0.0,0.0,274.75,3.49,322.0,997.59,
2012,10,6,6,0.02,67.53,0.0,0.0,0.0,262.5,3.34,320.0,997.98,
2012,10,6,7,-0.41,71.27,0.0,0.0,0.0,250.25,3.2,317.0,998.37,
2012,10,6,8,-0.85,75.0,0.0,0.0,0.0,238.0,3.05,314.0,998.76,
2012,10,6,9,1.11,67.67,72.0,311.17,38.0,235.23,2.99,316.0,998.63,
2012,10,6,10,3.07,60.34,209.0,530.6,78.0,232.47,2.94,318.0,998.5,
2012,10,6,11,5.03,53.01,345.0,711.05,87.0,229.7,2.88,320.0,998.37,
2012,10,6,12,6.42,50.11,444.0,763.53,101.0,232.85,2.78,315.0,998.05,
2012,10,6,13,7.8,47.22,519.0,883.72,77.0,236.0,2.67,311.0,997.72,
2012,10,6,14,9.19,44.32,511.0,761.49,121.0,239.15,2.57,306.0,997.39,
2012,10,6,15,9.25,45.83,471.0,706.02,129.0,243.47,2.57,300.0,997.26,
2012,10,6,16,9.31,47.35,405.0,718.72,104.0,247.78,2.57,293.0,997.13,
2012,10,6,17,9.37,48.86,273.0,497.17,114.0,252.1,2.57,287.0,997.0,
2012,10,6,18,8.47,50.97,126.0,221.44,83.0,256.57,2.38,274.0,997.13,
2012,10,6,19,7.56,53.07,3.0,0.0,3.0,261.03,2.19,261.0,997.26,
2012,10,6,20,6.66,55.18,0.0,0.0,0.0,265.5,2.0,248.0,997.39,
2012,10,6,21,6.67,55.49,0.0,0.0,0.0,275.45,2.28,245.0,997.17,
2012,10,6,22,6.69,55.81,0.0,0.0,0.0,285.4,2.56,243.0,996.94,
2012,10,6,23,6.7,56.12,0.0,0.0,0.0,295.35,2.84,241.0,996.71,
2012,10,7,0,6.57,61.49,0.0,0.0,0.0,305.38,3.19,242.0,996.39,
2012,10,7,1,6.44,66.87,0.0,0.0,0.0,315.42,3.54,242.0,996.06,
2012,10,7,2,6.31,72.24,0.0,0.0,0.0,325.45,3.89,242.0,995.74,
2012,10,7,3,6.54,73.71,0.0,0.0,0.0,330.75,3.71,245.0,995.54,
2012,10,7,4,6.77,75.17,0.0,0.0,0.0,336.05,3.54,247.0,995.35,
2012,10,7,5,6.99,76.64,0.0,0.0,0.0,341.35,3.37,250.0,995.15,
2012,10,7,6,7.24,75.08,0.0,0.0,0.0,336.03,3.5,253.0,995.12,
2012,10,7,7,7.48,73.51,0.0,0.0,0.0,330.72,3.63,257.0,995.09,
2012,10,7,8,7.73,71.95,0.0,0.0,0.0,325.4,3.77,260.0,995.05,
2012,10,7,9,8.91,67.15,6.0,0.0,6.0,321.83,4.02,262.0,995.09,
2012,10,7,10,10.1,62.35,28.0,0.0,28.0,318.27,4.27,264.0,995.12,
2012,10,7,11,11.28,57.55,75.0,0.0,75.0,314.7,4.52,266.0,995.15,
2012,10,7,12,10.94,64.73,52.0,0.0,52.0,322.78,4.52,266.0,995.18,
2012,10,7,13,10.6,71.9,78.0,0.0,78.0,330.87,4.51,265.0,995.22,
2012,10,7,14,10.27,79.08,74.0,0.0,74.0,338.95,4.51,265.0,995.25,
2012,10,7,15,9.95,81.05,57.0,0.0,57.0,341.43,3.97,264.0,995.31,
2012,10,7,16,9.64,83.01,167.0,14.54,161.0,343.92,3.43,262.0,995.38,
2012,10,7,17,9.32,84.98,108.0,6.38,106.0,346.4,2.9,261.0,995.44,
2012,10,7,18,9.38,80.38,98.0,90.44,81.0,344.12,2.83,261.0,995.61,
2012,10,7,19,9.43,75.78,3.0,0.0,3.0,341.83,2.76,262.0,995.77,
2012,10,7,20,9.48,71.18,0.0,0.0,0.0,339.55,2.69,262.0,995.93,
2012,10,7,21,9.11,71.41,0.0,0.0,0.0,337.05,2.91,254.0,995.64,
2012,10,7,22,8.74,71.64,0.0,0.0,0.0,334.55,3.13,246.0,995.35,
2012,10,7,23,8.36,71.87,0.0,0.0,0.0,332.05,3.35,238.0,995.05,
2012,10,8,0,8.18,68.43,0.0,0.0,0.0,329.67,3.3,231.0,994.57,
2012,10,8,1,7.99,65.0,0.0,0.0,0.0,327.28,3.24,223.0,994.08,
2012,10,8,2,7.8,61.56,0.0,0.0,0.0,324.9,3.19,215.0,993.59,
2012,10,8,3,7.68,58.82,0.0,0.0,0.0,321.02,3.51,219.0,993.36,
2012,10,8,4,7.56,56.09,0.0,0.0,0.0,317.13,3.84,222.0,993.14,
2012,10,8,5,7.44,53.35,0.0,0.0,0.0,313.25,4.17,226.0,992.91,
2012,10,8,6,7.71,54.01,0.0,0.0,0.0,316.75,4.05,224.0,992.55,
2012,10,8,7,7.99,54.68,0.0,0.0,0.0,320.25,3.94,221.0,992.19,
2012,10,8,8,8.26,55.34,0.0,0.0,0.0,323.75,3.82,219.0,991.84,
2012,10,8,9,8.99,57.46,68.0,351.36,33.0,328.5,4.32,220.0,991.64,
2012,10,8,10,9.71,59.57,155.0,215.28,104.0,333.25,4.82,221.0,991.45,
2012,10,8,11,10.44,61.69,167.0,42.56,152.0,338.0,5.32,222.0,991.25,
2012,10,8,12,11.47,60.79,216.0,43.34,197.0,335.03,5.31,231.0,990.93,
2012,10,8,13,12.5,59.88,408.0,413.14,206.0,332.07,5.3,239.0,990.6,
2012,10,8,14,13.54,58.98,360.0,231.75,244.0,329.1,5.28,247.0,990.27,
2012,10,8,15,13.55,59.1,377.0,353.47,210.0,325.7,4.81,249.0,990.31,
2012,10,8,16,13.55,59.21,189.0,34.43,175.0,322.3,4.34,250.0,990.34,
2012,10,8,17,13.56,59.33,191.0,152.87,144.0,318.9,3.88,252.0,990.37,
2012,10,8,18,12.72,62.23,80.0,44.01,72.0,315.68,3.31,249.0,990.73,
2012,10,8,19,11.88,65.14,2.0,0.0,2.0,312.47,2.74,246.0,991.09,
2012,10,8,20,11.03,68.04,0.0,0.0,0.0,309.25,2.17,243.0,991.45,
2012,10,8,21,10.4,71.56,0.0,0.0,0.0,305.45,2.24,242.0,991.54,
2012,10,8,22,9.77,75.07,0.0,0.0,0.0,301.65,2.31,240.0,991.64,
2012,10,8,23,9.15,78.59,0.0,0.0,0.0,297.85,2.39,239.0,991.74,
2012,10,9,0,8.66,81.52,0.0,0.0,0.0,292.05,2.44,239.0,991.74,
2012,10,9,1,8.17,84.44,0.0,0.0,0.0,286.25,2.49,238.0,991.74,
2012,10,9,2,7.68,87.37,0.0,0.0,0.0,280.45,2.54,238.0,991.74,
2012,10,9,3,7.58,88.04,0.0,0.0,0.0,278.42,2.67,237.0,991.8,
2012,10,9,4,7.47,88.71,0.0,0.0,0.0,276.38,2.8,236.0,991.87,
2012,10,9,5,7.36,89.38,0.0,0.0,0.0,274.35,2.94,236.0,991.93,
2012,10,9,6,7.3,89.72,0.0,0.0,0.0,273.38,3.18,232.0,991.93,
2012,10,9,7,7.25,90.07,0.0,0.0,0.0,272.42,3.43,228.0,991.93,
2012,10,9,8,7.19,90.41,0.0,0.0,0.0,271.45,3.67,225.0,991.93,
2012,10,9,9,9.4,81.74,62.0,327.1,31.0,274.35,4.07,228.0,991.74,
2012,10,9,10,11.61,73.07,156.0,241.5,100.0,277.25,4.47,232.0,991.54,
2012,10,9,11,13.82,64.4,314.0,601.86,105.0,280.15,4.87,236.0,991.35,
2012,10,9,12,15.22,60.6,332.0,314.08,196.0,286.83,4.94,240.0,991.12,
2012,10,9,13,16.61,56.81,123.0,0.0,123.0,293.52,5.02,245.0,990.89,
2012,10,9,14,18.01,53.01,274.0,74.79,237.0,300.2,5.09,250.0,990.66,
2012,10,9,15,17.79,54.83,283.0,117.9,228.0,303.98,4.58,252.0,990.89,
2012,10,9,16,17.56,56.66,159.0,12.48,154.0,307.77,4.08,254.0,991.12,
2012,10,9,17,17.34,58.48,244.0,418.18,118.0,311.55,3.57,256.0,991.35,
2012,10,9,18,15.95,63.21,90.0,85.42,75.0,309.65,3.14,258.0,991.84,
2012,10,9,19,14.56,67.94,0.0,0.0,0.0,307.75,2.72,260.0,992.32,
2012,10,9,20,13.16,72.67,0.0,0.0,0.0,305.85,2.29,262.0,992.81,
2012,10,9,21,12.09,77.34,0.0,0.0,0.0,303.5,2.42,267.0,993.1,
2012,10,9,22,11.01,82.0,0.0,0.0,0.0,301.15,2.56,273.0,993.4,
2012,10,9,23,9.93,86.67,0.0,0.0,0.0,298.8,2.69,279.0,993.69,
2012,10,10,0,9.19,89.19,0.0,0.0,0.0,296.75,2.15,284.0,993.85,
2012,10,10,1,8.45,91.7,0.0,0.0,0.0,294.7,1.6,289.0,994.01,
2012,10,10,2,7.71,94.22,0.0,0.0,0.0,292.65,1.06,295.0,994.18,
2012,10,10,3,7.6,94.8,0.0,0.0,0.0,291.43,1.1,334.0,994.34,
2012,10,10,4,7.49,95.38,0.0,0.0,0.0,290.22,1.14,14.0,994.5,
2012,10,10,5,7.38,95.96,0.0,0.0,0.0,289.0,1.19,54.0,994.66,
2012,10,10,6,6.95,96.59,0.0,0.0,0.0,288.28,1.35,84.0,995.09,
2012,10,10,7,6.53,97.23,0.0,0.0,0.0,287.57,1.51,113.0,995.51,
2012,10,10,8,6.1,97.86,0.0,0.0,0.0,286.85,1.67,143.0,995.93,
2012,10,10,9,8.66,89.84,51.0,200.17,33.0,289.87,1.68,142.0,996.03,
2012,10,10,10,11.23,81.83,190.0,528.95,70.0,292.88,1.69,142.0,996.13,
2012,10,10,11,13.79,73.81,325.0,722.15,78.0,295.9,1.7,141.0,996.22,
2012,10,10,12,15.37,67.98,422.0,764.76,95.0,299.65,1.89,145.0,995.87,
2012,10,10,13,16.95,62.14,493.0,870.86,77.0,303.4,2.08,150.0,995.51,
2012,10,10,14,18.54,56.31,506.0,869.25,81.0,307.15,2.28,154.0,995.15,
2012,10,10,15,18.15,57.52,464.0,805.58,93.0,307.45,2.07,150.0,995.05,
2012,10,10,16,17.77,58.72,376.0,689.56,104.0,307.75,1.87,146.0,994.96,
2012,10,10,17,17.38,59.93,278.0,714.81,67.0,308.05,1.67,141.0,994.86,
2012,10,10,18,15.74,63.27,108.0,212.41,72.0,303.42,1.89,141.0,995.18,
2012,10,10,19,14.1,66.62,0.0,0.0,0.0,298.78,2.12,140.0,995.51,
2012,10,10,20,12.45,69.96,0.0,0.0,0.0,294.15,2.34,140.0,995.83,
2012,10,10,21,11.73,73.07,0.0,0.0,0.0,291.48,2.35,142.0,996.0,
2012,10,10,22,11.02,76.18,0.0,0.0,0.0,288.82,2.36,145.0,996.16,
2012,10,10,23,10.3,79.29,0.0,0.0,0.0,286.15,2.37,147.0,996.32,
2012,10,11,0,9.77,81.28,0.0,0.0,0.0,284.02,2.36,149.0,996.26,
2012,10,11,1,9.25,83.28,0.0,0.0,0.0,281.88,2.34,151.0,996.19,
2012,10,11,2,8.73,85.27,0.0,0.0,0.0,279.75,2.33,153.0,996.13,
2012,10,11,3,8.4,85.94,0.0,0.0,0.0,277.85,2.4,155.0,996.09,
2012,10,11,4,8.07,86.62,0.0,0.0,0.0,275.95,2.46,157.0,996.06,
2012,10,11,5,7.74,87.29,0.0,0.0,0.0,274.05,2.52,159.0,996.03,
2012,10,11,6,7.43,87.92,0.0,0.0,0.0,272.58,2.45,158.0,996.19,
2012,10,11,7,7.12,88.56,0.0,0.0,0.0,271.12,2.37,158.0,996.35,
2012,10,11,8,6.81,89.19,0.0,0.0,0.0,269.65,2.29,157.0,996.52,
2012,10,11,9,9.06,78.69,34.0,58.78,29.0,271.58,2.75,155.0,996.35,
2012,10,11,10,11.31,68.19,144.0,211.88,97.0,273.52,3.22,153.0,996.19,
2012,10,11,11,13.56,57.69,301.0,581.95,105.0,275.45,3.68,151.0,996.03,
2012,10,11,12,15.18,51.6,395.0,641.96,124.0,279.95,3.86,151.0,995.54,
2012,10,11,13,16.8,45.5,465.0,739.32,116.0,284.45,4.04,151.0,995.05,
2012,10,11,14,18.43,39.41,465.0,678.92,137.0,288.95,4.22,151.0,994.57,
2012,10,11,15,18.03,40.31,443.0,717.13,117.0,290.57,4.05,150.0,994.37,
2012,10,11,16,17.62,41.21,378.0,738.92,91.0,292.18,3.88,148.0,994.18,
2012,10,11,17,17.22,42.11,255.0,570.77,90.0,293.8,3.71,147.0,993.98,
2012,10,11,18,16.07,42.0,127.0,440.66,55.0,291.3,3.79,150.0,994.08,
2012,10,11,19,14.92,41.89,0.0,0.0,0.0,288.8,3.87,154.0,994.18,
2012,10,11,20,13.77,41.78,0.0,0.0,0.0,286.3,3.94,157.0,994.27,
2012,10,11,21,13.14,43.72,0.0,0.0,0.0,284.32,3.84,161.0,994.37,
2012,10,11,22,12.52,45.67,0.0,0.0,0.0,282.33,3.74,164.0,994.47,
2012,10,11,23,11.9,47.61,0.0,0.0,0.0,280.35,3.64,168.0,994.57,
2012,10,12,0,11.29,49.51,0.0,0.0,0.0,278.52,3.48,170.0,994.63,
2012,10,12,1,10.69,51.4,0.0,0.0,0.0,276.68,3.32,171.0,994.7,
2012,10,12,2,10.09,53.3,0.0,0.0,0.0,274.85,3.16,172.0,994.76,
2012,10,12,3,9.53,55.71,0.0,0.0,0.0,274.5,2.91,173.0,994.96,
2012,10,12,4,8.97,58.12,0.0,0.0,0.0,274.15,2.65,173.0,995.15,
2012,10,12,5,8.4,60.53,0.0,0.0,0.0,273.8,2.4,174.0,995.35,
2012,10,12,6,8.5,62.72,0.0,0.0,0.0,279.02,2.44,173.0,995.35,
2012,10,12,7,8.59,64.9,0.0,0.0,0.0,284.23,2.47,172.0,995.35,
2012,10,12,8,8.69,67.09,0.0,0.0,0.0,289.45,2.51,171.0,995.35,
2012,10,12,9,10.36,62.86,4.0,0.0,4.0,291.7,2.35,174.0,995.48,
2012,10,12,10,12.02,58.62,98.0,46.13,88.0,293.95,2.2,177.0,995.61,
2012,10,12,11,13.69,54.39,203.0,141.76,156.0,296.2,2.04,181.0,995.74,
2012,10,12,12,14.96,51.56,367.0,520.76,150.0,297.98,1.96,181.0,995.61,
2012,10,12,13,16.23,48.72,385.0,396.64,200.0,299.77,1.89,180.0,995.48,
2012,10,12,14,17.51,45.89,377.0,337.31,216.0,301.55,1.81,180.0,995.35,
2012,10,12,15,17.01,49.93,446.0,768.98,101.0,302.1,1.72,172.0,995.35,
2012,10,12,16,16.51,53.97,367.0,708.72,96.0,302.65,1.63,164.0,995.35,
2012,10,12,17,16.01,58.01,256.0,621.87,80.0,303.2,1.54,156.0,995.35,
2012,10,12,18,14.31,60.83,127.0,495.75,49.0,300.92,1.86,150.0,995.51,
2012,10,12,19,12.6,63.64,0.0,0.0,0.0,298.63,2.18,143.0,995.67,
2012,10,12,20,10.9,66.46,0.0,0.0,0.0,296.35,2.5,136.0,995.83,
2012,10,12,21,10.07,69.96,0.0,0.0,0.0,294.87,2.39,134.0,995.9,
2012,10,12,22,9.26,73.47,0.0,0.0,0.0,293.38,2.28,132.0,995.96,
2012,10,12,23,8.44,76.97,0.0,0.0,0.0,291.9,2.17,129.0,996.03,
2012,10,13,0,7.92,79.26,0.0,0.0,0.0,292.45,2.07,125.0,996.03,
2012,10,13,1,7.41,81.56,0.0,0.0,0.0,293.0,1.98,121.0,996.03,
2012,10,13,2,6.89,83.85,0.0,0.0,0.0,293.55,1.89,117.0,996.03,
2012,10,13,3,6.86,84.39,0.0,0.0,0.0,298.65,1.87,115.0,996.22,
2012,10,13,4,6.83,84.93,0.0,0.0,0.0,303.75,1.84,114.0,996.42,
2012,10,13,5,6.8,85.47,0.0,0.0,0.0,308.85,1.82,112.0,996.61,
2012,10,13,6,6.95,84.82,0.0,0.0,0.0,309.35,1.58,108.0,996.65,
2012,10,13,7,7.1,84.18,0.0,0.0,0.0,309.85,1.34,103.0,996.68,
2012,10,13,8,7.25,83.53,0.0,0.0,0.0,310.35,1.1,99.0,996.71,
2012,10,13,9,9.16,76.95,42.0,212.36,26.0,303.5,0.99,105.0,996.68,
2012,10,13,10,11.08,70.36,183.0,599.81,56.0,296.65,0.87,111.0,996.65,
2012,10,13,11,12.99,63.78,214.0,186.94,153.0,289.8,0.76,117.0,996.61,
2012,10,13,12,14.56,59.14,294.0,240.73,195.0,293.4,0.87,123.0,996.26,
2012,10,13,13,16.12,54.5,437.0,653.24,136.0,297.0,0.99,128.0,995.9,
2012,10,13,14,17.69,49.86,77.0,0.0,77.0,300.6,1.1,134.0,995.54,
2012,10,13,15,17.23,51.86,121.0,0.0,121.0,301.45,1.41,131.0,995.54,
2012,10,13,16,16.77,53.86,185.0,47.83,167.0,302.3,1.72,127.0,995.54,
2012,10,13,17,16.31,55.86,235.0,505.45,95.0,303.15,2.03,124.0,995.54,
2012,10,13,18,14.82,58.57,118.0,455.98,49.0,300.23,2.11,130.0,995.67,
2012,10,13,19,13.32,61.29,0.0,0.0,0.0,297.32,2.19,137.0,995.8,
2012,10,13,20,11.82,64.0,0.0,0.0,0.0,294.4,2.28,143.0,995.93,
2012,10,13,21,11.07,66.38,0.0,0.0,0.0,290.28,2.33,147.0,995.96,
2012,10,13,22,10.32,68.77,0.0,0.0,0.0,286.17,2.39,152.0,996.0,
2012,10,13,23,9.56,71.15,0.0,0.0,0.0,282.05,2.44,156.0,996.03,
2012,10,14,0,9.04,72.11,0.0,0.0,0.0,279.42,2.48,156.0,996.03,
2012,10,14,1,8.52,73.06,0.0,0.0,0.0,276.78,2.51,155.0,996.03,
2012,10,14,2,7.99,74.02,0.0,0.0,0.0,274.15,2.55,155.0,996.03,
2012,10,14,3,7.69,73.31,0.0,0.0,0.0,271.92,2.65,153.0,996.03,
2012,10,14,4,7.39,72.6,0.0,0.0,0.0,269.68,2.75,151.0,996.03,
2012,10,14,5,7.09,71.89,0.0,0.0,0.0,267.45,2.86,149.0,996.03,
2012,10,14,6,6.86,72.59,0.0,0.0,0.0,266.65,2.64,149.0,996.06,
2012,10,14,7,6.64,73.29,0.0,0.0,0.0,265.85,2.43,148.0,996.09,
2012,10,14,8,6.41,73.99,0.0,0.0,0.0,265.05,2.22,147.0,996.13,
2012,10,14,9,8.71,64.29,37.0,184.47,24.0,266.68,2.61,144.0,996.06,
2012,10,14,10,11.01,54.58,164.0,449.97,71.0,268.32,3.0,142.0,996.0,
2012,10,14,11,13.31,44.88,296.0,654.1,86.0,269.95,3.39,140.0,995.93,
2012,10,14,12,14.74,41.0,399.0,763.93,89.0,273.62,3.81,139.0,995.38,
2012,10,14,13,16.16,37.11,439.0,689.9,125.0,277.28,4.22,137.0,994.83,
2012,10,14,14,17.59,33.23,446.0,669.93,134.0,280.95,4.63,136.0,994.27,
2012,10,14,15,16.97,34.63,416.0,666.19,125.0,281.03,4.48,133.0,994.01,
2012,10,14,16,16.35,36.03,340.0,612.87,113.0,281.12,4.32,130.0,993.75,
2012,10,14,17,15.73,37.43,236.0,553.55,86.0,281.2,4.17,127.0,993.49,
2012,10,14,18,14.89,36.22,100.0,302.71,56.0,279.02,4.24,128.0,993.46,
2012,10,14,19,14.04,35.01,0.0,0.0,0.0,276.83,4.31,128.0,993.43,
2012,10,14,20,13.19,33.8,0.0,0.0,0.0,274.65,4.39,129.0,993.4,
2012,10,14,21,12.52,33.82,0.0,0.0,0.0,271.83,4.4,130.0,993.3,
2012,10,14,22,11.84,33.83,0.0,0.0,0.0,269.02,4.4,131.0,993.2,
2012,10,14,23,11.15,33.85,0.0,0.0,0.0,266.2,4.41,133.0,993.1,
2012,10,15,0,10.64,33.59,0.0,0.0,0.0,264.35,4.41,133.0,992.78,
2012,10,15,1,10.13,33.34,0.0,0.0,0.0,262.5,4.4,133.0,992.45,
2012,10,15,2,9.62,33.08,0.0,0.0,0.0,260.65,4.4,134.0,992.13,
2012,10,15,3,9.32,33.74,0.0,0.0,0.0,259.42,4.58,133.0,991.84,
2012,10,15,4,9.02,34.39,0.0,0.0,0.0,258.18,4.77,132.0,991.54,
2012,10,15,5,8.72,35.05,0.0,0.0,0.0,256.95,4.95,132.0,991.25,
2012,10,15,6,8.88,38.94,0.0,0.0,0.0,258.75,5.03,131.0,990.96,
2012,10,15,7,9.03,42.83,0.0,0.0,0.0,260.55,5.11,129.0,990.66,
2012,10,15,8,9.19,46.72,0.0,0.0,0.0,262.35,5.19,128.0,990.37,
2012,10,15,9,10.4,45.89,17.0,0.0,17.0,268.68,5.56,131.0,990.08,
2012,10,15,10,11.6,45.07,135.0,243.03,86.0,275.02,5.94,133.0,989.79,
2012,10,15,11,12.81,44.24,279.0,566.83,100.0,281.35,6.32,135.0,989.49,
2012,10,15,12,12.69,47.18,372.0,629.46,120.0,294.78,6.21,140.0,989.1,
2012,10,15,13,12.57,50.13,410.0,573.96,152.0,308.22,6.1,144.0,988.71,
2012,10,15,14,12.45,53.07,414.0,543.55,164.0,321.65,5.99,149.0,988.32,
2012,10,15,15,11.41,63.26,124.0,0.0,124.0,326.73,5.55,155.0,988.52,
2012,10,15,16,10.38,73.44,63.0,0.0,63.0,331.82,5.12,161.0,988.71,
2012,10,15,17,9.34,83.63,41.0,0.0,41.0,336.9,4.69,166.0,988.91,
2012,10,15,18,8.83,87.57,24.0,0.0,24.0,338.3,4.71,176.0,989.2,
2012,10,15,19,8.32,91.52,0.0,0.0,0.0,339.7,4.73,185.0,989.49,
2012,10,15,20,7.82,95.46,0.0,0.0,0.0,341.1,4.74,194.0,989.79,
2012,10,15,21,7.39,94.83,0.0,0.0,0.0,336.33,4.54,198.0,990.18,
2012,10,15,22,6.96,94.19,0.0,0.0,0.0,331.57,4.34,201.0,990.57,
2012,10,15,23,6.53,93.56,0.0,0.0,0.0,326.8,4.14,205.0,990.96,
2012,10,16,0,6.19,92.76,0.0,0.0,0.0,324.9,4.01,205.0,991.15,
2012,10,16,1,5.84,91.95,0.0,0.0,0.0,323.0,3.88,205.0,991.35,
2012,10,16,2,5.49,91.15,0.0,0.0,0.0,321.1,3.75,205.0,991.54,
2012,10,16,3,5.37,90.95,0.0,0.0,0.0,320.68,3.9,204.0,991.71,
2012,10,16,4,5.24,90.76,0.0,0.0,0.0,320.27,4.05,202.0,991.87,
2012,10,16,5,5.11,90.56,0.0,0.0,0.0,319.85,4.19,200.0,992.03,
2012,10,16,6,4.96,90.06,0.0,0.0,0.0,310.03,4.41,196.0,991.97,
2012,10,16,7,4.81,89.56,0.0,0.0,0.0,300.22,4.63,192.0,991.9,
2012,10,16,8,4.66,89.06,0.0,0.0,0.0,290.4,4.84,188.0,991.84,
2012,10,16,9,5.56,85.7,18.0,16.47,17.0,293.97,5.17,195.0,991.77,
2012,10,16,10,6.46,82.33,82.0,30.53,76.0,297.53,5.5,203.0,991.71,
2012,10,16,11,7.36,78.97,147.0,45.08,133.0,301.1,5.83,210.0,991.64,
2012,10,16,12,7.22,80.7,241.0,126.62,191.0,307.15,5.98,215.0,991.61,
2012,10,16,13,7.07,82.42,109.0,0.0,109.0,313.2,6.13,219.0,991.58,
2012,10,16,14,6.93,84.15,54.0,0.0,54.0,319.25,6.28,223.0,991.54,
2012,10,16,15,6.63,83.21,158.0,7.06,155.0,321.6,6.3,227.0,991.74,
2012,10,16,16,6.33,82.26,269.0,301.24,161.0,323.95,6.32,231.0,991.93,
2012,10,16,17,6.03,81.32,27.0,0.0,27.0,326.3,6.34,235.0,992.13,
2012,10,16,18,5.7,81.1,42.0,7.49,41.0,324.08,6.26,237.0,992.45,
2012,10,16,19,5.37,80.87,0.0,0.0,0.0,321.87,6.17,238.0,992.78,
2012,10,16,20,5.05,80.65,0.0,0.0,0.0,319.65,6.08,240.0,993.1,
2012,10,16,21,5.11,79.64,0.0,0.0,0.0,317.93,5.97,243.0,992.94,
2012,10,16,22,5.16,78.62,0.0,0.0,0.0,316.22,5.85,246.0,992.78,
2012,10,16,23,5.22,77.61,0.0,0.0,0.0,314.5,5.74,249.0,992.62,
2012,10,17,0,5.26,77.37,0.0,0.0,0.0,317.13,5.68,253.0,992.58,
2012,10,17,1,5.3,77.14,0.0,0.0,0.0,319.77,5.63,257.0,992.55,
2012,10,17,2,5.34,76.9,0.0,0.0,0.0,322.4,5.57,261.0,992.52,
2012,10,17,3,5.34,77.8,0.0,0.0,0.0,322.43,5.66,266.0,992.68,
2012,10,17,4,5.34,78.7,0.0,0.0,0.0,322.47,5.74,272.0,992.84,
2012,10,17,5,5.33,79.6,0.0,0.0,0.0,322.5,5.82,277.0,993.01,
2012,10,17,6,5.04,79.87,0.0,0.0,0.0,321.12,5.94,280.0,993.27,
2012,10,17,7,4.76,80.13,0.0,0.0,0.0,319.73,6.06,283.0,993.53,
2012,10,17,8,4.47,80.4,0.0,0.0,0.0,318.35,6.18,286.0,993.79,
2012,10,17,9,4.78,80.63,9.0,0.0,9.0,317.48,6.24,295.0,993.98,
2012,10,17,10,5.09,80.87,91.0,62.67,79.0,316.62,6.31,305.0,994.18,
2012,10,17,11,5.4,81.1,71.0,0.0,71.0,315.75,6.37,314.0,994.37,
2012,10,17,12,5.58,80.9,75.0,0.0,75.0,317.97,6.45,319.0,994.63,
2012,10,17,13,5.76,80.71,51.0,0.0,51.0,320.18,6.53,324.0,994.89,
2012,10,17,14,5.95,80.51,125.0,0.0,125.0,322.4,6.61,329.0,995.15,
2012,10,17,15,5.96,81.28,118.0,0.0,118.0,323.08,6.33,330.0,995.74,
2012,10,17,16,5.98,82.06,58.0,0.0,58.0,323.77,6.06,331.0,996.32,
2012,10,17,17,5.99,82.83,20.0,0.0,20.0,324.45,5.78,332.0,996.91,
2012,10,17,18,5.65,84.51,14.0,0.0,14.0,318.27,5.85,333.0,997.36,
2012,10,17,19,5.31,86.18,0.0,0.0,0.0,312.08,5.92,334.0,997.82,
2012,10,17,20,4.97,87.86,0.0,0.0,0.0,305.9,5.99,335.0,998.27,
2012,10,17,21,4.85,87.98,0.0,0.0,0.0,306.42,6.03,337.0,998.44,
2012,10,17,22,4.74,88.1,0.0,0.0,0.0,306.93,6.08,339.0,998.6,
2012,10,17,23,4.62,88.22,0.0,0.0,0.0,307.45,6.12,342.0,998.76,
2012,10,18,0,4.54,87.99,0.0,0.0,0.0,312.98,5.85,343.0,998.96,
2012,10,18,1,4.45,87.75,0.0,0.0,0.0,318.52,5.58,344.0,999.15,
2012,10,18,2,4.36,87.52,0.0,0.0,0.0,324.05,5.31,345.0,999.35,
2012,10,18,3,4.31,87.51,0.0,0.0,0.0,324.0,5.24,345.0,999.64,
2012,10,18,4,4.26,87.49,0.0,0.0,0.0,323.95,5.16,346.0,999.93,
2012,10,18,5,4.21,87.48,0.0,0.0,0.0,323.9,5.09,346.0,1000.22,
2012,10,18,6,4.14,87.35,0.0,0.0,0.0,324.12,5.11,347.0,1000.55,
2012,10,18,7,4.06,87.22,0.0,0.0,0.0,324.33,5.13,347.0,1000.87,
2012,10,18,8,3.99,87.09,0.0,0.0,0.0,324.55,5.14,348.0,1001.2,
2012,10,18,9,4.33,85.59,20.0,78.46,16.0,322.92,5.6,350.0,1001.49,
2012,10,18,10,4.67,84.1,33.0,0.0,33.0,321.28,6.05,352.0,1001.78,
2012,10,18,11,5.01,82.6,109.0,10.0,106.0,319.65,6.5,354.0,1002.08,
2012,10,18,12,5.37,79.16,225.0,109.38,183.0,312.52,6.15,356.0,1002.11,
2012,10,18,13,5.72,75.73,423.0,730.38,107.0,305.38,5.81,357.0,1002.14,
2012,10,18,14,6.08,72.29,442.0,781.61,96.0,298.25,5.46,358.0,1002.17,
2012,10,18,15,5.87,72.59,399.0,706.36,107.0,296.1,4.99,358.0,1002.5,
2012,10,18,16,5.67,72.88,322.0,643.08,99.0,293.95,4.52,358.0,1002.82,
2012,10,18,17,5.46,73.18,219.0,594.26,72.0,291.8,4.06,358.0,1003.15,
2012,10,18,18,4.78,75.28,85.0,327.99,45.0,278.73,3.73,360.0,1003.6,
2012,10,18,19,4.1,77.37,0.0,0.0,0.0,265.67,3.41,2.0,1004.06,
2012,10,18,20,3.41,79.47,0.0,0.0,0.0,252.6,3.09,4.0,1004.51,
2012,10,18,21,2.74,82.53,0.0,0.0,0.0,247.97,2.6,2.0,1004.84,
2012,10,18,22,2.08,85.6,0.0,0.0,0.0,243.33,2.11,0.0,1005.17,
2012,10,18,23,1.4,88.66,0.0,0.0,0.0,238.7,1.63,358.0,1005.49,
2012,10,19,0,0.75,90.51,0.0,0.0,0.0,237.45,1.69,356.0,1005.52,
2012,10,19,1,0.09,92.37,0.0,0.0,0.0,236.2,1.76,354.0,1005.56,
2012,10,19,2,-0.57,94.22,0.0,0.0,0.0,234.95,1.82,352.0,1005.59,
2012,10,19,3,-0.9,94.93,0.0,0.0,0.0,234.13,1.74,342.0,1005.78,
2012,10,19,4,-1.23,95.63,0.0,0.0,0.0,233.32,1.66,332.0,1005.98,
2012,10,19,5,-1.57,96.34,0.0,0.0,0.0,232.5,1.57,322.0,1006.17,
2012,10,19,6,-1.58,96.05,0.0,0.0,0.0,234.13,1.68,316.0,1006.37,
2012,10,19,7,-1.58,95.77,0.0,0.0,0.0,235.77,1.79,309.0,1006.56,
2012,10,19,8,-1.59,95.48,0.0,0.0,0.0,237.4,1.9,302.0,1006.76,
2012,10,19,9,0.69,89.06,20.0,130.11,14.0,237.35,1.77,299.0,1006.76,
2012,10,19,10,2.97,82.65,140.0,419.06,64.0,237.3,1.63,297.0,1006.76,
2012,10,19,11,5.25,76.23,268.0,631.06,82.0,237.25,1.49,294.0,1006.76,
2012,10,19,12,6.7,70.44,359.0,678.91,102.0,241.05,1.71,285.0,1006.24,
2012,10,19,13,8.15,64.65,415.0,714.2,110.0,244.85,1.93,275.0,1005.72,
2012,10,19,14,9.61,58.86,431.0,748.35,104.0,248.65,2.15,266.0,1005.2,
2012,10,19,15,9.03,60.76,380.0,625.62,125.0,249.32,2.14,251.0,1004.91,
2012,10,19,16,8.44,62.65,312.0,615.92,102.0,249.98,2.12,236.0,1004.61,
2012,10,19,17,7.86,64.55,209.0,554.69,75.0,250.65,2.11,221.0,1004.32,
2012,10,19,18,6.71,67.78,69.0,189.26,47.0,248.2,2.27,222.0,1004.48,
2012,10,19,19,5.56,71.0,0.0,0.0,0.0,245.75,2.42,224.0,1004.65,
2012,10,19,20,4.41,74.23,0.0,0.0,0.0,243.3,2.58,226.0,1004.81,
2012,10,19,21,4.24,76.57,0.0,0.0,0.0,243.82,2.66,229.0,1004.58,
2012,10,19,22,4.05,78.92,0.0,0.0,0.0,244.33,2.74,232.0,1004.35,
2012,10,19,23,3.88,81.26,0.0,0.0,0.0,244.85,2.81,235.0,1004.12,
2012,10,20,0,3.96,83.87,0.0,0.0,0.0,249.08,2.95,236.0,1003.7,
2012,10,20,1,4.04,86.49,0.0,0.0,0.0,253.32,3.09,237.0,1003.28,
2012,10,20,2,4.12,89.1,0.0,0.0,0.0,257.55,3.23,238.0,1002.86,
2012,10,20,3,4.68,88.93,0.0,0.0,0.0,265.97,3.43,241.0,1002.43,
2012,10,20,4,5.23,88.76,0.0,0.0,0.0,274.38,3.64,245.0,1002.01,
2012,10,20,5,5.78,88.59,0.0,0.0,0.0,282.8,3.85,248.0,1001.59,
2012,10,20,6,6.5,88.14,0.0,0.0,0.0,289.3,3.9,251.0,1001.2,
2012,10,20,7,7.21,87.69,0.0,0.0,0.0,295.8,3.95,254.0,1000.81,
2012,10,20,8,7.93,87.24,0.0,0.0,0.0,302.3,4.0,257.0,1000.42,
2012,10,20,9,9.13,83.31,12.0,24.24,11.0,305.87,4.53,263.0,1000.22,
2012,10,20,10,10.33,79.37,111.0,204.2,75.0,309.43,5.07,269.0,1000.03,
2012,10,20,11,11.53,75.44,43.0,0.0,43.0,313.0,5.6,275.0,999.83,
2012,10,20,12,12.24,71.4,100.0,0.0,100.0,319.52,5.34,279.0,999.57,
2012,10,20,13,12.94,67.37,51.0,0.0,51.0,326.03,5.08,283.0,999.31,
2012,10,20,14,13.65,63.33,59.0,0.0,59.0,332.55,4.81,286.0,999.05,
2012,10,20,15,13.49,63.3,34.0,0.0,34.0,336.92,4.82,287.0,999.12,
2012,10,20,16,13.33,63.28,28.0,0.0,28.0,341.28,4.82,287.0,999.18,
2012,10,20,17,13.17,63.25,24.0,0.0,24.0,345.65,4.83,288.0,999.25,
2012,10,20,18,12.82,66.97,8.0,0.0,8.0,347.05,5.08,289.0,999.41,
2012,10,20,19,12.47,70.69,0.0,0.0,0.0,348.45,5.33,290.0,999.57,
2012,10,20,20,12.11,74.41,0.0,0.0,0.0,349.85,5.59,291.0,999.74,
2012,10,20,21,11.98,73.93,0.0,0.0,0.0,344.92,5.43,290.0,999.77,
2012,10,20,22,11.84,73.46,0.0,0.0,0.0,339.98,5.26,289.0,999.8,
2012,10,20,23,11.69,72.98,0.0,0.0,0.0,335.05,5.1,289.0,999.83,
2012,10,21,0,11.54,72.1,0.0,0.0,0.0,329.15,4.82,287.0,999.61,
2012,10,21,1,11.39,71.21,0.0,0.0,0.0,323.25,4.54,286.0,999.38,
2012,10,21,2,11.24,70.33,0.0,0.0,0.0,317.35,4.26,285.0,999.15,
2012,10,21,3,11.2,68.73,0.0,0.0,0.0,316.2,4.18,282.0,998.92,
2012,10,21,4,11.15,67.13,0.0,0.0,0.0,315.05,4.1,279.0,998.7,
2012,10,21,5,11.1,65.53,0.0,0.0,0.0,313.9,4.01,276.0,998.47,
2012,10,21,6,10.98,64.72,0.0,0.0,0.0,311.75,4.28,272.0,998.11,
2012,10,21,7,10.87,63.92,0.0,0.0,0.0,309.6,4.55,269.0,997.75,
2012,10,21,8,10.75,63.11,0.0,0.0,0.0,307.45,4.81,266.0,997.39,
2012,10,21,9,11.69,59.43,0.0,0.0,0.0,303.47,5.24,266.0,996.97,
2012,10,21,10,12.64,55.75,82.0,70.08,70.0,299.48,5.67,266.0,996.55,
2012,10,21,11,13.58,52.07,131.0,42.22,119.0,295.5,6.1,266.0,996.13,
2012,10,21,12,14.02,51.32,63.0,0.0,63.0,298.8,6.33,266.0,995.48,
2012,10,21,13,14.46,50.58,99.0,0.0,99.0,302.1,6.57,266.0,994.83,
2012,10,21,14,14.9,49.83,111.0,0.0,111.0,305.4,6.8,267.0,994.18,
2012,10,21,15,14.59,50.15,104.0,0.0,104.0,309.07,6.93,265.0,993.56,
2012,10,21,16,14.29,50.46,106.0,3.04,105.0,312.73,7.06,264.0,992.94,
2012,10,21,17,13.98,50.78,21.0,0.0,21.0,316.4,7.19,263.0,992.32,
2012,10,21,18,13.71,49.85,11.0,0.0,11.0,310.07,7.41,261.0,991.71,
2012,10,21,19,13.44,48.92,0.0,0.0,0.0,303.73,7.63,259.0,991.09,
2012,10,21,20,13.16,47.99,0.0,0.0,0.0,297.4,7.85,257.0,990.47,
2012,10,21,21,12.9,48.06,0.0,0.0,0.0,301.43,8.08,258.0,989.88,
2012,10,21,22,12.62,48.13,0.0,0.0,0.0,305.47,8.32,259.0,989.3,
2012,10,21,23,12.35,48.2,0.0,0.0,0.0,309.5,8.55,259.0,988.71,
2012,10,22,0,12.06,50.9,0.0,0.0,0.0,316.63,8.17,259.0,988.13,
2012,10,22,1,11.77,53.59,0.0,0.0,0.0,323.77,7.8,260.0,987.54,
2012,10,22,2,11.47,56.29,0.0,0.0,0.0,330.9,7.42,260.0,986.96,
2012,10,22,3,11.23,61.01,0.0,0.0,0.0,331.05,6.96,261.0,986.6,
2012,10,22,4,10.98,65.73,0.0,0.0,0.0,331.2,6.49,262.0,986.24,
2012,10,22,5,10.73,70.45,0.0,0.0,0.0,331.35,6.03,264.0,985.89,
2012,10,22,6,10.53,74.59,0.0,0.0,0.0,334.78,5.72,266.0,985.82,
2012,10,22,7,10.32,78.74,0.0,0.0,0.0,338.22,5.42,268.0,985.76,
2012,10,22,8,10.12,82.88,0.0,0.0,0.0,341.65,5.12,270.0,985.69,
2012,10,22,9,10.18,82.75,0.0,0.0,0.0,342.23,5.69,274.0,985.82,
2012,10,22,10,10.24,82.61,69.0,36.1,63.0,342.82,6.26,279.0,985.95,
2012,10,22,11,10.3,82.48,167.0,136.2,129.0,343.4,6.83,284.0,986.08,
2012,10,22,12,10.29,75.51,195.0,74.53,168.0,330.88,7.42,289.0,986.34,
2012,10,22,13,10.27,68.54,319.0,326.55,185.0,318.37,8.01,294.0,986.6,
2012,10,22,14,10.26,61.57,317.0,290.51,195.0,305.85,8.61,298.0,986.86,
2012,10,22,15,9.05,59.89,229.0,105.02,188.0,301.5,8.04,302.0,987.97,
2012,10,22,16,7.83,58.21,285.0,546.72,108.0,297.15,7.48,305.0,989.07,
2012,10,22,17,6.62,56.53,183.0,458.78,80.0,292.8,6.91,308.0,990.18,
2012,10,22,18,6.17,54.42,63.0,261.44,37.0,282.88,6.23,308.0,990.8,
2012,10,22,19,5.72,52.3,0.0,0.0,0.0,272.97,5.55,308.0,991.41,
2012,10,22,20,5.28,50.19,0.0,0.0,0.0,263.05,4.87,307.0,992.03,
2012,10,22,21,5.04,51.1,0.0,0.0,0.0,269.27,3.97,303.0,992.13,
2012,10,22,22,4.81,52.02,0.0,0.0,0.0,275.48,3.07,300.0,992.23,
2012,10,22,23,4.57,52.93,0.0,0.0,0.0,281.7,2.17,296.0,992.32,
2012,10,23,0,4.28,54.27,0.0,0.0,0.0,280.62,1.95,293.0,992.0,
2012,10,23,1,3.99,55.61,0.0,0.0,0.0,279.53,1.74,291.0,991.67,
2012,10,23,2,3.7,56.95,0.0,0.0,0.0,278.45,1.53,289.0,991.35,
2012,10,23,3,3.66,57.89,0.0,0.0,0.0,280.73,1.52,286.0,991.06,
2012,10,23,4,3.61,58.84,0.0,0.0,0.0,283.02,1.5,282.0,990.76,
2012,10,23,5,3.56,59.78,0.0,0.0,0.0,285.3,1.49,279.0,990.47,
2012,10,23,6,3.53,62.47,0.0,0.0,0.0,291.42,1.45,268.0,989.88,
2012,10,23,7,3.5,65.16,0.0,0.0,0.0,297.53,1.42,256.0,989.3,
2012,10,23,8,3.47,67.85,0.0,0.0,0.0,303.65,1.38,245.0,988.71,
2012,10,23,9,3.96,68.86,0.0,0.0,0.0,307.68,1.71,231.0,988.1,
2012,10,23,10,4.44,69.86,63.0,24.82,59.0,311.72,2.05,218.0,987.48,
2012,10,23,11,4.93,70.87,41.0,0.0,41.0,315.75,2.39,205.0,986.86,
2012,10,23,12,5.03,71.47,106.0,0.0,106.0,319.07,2.03,169.0,986.05,
2012,10,23,13,5.13,72.08,71.0,0.0,71.0,322.38,1.67,134.0,985.24,
2012,10,23,14,5.24,72.68,36.0,0.0,36.0,325.7,1.31,98.0,984.42,
2012,10,23,15,4.85,76.38,47.0,0.0,47.0,327.33,1.4,78.0,984.1,
2012,10,23,16,4.46,80.09,26.0,0.0,26.0,328.97,1.49,58.0,983.77,
2012,10,23,17,4.07,83.79,69.0,4.57,68.0,330.6,1.57,38.0,983.45,
2012,10,23,18,3.5,86.39,6.0,0.0,6.0,329.45,1.94,37.0,983.87,
2012,10,23,19,2.93,88.98,0.0,0.0,0.0,328.3,2.32,35.0,984.29,
2012,10,23,20,2.36,91.58,0.0,0.0,0.0,327.15,2.69,34.0,984.72,
2012,10,23,21,1.97,92.06,0.0,0.0,0.0,324.82,2.89,29.0,984.78,
2012,10,23,22,1.58,92.55,0.0,0.0,0.0,322.48,3.09,24.0,984.85,
2012,10,23,23,1.2,93.03,0.0,0.0,0.0,320.15,3.3,19.0,984.91,
2012,10,24,0,0.87,91.93,0.0,0.0,0.0,316.53,3.65,14.0,985.3,
2012,10,24,1,0.54,90.82,0.0,0.0,0.0,312.92,4.0,8.0,985.69,
2012,10,24,2,0.21,89.72,0.0,0.0,0.0,309.3,4.36,3.0,986.08,
2012,10,24,3,0.12,87.86,0.0,0.0,0.0,306.37,4.04,0.0,986.8,
2012,10,24,4,0.03,85.99,0.0,0.0,0.0,303.43,3.72,357.0,987.51,
2012,10,24,5,-0.07,84.13,0.0,0.0,0.0,300.5,3.41,355.0,988.23,
2012,10,24,6,-0.59,84.2,0.0,0.0,0.0,280.42,3.45,352.0,989.04,
2012,10,24,7,-1.11,84.27,0.0,0.0,0.0,260.33,3.49,350.0,989.85,
2012,10,24,8,-1.63,84.34,0.0,0.0,0.0,240.25,3.53,347.0,990.66,
2012,10,24,9,-0.78,80.33,0.0,0.0,0.0,235.95,3.66,350.0,991.19,
2012,10,24,10,0.07,76.33,58.0,19.22,55.0,231.65,3.79,353.0,991.71,
2012,10,24,11,0.92,72.32,52.0,0.0,52.0,227.35,3.92,355.0,992.23,
2012,10,24,12,1.48,65.44,163.0,36.98,150.0,238.0,4.1,352.0,992.36,
2012,10,24,13,2.04,58.56,243.0,125.21,193.0,248.65,4.29,349.0,992.49,
2012,10,24,14,2.6,51.68,342.0,428.13,167.0,259.3,4.47,346.0,992.62,
2012,10,24,15,2.44,51.31,39.0,0.0,39.0,259.87,4.42,345.0,993.01,
2012,10,24,16,2.27,50.94,92.0,0.0,92.0,260.43,4.37,343.0,993.4,
2012,10,24,17,2.11,50.57,166.0,398.3,81.0,261.0,4.32,342.0,993.79,
2012,10,24,18,1.25,53.12,12.0,0.0,12.0,246.93,3.78,340.0,994.6,
2012,10,24,19,0.39,55.67,0.0,0.0,0.0,232.87,3.24,338.0,995.41,
2012,10,24,20,-0.47,58.22,0.0,0.0,0.0,218.8,2.7,336.0,996.22,
2012,10,24,21,-0.74,59.38,0.0,0.0,0.0,220.53,2.47,335.0,996.48,
2012,10,24,22,-1.01,60.53,0.0,0.0,0.0,222.27,2.24,334.0,996.74,
2012,10,24,23,-1.27,61.69,0.0,0.0,0.0,224.0,2.01,332.0,997.0,
2012,10,25,0,-1.46,62.72,0.0,0.0,0.0,226.47,2.09,329.0,997.2,
2012,10,25,1,-1.65,63.74,0.0,0.0,0.0,228.93,2.16,326.0,997.39,
2012,10,25,2,-1.84,64.77,0.0,0.0,0.0,231.4,2.23,323.0,997.59,
2012,10,25,3,-1.91,66.0,0.0,0.0,0.0,231.13,2.06,322.0,997.79,
2012,10,25,4,-1.98,67.24,0.0,0.0,0.0,230.87,1.89,321.0,997.98,
2012,10,25,5,-2.06,68.47,0.0,0.0,0.0,230.6,1.71,319.0,998.18,
2012,10,25,6,-2.12,69.91,0.0,0.0,0.0,236.47,1.7,314.0,998.57,
2012,10,25,7,-2.19,71.35,0.0,0.0,0.0,242.33,1.69,309.0,998.96,
2012,10,25,8,-2.25,72.79,0.0,0.0,0.0,248.2,1.68,304.0,999.35,
2012,10,25,9,-1.28,67.84,0.0,0.0,0.0,254.37,1.79,308.0,999.51,
2012,10,25,10,-0.3,62.89,88.0,165.47,63.0,260.53,1.9,312.0,999.67,
2012,10,25,11,0.67,57.94,215.0,444.29,98.0,266.7,2.01,316.0,999.83,
2012,10,25,12,1.09,55.03,303.0,528.68,120.0,267.0,2.0,312.0,999.61,
2012,10,25,13,1.5,52.12,294.0,281.84,183.0,267.3,1.98,307.0,999.38,
2012,10,25,14,1.92,49.21,246.0,124.01,196.0,267.6,1.96,302.0,999.15,
2012,10,25,15,1.45,52.65,163.0,24.09,154.0,264.13,2.06,286.0,999.02,
2012,10,25,16,0.97,56.09,84.0,0.0,84.0,260.67,2.15,270.0,998.89,
2012,10,25,17,0.5,59.53,62.0,0.0,62.0,257.2,2.25,253.0,998.76,
2012,10,25,18,-0.62,63.03,21.0,0.0,21.0,243.32,1.99,240.0,999.15,
2012,10,25,19,-1.74,66.54,0.0,0.0,0.0,229.43,1.73,226.0,999.54,
2012,10,25,20,-2.87,70.04,0.0,0.0,0.0,215.55,1.48,213.0,999.93,
2012,10,25,21,-2.72,68.6,0.0,0.0,0.0,215.85,1.52,209.0,999.8,
2012,10,25,22,-2.59,67.17,0.0,0.0,0.0,216.15,1.57,206.0,999.67,
2012,10,25,23,-2.44,65.73,0.0,0.0,0.0,216.45,1.61,203.0,999.54,
2012,10,26,0,-2.36,64.79,0.0,0.0,0.0,222.23,1.71,202.0,999.41,
2012,10,26,1,-2.27,63.85,0.0,0.0,0.0,228.02,1.81,200.0,999.28,
2012,10,26,2,-2.18,62.91,0.0,0.0,0.0,233.8,1.9,199.0,999.15,
2012,10,26,3,-2.23,63.25,0.0,0.0,0.0,236.15,2.17,199.0,998.92,
2012,10,26,4,-2.28,63.58,0.0,0.0,0.0,238.5,2.44,199.0,998.7,
2012,10,26,5,-2.33,63.92,0.0,0.0,0.0,240.85,2.7,198.0,998.47,
2012,10,26,6,-2.34,64.76,0.0,0.0,0.0,241.2,2.69,196.0,998.34,
2012,10,26,7,-2.36,65.59,0.0,0.0,0.0,241.55,2.67,193.0,998.21,
2012,10,26,8,-2.37,66.43,0.0,0.0,0.0,241.9,2.65,191.0,998.08,
2012,10,26,9,-1.67,64.99,0.0,0.0,0.0,245.77,3.15,188.0,997.82,
2012,10,26,10,-0.97,63.54,75.0,102.69,60.0,249.63,3.65,186.0,997.56,
2012,10,26,11,-0.27,62.1,115.0,34.86,106.0,253.5,4.15,184.0,997.3,
2012,10,26,12,0.21,60.03,194.0,99.76,160.0,257.25,4.14,182.0,996.58,
2012,10,26,13,0.69,57.95,355.0,589.6,126.0,261.0,4.13,181.0,995.87,
2012,10,26,14,1.18,55.88,323.0,384.72,170.0,264.75,4.12,180.0,995.15,
2012,10,26,15,0.87,56.82,124.0,2.72,123.0,265.83,3.85,177.0,994.7,
2012,10,26,16,0.55,57.76,135.0,33.17,125.0,266.92,3.57,174.0,994.24,
2012,10,26,17,0.24,58.7,92.0,44.43,83.0,268.0,3.3,171.0,993.79,
2012,10,26,18,-0.36,59.91,4.0,0.0,4.0,268.42,2.89,168.0,993.92,
2012,10,26,19,-0.96,61.11,0.0,0.0,0.0,268.83,2.48,166.0,994.05,
2012,10,26,20,-1.55,62.32,0.0,0.0,0.0,269.25,2.07,163.0,994.18,
2012,10,26,21,-2.08,64.66,0.0,0.0,0.0,262.65,2.04,162.0,993.95,
2012,10,26,22,-2.61,66.99,0.0,0.0,0.0,256.05,2.0,162.0,993.72,
2012,10,26,23,-3.13,69.33,0.0,0.0,0.0,249.45,1.97,161.0,993.49,
2012,10,27,0,-3.52,70.88,0.0,0.0,0.0,241.42,2.08,158.0,993.3,
2012,10,27,1,-3.9,72.42,0.0,0.0,0.0,233.38,2.19,155.0,993.1,
2012,10,27,2,-4.28,73.97,0.0,0.0,0.0,225.35,2.3,152.0,992.91,
2012,10,27,3,-4.44,74.93,0.0,0.0,0.0,219.58,2.07,153.0,993.01,
2012,10,27,4,-4.61,75.9,0.0,0.0,0.0,213.82,1.83,155.0,993.1,
2012,10,27,5,-4.78,76.86,0.0,0.0,0.0,208.05,1.6,157.0,993.2,
2012,10,27,6,-4.75,76.82,0.0,0.0,0.0,207.92,1.58,156.0,993.27,
2012,10,27,7,-4.73,76.79,0.0,0.0,0.0,207.78,1.56,154.0,993.33,
2012,10,27,8,-4.7,76.75,0.0,0.0,0.0,207.65,1.54,153.0,993.4,
2012,10,27,9,-3.25,71.16,0.0,0.0,0.0,209.43,2.0,157.0,993.27,
2012,10,27,10,-1.79,65.58,77.0,127.58,59.0,211.22,2.46,160.0,993.14,
2012,10,27,11,-0.34,59.99,91.0,11.86,88.0,213.0,2.91,164.0,993.01,
2012,10,27,12,0.56,55.67,80.0,0.0,80.0,214.95,3.23,167.0,992.55,
2012,10,27,13,1.46,51.35,36.0,0.0,36.0,216.9,3.55,169.0,992.1,
2012,10,27,14,2.36,47.03,63.0,0.0,63.0,218.85,3.88,172.0,991.64,
2012,10,27,15,1.89,48.95,77.0,0.0,77.0,219.28,3.52,170.0,991.41,
2012,10,27,16,1.42,50.86,52.0,0.0,52.0,219.72,3.16,168.0,991.19,
2012,10,27,17,0.95,52.78,38.0,0.0,38.0,220.15,2.8,166.0,990.96,
2012,10,27,18,0.58,55.03,30.0,54.95,26.0,230.07,3.14,168.0,991.02,
2012,10,27,19,0.21,57.29,0.0,0.0,0.0,239.98,3.49,170.0,991.09,
2012,10,27,20,-0.16,59.54,0.0,0.0,0.0,249.9,3.83,172.0,991.15,
2012,10,27,21,0.09,61.05,0.0,0.0,0.0,256.77,4.11,173.0,990.53,
2012,10,27,22,0.32,62.55,0.0,0.0,0.0,263.63,4.4,174.0,989.92,
2012,10,27,23,0.56,64.06,0.0,0.0,0.0,270.5,4.68,175.0,989.3,
2012,10,28,0,1.09,65.73,0.0,0.0,0.0,273.17,5.13,177.0,988.62,
2012,10,28,1,1.61,67.39,0.0,0.0,0.0,275.83,5.58,178.0,987.93,
2012,10,28,2,2.13,69.06,0.0,0.0,0.0,278.5,6.03,179.0,987.25,
2012,10,28,3,2.9,70.93,0.0,0.0,0.0,289.52,6.29,183.0,986.73,
2012,10,28,4,3.67,72.81,0.0,0.0,0.0,300.53,6.56,187.0,986.21,
2012,10,28,5,4.43,74.68,0.0,0.0,0.0,311.55,6.83,191.0,985.69,
2012,10,28,6,5.03,77.63,0.0,0.0,0.0,313.22,6.68,195.0,985.37,
2012,10,28,7,5.63,80.57,0.0,0.0,0.0,314.88,6.53,198.0,985.04,
2012,10,28,8,6.23,83.52,0.0,0.0,0.0,316.55,6.39,201.0,984.72,
2012,10,28,9,7.38,81.07,0.0,0.0,0.0,312.65,6.46,206.0,985.07,
2012,10,28,10,8.54,78.61,57.0,44.08,51.0,308.75,6.53,212.0,985.43,
2012,10,28,11,9.69,76.16,60.0,0.0,60.0,304.85,6.61,217.0,985.79,
2012,10,28,12,10.01,75.08,90.0,0.0,90.0,305.75,6.69,223.0,986.05,
2012,10,28,13,10.32,73.99,54.0,0.0,54.0,306.65,6.78,229.0,986.31,
2012,10,28,14,10.64,72.91,137.0,5.17,135.0,307.55,6.87,236.0,986.57,
2012,10,28,15,10.14,75.73,33.0,0.0,33.0,311.65,6.43,236.0,987.15,
2012,10,28,16,9.65,78.54,119.0,20.64,113.0,315.75,5.99,236.0,987.74,
2012,10,28,17,9.15,81.36,58.0,5.21,57.0,319.85,5.54,236.0,988.32,
2012,10,28,18,8.71,81.89,6.0,0.0,6.0,314.87,5.01,235.0,988.88,
2012,10,28,19,8.27,82.41,0.0,0.0,0.0,309.88,4.48,235.0,989.43,
2012,10,28,20,7.84,82.94,0.0,0.0,0.0,304.9,3.94,234.0,989.98,
2012,10,28,21,7.44,84.2,0.0,0.0,0.0,304.83,3.77,237.0,990.4,
2012,10,28,22,7.05,85.47,0.0,0.0,0.0,304.77,3.6,241.0,990.83,
2012,10,28,23,6.66,86.73,0.0,0.0,0.0,304.7,3.42,244.0,991.25,
2012,10,29,0,6.15,85.85,0.0,0.0,0.0,309.03,3.51,251.0,991.9,
2012,10,29,1,5.65,84.98,0.0,0.0,0.0,313.37,3.6,259.0,992.55,
2012,10,29,2,5.14,84.1,0.0,0.0,0.0,317.7,3.7,266.0,993.2,
2012,10,29,3,4.58,80.54,0.0,0.0,0.0,317.4,3.47,272.0,994.24,
2012,10,29,4,4.01,76.99,0.0,0.0,0.0,317.1,3.25,278.0,995.28,
2012,10,29,5,3.44,73.43,0.0,0.0,0.0,316.8,3.02,284.0,996.32,
2012,10,29,6,2.72,75.51,0.0,0.0,0.0,308.02,2.91,282.0,997.13,
2012,10,29,7,1.99,77.58,0.0,0.0,0.0,299.23,2.81,280.0,997.95,
2012,10,29,8,1.27,79.66,0.0,0.0,0.0,290.45,2.7,277.0,998.76,
2012,10,29,9,2.31,72.82,0.0,0.0,0.0,277.82,3.03,275.0,999.35,
2012,10,29,10,3.34,65.97,79.0,198.25,53.0,265.18,3.35,273.0,999.93,
2012,10,29,11,4.38,59.13,145.0,144.21,110.0,252.55,3.67,271.0,1000.52,
2012,10,29,12,5.23,53.17,253.0,350.84,139.0,249.92,3.59,270.0,1000.68,
2012,10,29,13,6.08,47.21,185.0,48.36,167.0,247.28,3.5,269.0,1000.84,
2012,10,29,14,6.93,41.25,350.0,597.81,122.0,244.65,3.42,269.0,1001.0,
2012,10,29,15,6.27,42.88,290.0,420.73,142.0,243.75,2.9,267.0,1001.46,
2012,10,29,16,5.61,44.51,178.0,157.68,133.0,242.85,2.38,266.0,1001.91,
2012,10,29,17,4.95,46.14,88.0,58.89,77.0,241.95,1.86,264.0,1002.37,
2012,10,29,18,4.13,48.0,13.0,0.0,13.0,242.83,1.92,264.0,1002.82,
2012,10,29,19,3.31,49.86,0.0,0.0,0.0,243.72,1.97,264.0,1003.28,
2012,10,29,20,2.48,51.72,0.0,0.0,0.0,244.6,2.03,264.0,1003.73,
2012,10,29,21,1.63,55.86,0.0,0.0,0.0,243.37,2.11,253.0,1003.83,
2012,10,29,22,0.79,60.0,0.0,0.0,0.0,242.13,2.2,243.0,1003.93,
2012,10,29,23,-0.06,64.14,0.0,0.0,0.0,240.9,2.29,232.0,1004.03,
2012,10,30,0,0.07,63.12,0.0,0.0,0.0,240.77,2.34,220.0,1003.7,
2012,10,30,1,0.2,62.11,0.0,0.0,0.0,240.63,2.39,207.0,1003.38,
2012,10,30,2,0.33,61.09,0.0,0.0,0.0,240.5,2.44,195.0,1003.05,
2012,10,30,3,0.68,60.29,0.0,0.0,0.0,242.67,2.9,195.0,1002.66,
2012,10,30,4,1.03,59.49,0.0,0.0,0.0,244.83,3.35,194.0,1002.27,
2012,10,30,5,1.37,58.69,0.0,0.0,0.0,247.0,3.81,194.0,1001.88,
2012,10,30,6,1.46,66.69,0.0,0.0,0.0,248.75,3.95,196.0,1001.65,
2012,10,30,7,1.56,74.68,0.0,0.0,0.0,250.5,4.1,198.0,1001.43,
2012,10,30,8,1.65,82.68,0.0,0.0,0.0,252.25,4.25,200.0,1001.2,
2012,10,30,9,3.26,80.94,0.0,0.0,0.0,255.65,4.64,202.0,1000.58,
2012,10,30,10,4.88,79.21,53.0,47.54,47.0,259.05,5.04,204.0,999.96,
2012,10,30,11,6.49,77.47,122.0,75.76,104.0,262.45,5.43,205.0,999.35,
2012,10,30,12,7.87,72.83,247.0,340.94,138.0,264.57,5.56,208.0,998.47,
2012,10,30,13,9.24,68.18,303.0,416.98,150.0,266.68,5.69,210.0,997.59,
2012,10,30,14,10.62,63.54,330.0,515.89,136.0,268.8,5.82,212.0,996.71,
2012,10,30,15,10.39,63.45,332.0,710.06,86.0,268.5,5.47,212.0,996.09,
2012,10,30,16,10.16,63.36,227.0,424.77,108.0,268.2,5.12,212.0,995.48,
2012,10,30,17,9.93,63.27,136.0,363.31,70.0,267.9,4.77,212.0,994.86,
2012,10,30,18,9.46,61.2,20.0,34.66,18.0,265.7,4.98,211.0,994.63,
2012,10,30,19,8.99,59.13,0.0,0.0,0.0,263.5,5.2,210.0,994.4,
2012,10,30,20,8.52,57.06,0.0,0.0,0.0,261.3,5.41,208.0,994.18,
2012,10,30,21,8.15,55.99,0.0,0.0,0.0,258.95,5.49,210.0,993.88,
2012,10,30,22,7.78,54.91,0.0,0.0,0.0,256.6,5.56,212.0,993.59,
2012,10,30,23,7.41,53.84,0.0,0.0,0.0,254.25,5.64,213.0,993.3,
2012,10,31,0,7.09,53.47,0.0,0.0,0.0,252.48,5.49,216.0,992.88,
2012,10,31,1,6.78,53.11,0.0,0.0,0.0,250.72,5.35,218.0,992.45,
2012,10,31,2,6.47,52.74,0.0,0.0,0.0,248.95,5.2,220.0,992.03,
2012,10,31,3,6.37,52.68,0.0,0.0,0.0,248.6,5.12,223.0,991.77,
2012,10,31,4,6.27,52.62,0.0,0.0,0.0,248.25,5.03,226.0,991.51,
2012,10,31,5,6.16,52.56,0.0,0.0,0.0,247.9,4.95,229.0,991.25,
2012,10,31,6,6.2,54.84,0.0,0.0,0.0,249.5,4.8,232.0,991.09,
2012,10,31,7,6.25,57.12,0.0,0.0,0.0,251.1,4.66,235.0,990.93,
2012,10,31,8,6.29,59.4,0.0,0.0,0.0,252.7,4.51,238.0,990.76,
2012,10,31,9,7.25,58.45,0.0,0.0,0.0,255.9,4.2,246.0,991.22,
2012,10,31,10,8.22,57.49,10.0,0.0,10.0,259.1,3.89,254.0,991.67,
2012,10,31,11,9.18,56.54,37.0,0.0,37.0,262.3,3.57,262.0,992.13,
2012,10,31,12,9.17,60.02,149.0,44.51,135.0,269.5,3.69,282.0,992.68,
2012,10,31,13,9.15,63.51,51.0,0.0,51.0,276.7,3.8,303.0,993.23,
2012,10,31,14,9.14,66.99,31.0,0.0,31.0,283.9,3.92,324.0,993.79,
2012,10,31,15,7.98,69.72,34.0,0.0,34.0,289.87,3.86,333.0,994.83,
2012,10,31,16,6.83,72.46,35.0,0.0,35.0,295.83,3.8,343.0,995.87,
2012,10,31,17,5.67,75.19,74.0,33.97,68.0,301.8,3.74,353.0,996.91,
2012,10,31,18,5.07,68.83,3.0,0.0,3.0,308.32,3.81,358.0,997.75,
2012,10,31,19,4.47,62.47,0.0,0.0,0.0,314.83,3.88,2.0,998.6,
2012,10,31,20,3.88,56.11,0.0,0.0,0.0,321.35,3.94,7.0,999.44,
2012,10,31,21,3.13,54.28,0.0,0.0,0.0,320.12,3.93,11.0,1000.19,
2012,10,31,22,0.37,53.25,0.0,0.0,0.0,303.66,3.5,15.0,1000.94,
2012,10,31,23,0.14,54.96,0.0,0.0,0.0,298.76,3.36,19.0,1001.69,
2009,11,1,0,-0.09,56.66,0.0,0.0,0.0,293.86,3.22,22.0,1002.3,
2009,11,1,1,-0.32,58.37,0.0,0.0,0.0,288.96,3.08,26.0,1002.92,
2009,11,1,2,-0.55,60.07,0.0,0.0,0.0,284.06,2.94,29.0,1003.54,
2009,11,1,3,-0.77,61.78,0.0,0.0,0.0,279.16,2.8,31.0,1004.16,
2009,11,1,4,-1.0,63.48,0.0,0.0,0.0,274.26,2.66,33.0,1004.78,
2009,11,1,5,-1.23,65.19,0.0,0.0,0.0,269.36,2.52,35.0,1005.39,
2009,11,1,6,-1.46,66.89,0.0,0.0,0.0,264.46,2.38,241.0,994.73,
2009,11,1,7,-1.69,68.6,0.0,0.0,0.0,259.56,2.24,244.0,994.89,
2009,11,1,8,-1.91,70.3,0.0,0.0,0.0,254.66,2.1,247.0,995.05,
2009,11,1,9,-2.14,72.01,0.0,0.0,0.0,249.75,1.96,263.0,995.38,
2009,11,1,10,-2.37,73.71,59.0,125.51,45.0,244.85,1.82,280.0,995.7,
2009,11,1,11,-2.6,75.42,207.0,705.75,50.0,239.95,1.68,297.0,996.03,
2009,11,1,12,-2.83,77.12,257.0,463.49,116.0,235.05,1.54,306.0,996.06,
2009,11,1,13,-3.05,78.83,359.0,856.98,58.0,230.15,1.4,315.0,996.09,
2009,11,1,14,0.43,56.53,361.0,788.19,77.0,265.15,1.72,324.0,996.13,
2009,11,1,15,-0.29,60.49,330.0,794.92,67.0,266.38,1.86,340.0,996.26,
2009,11,1,16,-1.01,64.44,203.0,339.83,113.0,267.62,1.99,356.0,996.39,
2009,11,1,17,-1.73,68.4,134.0,461.71,57.0,268.85,2.12,12.0,996.52,
2009,11,1,18,-2.03,69.88,3.0,0.0,3.0,274.13,2.04,25.0,996.55,
2009,11,1,19,-2.33,71.35,0.0,0.0,0.0,279.42,1.95,37.0,996.58,
2009,11,1,20,-2.63,72.83,0.0,0.0,0.0,284.7,1.86,50.0,996.61,
2009,11,1,21,-2.78,73.97,0.0,0.0,0.0,287.55,1.7,47.0,996.78,
2009,11,1,22,-2.94,75.12,0.0,0.0,0.0,290.4,1.53,44.0,996.94,
2009,11,1,23,-3.09,76.26,0.0,0.0,0.0,293.25,1.37,41.0,997.1,
2009,11,2,0,-3.21,77.56,0.0,0.0,0.0,294.6,1.41,45.0,997.04,
2009,11,2,1,-3.34,78.86,0.0,0.0,0.0,295.95,1.46,48.0,996.97,
2009,11,2,2,-3.46,80.16,0.0,0.0,0.0,297.3,1.5,51.0,996.91,
2009,11,2,3,-3.66,81.81,0.0,0.0,0.0,296.17,1.55,49.0,996.78,
2009,11,2,4,-3.86,83.45,0.0,0.0,0.0,295.03,1.6,48.0,996.65,
2009,11,2,5,-4.05,85.1,0.0,0.0,0.0,293.9,1.66,46.0,996.52,
2009,11,2,6,-4.6,86.3,0.0,0.0,0.0,273.93,1.77,39.0,996.68,
2009,11,2,7,-5.14,87.49,0.0,0.0,0.0,253.97,1.89,31.0,996.84,
2009,11,2,8,-5.69,88.69,0.0,0.0,0.0,234.0,2.0,24.0,997.0,
2009,11,2,9,-4.45,84.67,0.0,0.0,0.0,233.53,2.26,27.0,997.1,
2009,11,2,10,-3.22,80.66,72.0,318.63,38.0,233.07,2.51,30.0,997.2,
2009,11,2,11,-1.98,76.64,173.0,413.84,83.0,232.6,2.77,34.0,997.3,
2009,11,2,12,-1.32,72.25,124.0,16.72,119.0,240.32,2.75,33.0,997.04,
2009,11,2,13,-0.67,67.86,102.0,0.0,102.0,248.03,2.73,32.0,996.78,
2009,11,2,14,-0.01,63.47,100.0,0.0,100.0,255.75,2.7,32.0,996.52,
2009,11,2,15,-0.73,66.9,212.0,165.76,158.0,261.47,2.46,32.0,996.22,
2009,11,2,16,-1.46,70.34,158.0,138.53,122.0,267.18,2.21,32.0,995.93,
2009,11,2,17,-2.18,73.77,53.0,6.17,52.0,272.9,1.96,32.0,995.64,
2009,11,2,18,-3.0,75.57,2.0,0.0,2.0,262.77,1.99,25.0,995.77,
2009,11,2,19,-3.81,77.38,0.0,0.0,0.0,252.63,2.02,18.0,995.9,
2009,11,2,20,-4.63,79.18,0.0,0.0,0.0,242.5,2.06,11.0,996.03,
2009,11,2,21,-4.71,78.01,0.0,0.0,0.0,248.33,2.06,11.0,995.87,
2009,11,2,22,-4.79,76.83,0.0,0.0,0.0,254.17,2.07,10.0,995.7,
2009,11,2,23,-4.87,75.66,0.0,0.0,0.0,260.0,2.08,9.0,995.54,
2009,11,3,0,-4.88,73.94,0.0,0.0,0.0,266.32,2.1,9.0,995.31,
2009,11,3,1,-4.9,72.22,0.0,0.0,0.0,272.63,2.12,8.0,995.09,
2009,11,3,2,-4.91,70.5,0.0,0.0,0.0,278.95,2.14,8.0,994.86,
2009,11,3,3,-5.05,69.6,0.0,0.0,0.0,281.6,2.42,6.0,994.66,
2009,11,3,4,-5.2,68.69,0.0,0.0,0.0,284.25,2.71,5.0,994.47,
2009,11,3,5,-5.34,67.79,0.0,0.0,0.0,286.9,2.99,4.0,994.27,
2009,11,3,6,-5.85,67.79,0.0,0.0,0.0,268.57,3.01,0.0,994.24,
2009,11,3,7,-6.35,67.79,0.0,0.0,0.0,250.23,3.02,357.0,994.21,
2009,11,3,8,-6.86,67.79,0.0,0.0,0.0,231.9,3.03,353.0,994.18,
2009,11,3,9,-5.96,65.68,0.0,0.0,0.0,225.1,3.37,356.0,994.18,
2009,11,3,10,-5.06,63.56,67.0,284.58,38.0,218.3,3.71,358.0,994.18,
2009,11,3,11,-4.16,61.45,192.0,644.63,55.0,211.5,4.04,1.0,994.18,
2009,11,3,12,-3.25,60.8,158.0,74.81,136.0,212.03,4.0,3.0,993.95,
2009,11,3,13,-2.33,60.14,192.0,85.04,163.0,212.57,3.95,6.0,993.72,
2009,11,3,14,-1.42,59.49,130.0,5.71,128.0,213.1,3.9,8.0,993.49,
2009,11,3,15,-1.96,63.26,123.0,9.35,120.0,212.62,3.37,9.0,993.53,
2009,11,3,16,-2.5,67.03,58.0,0.0,58.0,212.13,2.85,9.0,993.56,
2009,11,3,17,-3.04,70.8,67.0,31.8,62.0,211.65,2.32,9.0,993.59,
2009,11,3,18,-3.42,73.85,0.0,0.0,0.0,212.48,2.57,15.0,993.98,
2009,11,3,19,-3.81,76.91,0.0,0.0,0.0,213.32,2.81,20.0,994.37,
2009,11,3,20,-4.19,79.96,0.0,0.0,0.0,214.15,3.06,25.0,994.76,
2009,11,3,21,-4.13,80.26,0.0,0.0,0.0,218.98,2.95,27.0,994.92,
2009,11,3,22,-4.08,80.55,0.0,0.0,0.0,223.82,2.84,30.0,995.09,
2009,11,3,23,-4.02,80.85,0.0,0.0,0.0,228.65,2.73,33.0,995.25,
2009,11,4,0,-3.91,81.32,0.0,0.0,0.0,237.68,2.8,31.0,995.31,
2009,11,4,1,-3.79,81.8,0.0,0.0,0.0,246.72,2.86,30.0,995.38,
2009,11,4,2,-3.68,82.27,0.0,0.0,0.0,255.75,2.92,28.0,995.44,
2009,11,4,3,-3.6,83.23,0.0,0.0,0.0,259.75,3.12,29.0,995.54,
2009,11,4,4,-3.52,84.2,0.0,0.0,0.0,263.75,3.31,29.0,995.64,
2009,11,4,5,-3.44,85.16,0.0,0.0,0.0,267.75,3.5,30.0,995.74,
2009,11,4,6,-3.48,85.05,0.0,0.0,0.0,266.57,3.28,30.0,995.87,
2009,11,4,7,-3.51,84.94,0.0,0.0,0.0,265.38,3.06,31.0,996.0,
2009,11,4,8,-3.55,84.83,0.0,0.0,0.0,264.2,2.84,32.0,996.13,
2009,11,4,9,-2.87,82.53,0.0,0.0,0.0,266.65,3.1,33.0,996.48,
2009,11,4,10,-2.19,80.23,31.0,10.3,30.0,269.1,3.36,34.0,996.84,
2009,11,4,11,-1.51,77.93,64.0,4.82,63.0,271.55,3.61,36.0,997.2,
2009,11,4,12,-0.98,74.9,45.0,0.0,45.0,274.13,3.51,36.0,997.26,
2009,11,4,13,-0.45,71.87,52.0,0.0,52.0,276.72,3.41,36.0,997.33,
2009,11,4,14,0.08,68.84,51.0,0.0,51.0,279.3,3.31,36.0,997.39,
2009,11,4,15,-0.27,70.85,48.0,0.0,48.0,275.48,2.71,36.0,997.75,
2009,11,4,16,-0.62,72.85,42.0,0.0,42.0,271.67,2.11,36.0,998.11,
2009,11,4,17,-0.97,74.86,46.0,6.55,45.0,267.85,1.5,36.0,998.47,
2009,11,4,18,-1.67,78.52,0.0,0.0,0.0,266.75,1.53,42.0,999.15,
2009,11,4,19,-2.38,82.19,0.0,0.0,0.0,265.65,1.55,47.0,999.83,
2009,11,4,20,-3.08,85.85,0.0,0.0,0.0,264.55,1.57,52.0,1000.52,
2009,11,4,21,-3.18,86.14,0.0,0.0,0.0,266.85,1.39,69.0,1000.78,
2009,11,4,22,-3.29,86.42,0.0,0.0,0.0,269.15,1.21,86.0,1001.04,
2009,11,4,23,-3.39,86.71,0.0,0.0,0.0,271.45,1.03,104.0,1001.3,
2009,11,5,0,-3.46,87.01,0.0,0.0,0.0,272.48,0.92,116.0,1001.43,
2009,11,5,1,-3.54,87.3,0.0,0.0,0.0,273.52,0.81,129.0,1001.56,
2009,11,5,2,-3.61,87.6,0.0,0.0,0.0,274.55,0.7,142.0,1001.69,
2009,11,5,3,-3.64,87.77,0.0,0.0,0.0,273.4,0.64,146.0,1001.75,
2009,11,5,4,-3.67,87.93,0.0,0.0,0.0,272.25,0.57,151.0,1001.82,
2009,11,5,5,-3.7,88.1,0.0,0.0,0.0,271.1,0.51,156.0,1001.88,
2009,11,5,6,-3.76,87.32,0.0,0.0,0.0,269.57,0.49,164.0,1002.01,
2009,11,5,7,-3.81,86.53,0.0,0.0,0.0,268.03,0.46,172.0,1002.14,
2009,11,5,8,-3.87,85.75,0.0,0.0,0.0,266.5,0.44,180.0,1002.27,
2009,11,5,9,-3.3,82.43,0.0,0.0,0.0,266.93,0.59,122.0,1002.34,
2009,11,5,10,-2.72,79.12,32.0,21.65,30.0,267.37,0.74,63.0,1002.4,
2009,11,5,11,-2.15,75.8,117.0,123.31,92.0,267.8,0.88,4.0,1002.47,
2009,11,5,12,-1.76,72.87,112.0,14.08,108.0,267.78,1.03,8.0,1002.27,
2009,11,5,13,-1.38,69.93,108.0,3.02,107.0,267.77,1.19,11.0,1002.08,
2009,11,5,14,-0.99,67.0,66.0,0.0,66.0,267.75,1.34,14.0,1001.88,
2009,11,5,15,-1.3,68.92,117.0,6.43,115.0,269.42,1.23,17.0,1002.11,
2009,11,5,16,-1.62,70.84,76.0,0.0,76.0,271.08,1.13,20.0,1002.34,
2009,11,5,17,-1.93,72.76,84.0,135.08,64.0,272.75,1.02,23.0,1002.56,
2009,11,5,18,-2.5,75.18,0.0,0.0,0.0,269.58,1.12,21.0,1002.89,
2009,11,5,19,-3.06,77.59,0.0,0.0,0.0,266.42,1.21,20.0,1003.21,
2009,11,5,20,-3.62,80.01,0.0,0.0,0.0,263.25,1.31,18.0,1003.54,
2009,11,5,21,-3.72,80.92,0.0,0.0,0.0,263.88,1.58,18.0,1003.64,
2009,11,5,22,-3.83,81.84,0.0,0.0,0.0,264.52,1.85,17.0,1003.73,
2009,11,5,23,-3.93,82.75,0.0,0.0,0.0,265.15,2.12,17.0,1003.83,
2009,11,6,0,-4.03,83.72,0.0,0.0,0.0,267.0,2.51,17.0,1003.96,
2009,11,6,1,-4.12,84.68,0.0,0.0,0.0,268.85,2.9,18.0,1004.09,
2009,11,6,2,-4.22,85.65,0.0,0.0,0.0,270.7,3.28,18.0,1004.22,
2009,11,6,3,-4.3,85.2,0.0,0.0,0.0,272.85,3.57,20.0,1004.51,
2009,11,6,4,-4.38,84.75,0.0,0.0,0.0,275.0,3.86,21.0,1004.81,
2009,11,6,5,-4.46,84.3,0.0,0.0,0.0,277.15,4.15,23.0,1005.1,
2009,11,6,6,-4.56,83.95,0.0,0.0,0.0,278.37,4.26,25.0,1005.69,
2009,11,6,7,-4.66,83.61,0.0,0.0,0.0,279.58,4.37,26.0,1006.27,
2009,11,6,8,-4.76,83.26,0.0,0.0,0.0,280.8,4.48,28.0,1006.86,
2009,11,6,9,-4.59,80.97,0.0,0.0,0.0,280.25,4.67,31.0,1007.41,
2009,11,6,10,-4.43,78.68,33.0,34.21,30.0,279.7,4.85,33.0,1007.96,
2009,11,6,11,-4.26,76.39,76.0,15.16,73.0,279.15,5.03,35.0,1008.51,
2009,11,6,12,-4.18,73.79,52.0,0.0,52.0,274.98,5.14,36.0,1008.71,
2009,11,6,13,-4.1,71.18,48.0,0.0,48.0,270.82,5.25,36.0,1008.9,
2009,11,6,14,-4.02,68.58,77.0,0.0,77.0,266.65,5.35,36.0,1009.1,
2009,11,6,15,-4.57,68.38,132.0,22.86,125.0,258.12,5.24,38.0,1009.81,
2009,11,6,16,-5.11,68.17,157.0,186.87,112.0,249.58,5.13,40.0,1010.53,
2009,11,6,17,-5.66,67.97,110.0,417.82,50.0,241.05,5.02,41.0,1011.24,
2009,11,6,18,-6.05,68.2,0.0,0.0,0.0,237.8,4.63,42.0,1012.16,
2009,11,6,19,-6.43,68.44,0.0,0.0,0.0,234.55,4.24,44.0,1013.07,
2009,11,6,20,-6.81,68.67,0.0,0.0,0.0,231.3,3.85,45.0,1013.98,
2009,11,6,21,-7.29,67.33,0.0,0.0,0.0,225.88,3.6,46.0,1014.4,
2009,11,6,22,-7.77,65.99,0.0,0.0,0.0,220.47,3.36,46.0,1014.82,
2009,11,6,23,-8.25,64.65,0.0,0.0,0.0,215.05,3.12,47.0,1015.24,
2009,11,7,0,-8.66,64.38,0.0,0.0,0.0,208.9,2.93,48.0,1015.54,
2009,11,7,1,-9.07,64.1,0.0,0.0,0.0,202.75,2.75,49.0,1015.83,
2009,11,7,2,-9.48,63.83,0.0,0.0,0.0,196.6,2.57,50.0,1016.12,
2009,11,7,3,-9.81,64.19,0.0,0.0,0.0,190.78,2.44,50.0,1016.74,
2009,11,7,4,-10.14,64.56,0.0,0.0,0.0,184.97,2.31,50.0,1017.36,
2009,11,7,5,-10.46,64.92,0.0,0.0,0.0,179.15,2.18,50.0,1017.97,
2009,11,7,6,-11.21,67.93,0.0,0.0,0.0,177.82,2.18,52.0,1018.72,
2009,11,7,7,-11.96,70.93,0.0,0.0,0.0,176.48,2.18,54.0,1019.47,
2009,11,7,8,-12.71,73.94,0.0,0.0,0.0,175.15,2.18,56.0,1020.22,
2009,11,7,9,-11.44,68.7,0.0,0.0,0.0,175.98,2.41,61.0,1020.51,
2009,11,7,10,-10.18,63.46,40.0,96.34,32.0,176.82,2.64,67.0,1020.8,
2009,11,7,11,-8.91,58.22,128.0,222.65,85.0,177.65,2.87,72.0,1021.1,
2009,11,7,12,-7.83,53.43,156.0,98.41,129.0,179.05,2.65,75.0,1020.8,
2009,11,7,13,-6.75,48.64,209.0,165.01,156.0,180.45,2.43,77.0,1020.51,
2009,11,7,14,-5.67,43.85,209.0,145.26,161.0,181.85,2.21,79.0,1020.22,
2009,11,7,15,-6.27,45.54,265.0,527.43,106.0,181.23,2.26,80.0,1020.28,
2009,11,7,16,-6.88,47.23,182.0,359.79,97.0,180.62,2.31,81.0,1020.35,
2009,11,7,17,-7.48,48.92,101.0,351.92,52.0,180.0,2.36,82.0,1020.41,
2009,11,7,18,-8.1,52.06,0.0,0.0,0.0,180.57,2.43,92.0,1020.8,
2009,11,7,19,-8.71,55.19,0.0,0.0,0.0,181.13,2.5,101.0,1021.19,
2009,11,7,20,-9.32,58.33,0.0,0.0,0.0,181.7,2.57,111.0,1021.58,
2009,11,7,21,-9.69,58.69,0.0,0.0,0.0,180.92,2.62,120.0,1021.49,
2009,11,7,22,-10.06,59.05,0.0,0.0,0.0,180.13,2.67,130.0,1021.39,
2009,11,7,23,-10.43,59.41,0.0,0.0,0.0,179.35,2.72,139.0,1021.29,
2009,11,8,0,-10.59,58.98,0.0,0.0,0.0,178.18,2.79,149.0,1021.03,
2009,11,8,1,-10.75,58.54,0.0,0.0,0.0,177.02,2.86,159.0,1020.77,
2009,11,8,2,-10.91,58.11,0.0,0.0,0.0,175.85,2.94,169.0,1020.51,
2009,11,8,3,-10.67,56.06,0.0,0.0,0.0,177.48,2.79,175.0,1020.38,
2009,11,8,4,-10.44,54.01,0.0,0.0,0.0,179.12,2.64,180.0,1020.25,
2009,11,8,5,-10.2,51.96,0.0,0.0,0.0,180.75,2.5,185.0,1020.12,
2009,11,8,6,-10.31,50.77,0.0,0.0,0.0,187.35,2.87,185.0,1019.96,
2009,11,8,7,-10.41,49.58,0.0,0.0,0.0,193.95,3.24,186.0,1019.8,
2009,11,8,8,-10.51,48.39,0.0,0.0,0.0,200.55,3.61,186.0,1019.63,
2009,11,8,9,-9.49,45.34,0.0,0.0,0.0,211.92,4.1,188.0,1019.05,
2009,11,8,10,-8.48,42.3,29.0,38.25,26.0,223.28,4.59,191.0,1018.46,
2009,11,8,11,-7.46,39.25,55.0,0.0,55.0,234.65,5.08,194.0,1017.88,
2009,11,8,12,-6.7,38.09,69.0,0.0,69.0,241.12,5.2,194.0,1017.0,
2009,11,8,13,-5.94,36.94,86.0,0.0,86.0,247.58,5.33,195.0,1016.12,
2009,11,8,14,-5.18,35.78,28.0,0.0,28.0,254.05,5.46,196.0,1015.24,
2009,11,8,15,-5.18,38.59,203.0,208.88,141.0,258.48,5.62,196.0,1014.59,
2009,11,8,16,-5.19,41.41,83.0,8.63,81.0,262.92,5.78,195.0,1013.94,
2009,11,8,17,-5.19,44.22,36.0,0.0,36.0,267.35,5.94,195.0,1013.29,
2009,11,8,18,-5.2,45.85,0.0,0.0,0.0,268.1,6.34,196.0,1012.71,
2009,11,8,19,-5.21,47.49,0.0,0.0,0.0,268.85,6.74,198.0,1012.12,
2009,11,8,20,-5.22,49.12,0.0,0.0,0.0,269.6,7.14,199.0,1011.54,
2009,11,8,21,-5.19,49.82,0.0,0.0,0.0,270.02,7.33,201.0,1010.5,
2009,11,8,22,-5.15,50.51,0.0,0.0,0.0,270.43,7.51,203.0,1009.46,
2009,11,8,23,-5.12,51.21,0.0,0.0,0.0,270.85,7.7,205.0,1008.42,
2009,11,9,0,-5.06,53.21,0.0,0.0,0.0,271.03,7.79,207.0,1007.54,
2009,11,9,1,-4.99,55.21,0.0,0.0,0.0,271.22,7.88,210.0,1006.66,
2009,11,9,2,-4.93,57.21,0.0,0.0,0.0,271.4,7.97,212.0,1005.78,
2009,11,9,3,-4.84,60.25,0.0,0.0,0.0,272.2,8.0,214.0,1005.1,
2009,11,9,4,-4.75,63.3,0.0,0.0,0.0,273.0,8.04,217.0,1004.42,
2009,11,9,5,-4.65,66.34,0.0,0.0,0.0,273.8,8.07,220.0,1003.73,
2009,11,9,6,-4.39,68.4,0.0,0.0,0.0,274.73,7.8,223.0,1002.99,
2009,11,9,7,-4.13,70.47,0.0,0.0,0.0,275.67,7.54,226.0,1002.24,
2009,11,9,8,-3.87,72.53,0.0,0.0,0.0,276.6,7.27,229.0,1001.49,
2009,11,9,9,-3.37,73.37,0.0,0.0,0.0,278.7,7.18,232.0,1001.04,
2009,11,9,10,-2.87,74.2,31.0,54.16,27.0,280.8,7.09,235.0,1000.58,
2009,11,9,11,-2.37,75.04,73.0,21.77,69.0,282.9,6.99,238.0,1000.13,
2009,11,9,12,-1.81,73.25,54.0,0.0,54.0,284.12,6.62,241.0,999.67,
2009,11,9,13,-1.25,71.46,69.0,0.0,69.0,285.33,6.24,244.0,999.22,
2009,11,9,14,-0.69,69.67,65.0,0.0,65.0,286.55,5.86,247.0,998.76,
2009,11,9,15,-0.88,70.68,92.0,0.0,92.0,283.07,5.49,251.0,998.66,
2009,11,9,16,-1.08,71.69,98.0,26.39,92.0,279.58,5.12,254.0,998.57,
2009,11,9,17,-1.27,72.7,19.0,0.0,19.0,276.1,4.74,258.0,998.47,
2009,11,9,18,-1.67,73.91,0.0,0.0,0.0,266.05,4.69,264.0,998.76,
2009,11,9,19,-2.06,75.11,0.0,0.0,0.0,256.0,4.63,271.0,999.05,
2009,11,9,20,-2.46,76.32,0.0,0.0,0.0,245.95,4.57,278.0,999.35,
2009,11,9,21,-2.72,76.1,0.0,0.0,0.0,244.3,4.72,285.0,999.54,
2009,11,9,22,-2.98,75.87,0.0,0.0,0.0,242.65,4.88,292.0,999.74,
2009,11,9,23,-3.24,75.65,0.0,0.0,0.0,241.0,5.03,299.0,999.93,
2009,11,10,0,-3.4,74.26,0.0,0.0,0.0,249.22,5.04,302.0,1000.13,
2009,11,10,1,-3.57,72.87,0.0,0.0,0.0,257.43,5.05,305.0,1000.32,
2009,11,10,2,-3.73,71.48,0.0,0.0,0.0,265.65,5.06,308.0,1000.52,
2009,11,10,3,-3.84,71.14,0.0,0.0,0.0,266.73,4.98,310.0,1000.81,
2009,11,10,4,-3.96,70.8,0.0,0.0,0.0,267.82,4.9,312.0,1001.1,
2009,11,10,5,-4.07,70.46,0.0,0.0,0.0,268.9,4.81,315.0,1001.39,
2009,11,10,6,-4.07,71.44,0.0,0.0,0.0,266.83,4.89,319.0,1001.62,
2009,11,10,7,-4.06,72.41,0.0,0.0,0.0,264.77,4.97,323.0,1001.85,
2009,11,10,8,-4.05,73.39,0.0,0.0,0.0,262.7,5.05,326.0,1002.08,
2009,11,10,9,-3.82,71.92,0.0,0.0,0.0,265.38,4.9,329.0,1002.56,
2009,11,10,10,-3.58,70.44,21.0,14.43,20.0,268.07,4.75,332.0,1003.05,
2009,11,10,11,-3.35,68.97,67.0,16.75,64.0,270.75,4.61,335.0,1003.54,
2009,11,10,12,-3.18,67.2,81.0,0.0,81.0,271.15,4.48,335.0,1003.77,
2009,11,10,13,-3.02,65.43,167.0,74.93,144.0,271.55,4.35,335.0,1003.99,
2009,11,10,14,-2.85,63.66,87.0,0.0,87.0,271.95,4.22,335.0,1004.22,
2009,11,10,15,-3.29,64.0,210.0,267.55,133.0,267.87,4.02,338.0,1004.55,
2009,11,10,16,-3.74,64.34,123.0,94.13,102.0,263.78,3.83,341.0,1004.87,
2009,11,10,17,-4.18,64.68,88.0,307.83,49.0,259.7,3.63,344.0,1005.2,
2009,11,10,18,-4.39,65.86,0.0,0.0,0.0,260.25,3.45,351.0,1005.72,
2009,11,10,19,-4.6,67.03,0.0,0.0,0.0,260.8,3.28,357.0,1006.24,
2009,11,10,20,-4.81,68.21,0.0,0.0,0.0,261.35,3.1,3.0,1006.76,
2009,11,10,21,-5.21,68.46,0.0,0.0,0.0,258.23,3.03,4.0,1006.99,
2009,11,10,22,-5.6,68.72,0.0,0.0,0.0,255.12,2.95,6.0,1007.21,
2009,11,10,23,-6.0,68.97,0.0,0.0,0.0,252.0,2.87,8.0,1007.44,
2009,11,11,0,-6.2,68.69,0.0,0.0,0.0,249.88,2.74,6.0,1007.6,
2009,11,11,1,-6.4,68.4,0.0,0.0,0.0,247.77,2.62,5.0,1007.77,
2009,11,11,2,-6.6,68.12,0.0,0.0,0.0,245.65,2.5,4.0,1007.93,
2009,11,11,3,-6.73,68.07,0.0,0.0,0.0,245.3,2.34,9.0,1008.38,
2009,11,11,4,-6.86,68.01,0.0,0.0,0.0,244.95,2.19,14.0,1008.84,
2009,11,11,5,-6.99,67.96,0.0,0.0,0.0,244.6,2.04,18.0,1009.29,
2009,11,11,6,-7.16,69.5,0.0,0.0,0.0,243.8,1.91,35.0,1009.81,
2009,11,11,7,-7.32,71.05,0.0,0.0,0.0,243.0,1.78,52.0,1010.33,
2009,11,11,8,-7.49,72.59,0.0,0.0,0.0,242.2,1.66,68.0,1010.85,
2009,11,11,9,-6.97,70.95,0.0,0.0,0.0,242.13,1.5,82.0,1010.95,
2009,11,11,10,-6.46,69.3,11.0,0.0,11.0,242.07,1.34,95.0,1011.05,
2009,11,11,11,-5.94,67.66,37.0,0.0,37.0,242.0,1.19,109.0,1011.15,
2009,11,11,12,-5.33,65.6,59.0,0.0,59.0,241.42,1.16,122.0,1011.18,
2009,11,11,13,-4.71,63.55,179.0,112.45,145.0,240.83,1.14,136.0,1011.21,
2009,11,11,14,-4.1,61.49,149.0,38.48,137.0,240.25,1.12,149.0,1011.24,
2009,11,11,15,-4.15,61.82,149.0,67.04,130.0,244.73,1.39,148.0,1011.54,
2009,11,11,16,-4.2,62.16,127.0,118.78,101.0,249.22,1.67,146.0,1011.83,
2009,11,11,17,-4.25,62.49,47.0,24.45,44.0,253.7,1.94,144.0,1012.12,
2009,11,11,18,-4.76,65.55,0.0,0.0,0.0,251.17,2.46,144.0,1012.74,
2009,11,11,19,-5.26,68.6,0.0,0.0,0.0,248.63,2.97,143.0,1013.36,
2009,11,11,20,-5.77,71.66,0.0,0.0,0.0,246.1,3.48,142.0,1013.98,
2009,11,11,21,-6.3,73.14,0.0,0.0,0.0,239.03,3.49,148.0,1014.17,
2009,11,11,22,-6.84,74.61,0.0,0.0,0.0,231.97,3.51,154.0,1014.37,
2009,11,11,23,-7.37,76.09,0.0,0.0,0.0,224.9,3.53,160.0,1014.56,
2009,11,12,0,-7.88,77.64,0.0,0.0,0.0,217.02,3.46,164.0,1014.72,
2009,11,12,1,-8.39,79.19,0.0,0.0,0.0,209.13,3.38,168.0,1014.89,
2009,11,12,2,-8.9,80.74,0.0,0.0,0.0,201.25,3.31,171.0,1015.05,
2009,11,12,3,-8.97,81.27,0.0,0.0,0.0,201.47,3.37,172.0,1015.5,
2009,11,12,4,-9.04,81.8,0.0,0.0,0.0,201.68,3.44,172.0,1015.96,
2009,11,12,5,-9.11,82.33,0.0,0.0,0.0,201.9,3.5,172.0,1016.41,
2009,11,12,6,-8.67,82.25,0.0,0.0,0.0,216.17,3.6,174.0,1016.87,
2009,11,12,7,-8.22,82.16,0.0,0.0,0.0,230.43,3.71,175.0,1017.32,
2009,11,12,8,-7.78,82.08,0.0,0.0,0.0,244.7,3.81,177.0,1017.78,
2009,11,12,9,-7.05,79.87,0.0,0.0,0.0,234.58,3.91,177.0,1017.91,
2009,11,12,10,-6.32,77.65,13.0,0.0,13.0,224.47,4.02,177.0,1018.04,
2009,11,12,11,-5.59,75.44,103.0,164.75,75.0,214.35,4.12,177.0,1018.17,
2009,11,12,12,-4.67,72.45,76.0,0.0,76.0,213.3,4.26,176.0,1018.04,
2009,11,12,13,-3.75,69.46,67.0,0.0,67.0,212.25,4.4,176.0,1017.91,
2009,11,12,14,-2.83,66.47,151.0,45.54,137.0,211.2,4.54,176.0,1017.78,
2009,11,12,15,-3.52,68.33,269.0,734.48,64.0,211.25,4.27,174.0,1018.01,
2009,11,12,16,-4.22,70.2,164.0,353.86,88.0,211.3,4.0,171.0,1018.23,
2009,11,12,17,-4.91,72.06,84.0,336.65,44.0,211.35,3.74,169.0,1018.46,
2009,11,12,18,-5.32,72.7,0.0,0.0,0.0,210.95,3.92,169.0,1019.24,
2009,11,12,19,-5.72,73.34,0.0,0.0,0.0,210.55,4.1,169.0,1020.02,
2009,11,12,20,-6.12,73.98,0.0,0.0,0.0,210.15,4.28,168.0,1020.8,
2009,11,12,21,-6.45,74.2,0.0,0.0,0.0,210.42,4.37,171.0,1020.97,
2009,11,12,22,-6.77,74.43,0.0,0.0,0.0,210.68,4.46,174.0,1021.13,
2009,11,12,23,-7.1,74.65,0.0,0.0,0.0,210.95,4.55,176.0,1021.29,
2009,11,13,0,-7.27,74.61,0.0,0.0,0.0,211.17,4.53,180.0,1021.39,
2009,11,13,1,-7.45,74.56,0.0,0.0,0.0,211.38,4.51,183.0,1021.49,
2009,11,13,2,-7.62,74.52,0.0,0.0,0.0,211.6,4.5,186.0,1021.58,
2009,11,13,3,-7.68,74.31,0.0,0.0,0.0,211.43,4.46,187.0,1021.65,
2009,11,13,4,-7.75,74.11,0.0,0.0,0.0,211.27,4.41,188.0,1021.71,
2009,11,13,5,-7.81,73.9,0.0,0.0,0.0,211.1,4.37,189.0,1021.78,
2009,11,13,6,-8.04,74.97,0.0,0.0,0.0,211.48,4.41,190.0,1022.01,
2009,11,13,7,-8.26,76.03,0.0,0.0,0.0,211.87,4.45,190.0,1022.23,
2009,11,13,8,-8.49,77.1,0.0,0.0,0.0,212.25,4.48,190.0,1022.46,
2009,11,13,9,-7.63,74.06,0.0,0.0,0.0,213.08,4.73,192.0,1022.53,
2009,11,13,10,-6.77,71.03,19.0,35.69,17.0,213.92,4.98,194.0,1022.59,
2009,11,13,11,-5.91,67.99,89.0,102.73,72.0,214.75,5.23,196.0,1022.66,
2009,11,13,12,-4.89,64.55,118.0,44.64,107.0,216.17,5.3,197.0,1022.14,
2009,11,13,13,-3.87,61.1,204.0,221.57,139.0,217.58,5.37,198.0,1021.62,
2009,11,13,14,-2.85,57.66,174.0,98.99,144.0,219.0,5.43,200.0,1021.1,
2009,11,13,15,-3.23,59.23,181.0,185.52,130.0,218.78,5.13,201.0,1021.06,
2009,11,13,16,-3.61,60.81,144.0,237.24,94.0,218.57,4.82,202.0,1021.03,
2009,11,13,17,-3.99,62.38,87.0,443.35,36.0,218.35,4.51,203.0,1021.0,
2009,11,13,18,-4.37,64.66,0.0,0.0,0.0,217.23,4.6,206.0,1021.16,
2009,11,13,19,-4.75,66.94,0.0,0.0,0.0,216.12,4.69,209.0,1021.32,
2009,11,13,20,-5.13,69.22,0.0,0.0,0.0,215.0,4.79,211.0,1021.49,
2009,11,13,21,-5.42,69.71,0.0,0.0,0.0,214.53,4.85,213.0,1021.29,
2009,11,13,22,-5.72,70.19,0.0,0.0,0.0,214.07,4.91,214.0,1021.1,
2009,11,13,23,-6.01,70.68,0.0,0.0,0.0,213.6,4.97,216.0,1020.9,
2009,11,14,0,-6.13,70.48,0.0,0.0,0.0,213.92,5.01,217.0,1020.77,
2009,11,14,1,-6.24,70.27,0.0,0.0,0.0,214.23,5.06,219.0,1020.64,
2009,11,14,2,-6.36,70.07,0.0,0.0,0.0,214.55,5.1,220.0,1020.51,
2009,11,14,3,-6.36,69.42,0.0,0.0,0.0,215.05,5.03,223.0,1020.48,
2009,11,14,4,-6.36,68.76,0.0,0.0,0.0,215.55,4.95,225.0,1020.45,
2009,11,14,5,-6.36,68.11,0.0,0.0,0.0,216.05,4.87,227.0,1020.41,
2009,11,14,6,-6.26,68.41,0.0,0.0,0.0,216.85,4.82,228.0,1020.09,
2009,11,14,7,-6.16,68.71,0.0,0.0,0.0,217.65,4.77,229.0,1019.76,
2009,11,14,8,-6.06,69.01,0.0,0.0,0.0,218.45,4.72,230.0,1019.44,
2009,11,14,9,-5.22,66.2,0.0,0.0,0.0,218.68,4.78,231.0,1019.28,
2009,11,14,10,-4.38,63.38,20.0,58.02,17.0,218.92,4.84,232.0,1019.11,
2009,11,14,11,-3.54,60.57,99.0,180.04,70.0,219.15,4.9,233.0,1018.95,
2009,11,14,12,-2.48,57.12,152.0,157.02,114.0,220.2,4.8,233.0,1018.63,
2009,11,14,13,-1.43,53.68,195.0,200.71,137.0,221.25,4.7,233.0,1018.3,
2009,11,14,14,-0.37,50.23,167.0,87.02,141.0,222.3,4.61,234.0,1017.97,
2009,11,14,15,-1.18,52.67,212.0,358.23,115.0,221.28,4.3,232.0,1017.78,
2009,11,14,16,-1.98,55.11,148.0,285.24,89.0,220.27,4.0,230.0,1017.58,
2009,11,14,17,-2.79,57.55,70.0,224.52,45.0,219.25,3.7,229.0,1017.39,
2009,11,14,18,-3.66,61.23,0.0,0.0,0.0,216.47,3.77,229.0,1017.45,
2009,11,14,19,-4.54,64.9,0.0,0.0,0.0,213.68,3.85,230.0,1017.52,
2009,11,14,20,-5.41,68.58,0.0,0.0,0.0,210.9,3.93,230.0,1017.58,
2009,11,14,21,-5.76,68.79,0.0,0.0,0.0,208.25,4.0,230.0,1017.23,
2009,11,14,22,-6.12,68.99,0.0,0.0,0.0,205.6,4.06,230.0,1016.87,
2009,11,14,23,-6.47,69.2,0.0,0.0,0.0,202.95,4.12,230.0,1016.51,
2009,11,15,0,-6.5,68.02,0.0,0.0,0.0,202.88,4.16,231.0,1016.19,
2009,11,15,1,-6.53,66.83,0.0,0.0,0.0,202.82,4.2,231.0,1015.86,
2009,11,15,2,-6.56,65.65,0.0,0.0,0.0,202.75,4.23,232.0,1015.54,
2009,11,15,3,-6.56,64.37,0.0,0.0,0.0,203.45,4.17,233.0,1015.28,
2009,11,15,4,-6.56,63.08,0.0,0.0,0.0,204.15,4.1,234.0,1015.02,
2009,11,15,5,-6.56,61.8,0.0,0.0,0.0,204.85,4.03,235.0,1014.76,
2009,11,15,6,-6.79,60.94,0.0,0.0,0.0,205.37,3.91,236.0,1014.53,
2009,11,15,7,-7.01,60.08,0.0,0.0,0.0,205.88,3.79,238.0,1014.3,
2009,11,15,8,-7.24,59.22,0.0,0.0,0.0,206.4,3.67,239.0,1014.07,
2009,11,15,9,-6.24,57.8,0.0,0.0,0.0,206.83,3.83,238.0,1014.01,
2009,11,15,10,-5.25,56.38,16.0,42.16,14.0,207.27,3.98,238.0,1013.94,
2009,11,15,11,-4.25,54.96,93.0,153.13,69.0,207.7,4.14,237.0,1013.88,
2009,11,15,12,-3.09,52.56,130.0,88.37,109.0,209.37,4.13,237.0,1013.29,
2009,11,15,13,-1.94,50.15,180.0,151.05,137.0,211.03,4.12,237.0,1012.71,
2009,11,15,14,-0.78,47.75,210.0,241.01,139.0,212.7,4.11,236.0,1012.12,
2009,11,15,15,-2.17,50.15,228.0,494.85,96.0,212.22,3.78,237.0,1011.86,
2009,11,15,16,-3.55,52.56,130.0,187.17,92.0,211.73,3.45,238.0,1011.6,
2009,11,15,17,-4.94,54.96,73.0,315.49,39.0,211.25,3.12,239.0,1011.34,
2009,11,15,18,-5.36,57.23,0.0,0.0,0.0,210.57,3.19,244.0,1011.37,
2009,11,15,19,-5.78,59.51,0.0,0.0,0.0,209.88,3.26,248.0,1011.41,
2009,11,15,20,-6.2,61.78,0.0,0.0,0.0,209.2,3.32,252.0,1011.44,
2009,11,15,21,-6.73,62.81,0.0,0.0,0.0,207.48,3.19,254.0,1011.24,
2009,11,15,22,-7.27,63.85,0.0,0.0,0.0,205.77,3.05,255.0,1011.05,
2009,11,15,23,-7.8,64.88,0.0,0.0,0.0,204.05,2.91,256.0,1010.85,
2009,11,16,0,-7.99,65.06,0.0,0.0,0.0,202.87,2.81,258.0,1010.59,
2009,11,16,1,-8.18,65.25,0.0,0.0,0.0,201.68,2.72,259.0,1010.33,
2009,11,16,2,-8.37,65.43,0.0,0.0,0.0,200.5,2.62,261.0,1010.07,
2009,11,16,3,-8.2,64.34,0.0,0.0,0.0,199.5,2.51,264.0,1010.04,
2009,11,16,4,-8.03,63.24,0.0,0.0,0.0,198.5,2.41,267.0,1010.01,
2009,11,16,5,-7.86,62.15,0.0,0.0,0.0,197.5,2.3,270.0,1009.98,
2009,11,16,6,-8.71,64.57,0.0,0.0,0.0,197.45,2.26,279.0,1009.88,
2009,11,16,7,-9.55,66.99,0.0,0.0,0.0,197.4,2.21,288.0,1009.78,
2009,11,16,8,-10.4,69.41,0.0,0.0,0.0,197.35,2.17,297.0,1009.68,
2009,11,16,9,-9.05,66.56,0.0,0.0,0.0,197.67,1.71,306.0,1009.81,
2009,11,16,10,-7.7,63.71,12.0,23.13,11.0,197.98,1.25,315.0,1009.94,
2009,11,16,11,-6.35,60.86,111.0,341.09,59.0,198.3,0.79,324.0,1010.07,
2009,11,16,12,-4.65,57.9,149.0,171.41,109.0,200.3,0.63,342.0,1009.88,
2009,11,16,13,-2.95,54.93,202.0,260.31,129.0,202.3,0.48,1.0,1009.68,
2009,11,16,14,-1.25,51.97,212.0,268.52,134.0,204.3,0.33,20.0,1009.49,
2009,11,16,15,-1.85,55.38,247.0,681.09,68.0,203.68,0.43,51.0,1009.46,
2009,11,16,16,-2.45,58.79,157.0,401.39,77.0,203.07,0.53,83.0,1009.42,
2009,11,16,17,-3.05,62.2,67.0,258.88,40.0,202.45,0.63,115.0,1009.39,
2009,11,16,18,-4.32,65.94,0.0,0.0,0.0,203.12,1.03,142.0,1009.62,
2009,11,16,19,-5.58,69.69,0.0,0.0,0.0,203.78,1.42,169.0,1009.85,
2009,11,16,20,-6.84,73.43,0.0,0.0,0.0,204.45,1.81,196.0,1010.07,
2009,11,16,21,-7.36,73.75,0.0,0.0,0.0,204.55,1.88,196.0,1009.88,
2009,11,16,22,-7.88,74.07,0.0,0.0,0.0,204.65,1.94,195.0,1009.68,
2009,11,16,23,-8.4,74.39,0.0,0.0,0.0,204.75,2.01,194.0,1009.49,
2009,11,17,0,-8.78,74.51,0.0,0.0,0.0,204.78,2.13,197.0,1009.39,
2009,11,17,1,-9.17,74.62,0.0,0.0,0.0,204.82,2.25,199.0,1009.29,
2009,11,17,2,-9.55,74.74,0.0,0.0,0.0,204.85,2.37,201.0,1009.2,
2009,11,17,3,-9.5,73.59,0.0,0.0,0.0,205.05,2.47,204.0,1009.2,
2009,11,17,4,-9.45,72.43,0.0,0.0,0.0,205.25,2.57,207.0,1009.2,
2009,11,17,5,-9.4,71.28,0.0,0.0,0.0,205.45,2.66,210.0,1009.2,
2009,11,17,6,-9.46,70.69,0.0,0.0,0.0,205.52,2.75,214.0,1009.26,
2009,11,17,7,-9.51,70.11,0.0,0.0,0.0,205.58,2.84,217.0,1009.33,
2009,11,17,8,-9.56,69.52,0.0,0.0,0.0,205.65,2.92,220.0,1009.39,
2009,11,17,9,-7.71,64.72,0.0,0.0,0.0,208.92,3.12,220.0,1009.36,
2009,11,17,10,-5.87,59.91,11.0,0.0,11.0,212.18,3.32,219.0,1009.33,
2009,11,17,11,-4.02,55.11,97.0,236.11,62.0,215.45,3.52,219.0,1009.29,
2009,11,17,12,-2.21,51.42,103.0,34.91,95.0,221.35,3.67,218.0,1008.77,
2009,11,17,13,-0.4,47.72,252.0,604.43,85.0,227.25,3.82,217.0,1008.25,
2009,11,17,14,1.41,44.03,206.0,254.83,133.0,233.15,3.97,217.0,1007.73,
2009,11,17,15,0.79,45.3,255.0,807.02,46.0,232.53,3.94,216.0,1007.51,
2009,11,17,16,0.17,46.57,172.0,592.77,56.0,231.92,3.92,215.0,1007.28,
2009,11,17,17,-0.45,47.84,71.0,366.6,34.0,231.3,3.89,215.0,1007.05,
2009,11,17,18,-0.76,50.33,0.0,0.0,0.0,234.05,3.93,214.0,1007.05,
2009,11,17,19,-1.06,52.81,0.0,0.0,0.0,236.8,3.96,214.0,1007.05,
2009,11,17,20,-1.37,55.3,0.0,0.0,0.0,239.55,4.0,214.0,1007.05,
2009,11,17,21,-1.52,54.85,0.0,0.0,0.0,241.95,4.14,214.0,1006.79,
2009,11,17,22,-1.66,54.41,0.0,0.0,0.0,244.35,4.28,214.0,1006.53,
2009,11,17,23,-1.81,53.96,0.0,0.0,0.0,246.75,4.41,214.0,1006.27,
2009,11,18,0,-1.86,53.03,0.0,0.0,0.0,246.58,4.56,215.0,1005.82,
2009,11,18,1,-1.9,52.11,0.0,0.0,0.0,246.42,4.7,215.0,1005.36,
2009,11,18,2,-1.95,51.18,0.0,0.0,0.0,246.25,4.84,215.0,1004.91,
2009,11,18,3,-1.91,50.45,0.0,0.0,0.0,244.67,4.91,216.0,1004.65,
2009,11,18,4,-1.87,49.71,0.0,0.0,0.0,243.08,4.97,217.0,1004.38,
2009,11,18,5,-1.82,48.98,0.0,0.0,0.0,241.5,5.03,217.0,1004.12,
2009,11,18,6,-1.7,48.27,0.0,0.0,0.0,239.57,5.07,218.0,1003.8,
2009,11,18,7,-1.57,47.56,0.0,0.0,0.0,237.63,5.11,219.0,1003.47,
2009,11,18,8,-1.45,46.85,0.0,0.0,0.0,235.7,5.14,219.0,1003.15,
2009,11,18,9,-0.99,47.7,0.0,0.0,0.0,235.82,5.05,221.0,1003.08,
2009,11,18,10,-0.53,48.54,0.0,0.0,0.0,235.93,4.95,223.0,1003.02,
2009,11,18,11,-0.07,49.39,68.0,62.46,59.0,236.05,4.86,225.0,1002.95,
2009,11,18,12,0.58,49.79,113.0,62.22,99.0,236.82,4.5,227.0,1002.63,
2009,11,18,13,1.22,50.18,178.0,176.32,130.0,237.58,4.15,229.0,1002.3,
2009,11,18,14,1.87,50.58,161.0,95.56,134.0,238.35,3.79,231.0,1001.98,
2009,11,18,15,0.28,55.28,91.0,7.84,89.0,238.35,3.49,227.0,1001.72,
2009,11,18,16,-1.32,59.97,154.0,431.88,71.0,238.35,3.18,223.0,1001.46,
2009,11,18,17,-2.91,64.67,76.0,511.93,26.0,238.35,2.87,218.0,1001.2,
2009,11,18,18,-3.59,65.16,0.0,0.0,0.0,234.35,2.72,214.0,1001.17,
2009,11,18,19,-4.27,65.65,0.0,0.0,0.0,230.35,2.57,209.0,1001.13,
2009,11,18,20,-4.95,66.14,0.0,0.0,0.0,226.35,2.43,205.0,1001.1,
2009,11,18,21,-5.47,65.82,0.0,0.0,0.0,222.67,2.46,202.0,1000.71,
2009,11,18,22,-5.99,65.5,0.0,0.0,0.0,218.98,2.5,199.0,1000.32,
2009,11,18,23,-6.51,65.18,0.0,0.0,0.0,215.3,2.54,196.0,999.93,
2009,11,19,0,-6.61,64.19,0.0,0.0,0.0,215.22,2.69,196.0,999.48,
2009,11,19,1,-6.71,63.21,0.0,0.0,0.0,215.13,2.83,197.0,999.02,
2009,11,19,2,-6.81,62.22,0.0,0.0,0.0,215.05,2.98,198.0,998.57,
2009,11,19,3,-6.59,61.04,0.0,0.0,0.0,217.0,2.95,199.0,998.05,
2009,11,19,4,-6.37,59.85,0.0,0.0,0.0,218.95,2.91,201.0,997.52,
2009,11,19,5,-6.15,58.67,0.0,0.0,0.0,220.9,2.88,202.0,997.0,
2009,11,19,6,-5.67,55.89,0.0,0.0,0.0,224.33,2.81,199.0,996.55,
2009,11,19,7,-5.19,53.1,0.0,0.0,0.0,227.77,2.74,196.0,996.09,
2009,11,19,8,-4.71,50.32,0.0,0.0,0.0,231.2,2.66,192.0,995.64,
2009,11,19,9,-4.11,50.43,0.0,0.0,0.0,235.43,2.93,192.0,995.44,
2009,11,19,10,-3.52,50.53,0.0,0.0,0.0,239.67,3.2,191.0,995.25,
2009,11,19,11,-2.92,50.64,70.0,78.56,59.0,243.9,3.46,191.0,995.05,
2009,11,19,12,-2.15,50.1,116.0,76.94,99.0,244.58,3.18,191.0,994.44,
2009,11,19,13,-1.37,49.57,200.0,298.22,120.0,245.27,2.89,191.0,993.82,
2009,11,19,14,-0.6,49.03,173.0,139.93,134.0,245.95,2.61,191.0,993.2,
2009,11,19,15,-1.75,53.71,221.0,548.48,83.0,241.73,2.58,184.0,992.55,
2009,11,19,16,-2.9,58.39,158.0,508.53,62.0,237.52,2.56,178.0,991.9,
2009,11,19,17,-4.05,63.07,59.0,253.91,35.0,233.3,2.54,171.0,991.25,
2009,11,19,18,-4.16,65.07,0.0,0.0,0.0,234.33,2.38,168.0,991.06,
2009,11,19,19,-4.28,67.07,0.0,0.0,0.0,235.37,2.22,166.0,990.86,
2009,11,19,20,-4.39,69.07,0.0,0.0,0.0,236.4,2.06,163.0,990.66,
2009,11,19,21,-4.42,69.09,0.0,0.0,0.0,237.05,1.8,157.0,990.31,
2009,11,19,22,-4.45,69.11,0.0,0.0,0.0,237.7,1.55,151.0,989.95,
2009,11,19,23,-4.48,69.13,0.0,0.0,0.0,238.35,1.3,144.0,989.59,
2009,11,20,0,-4.84,70.28,0.0,0.0,0.0,232.63,1.2,126.0,989.01,
2009,11,20,1,-5.2,71.44,0.0,0.0,0.0,226.92,1.11,107.0,988.42,
2009,11,20,2,-5.56,72.59,0.0,0.0,0.0,221.2,1.02,89.0,987.84,
2009,11,20,3,-6.0,73.6,0.0,0.0,0.0,219.87,1.22,79.0,987.48,
2009,11,20,4,-6.44,74.61,0.0,0.0,0.0,218.53,1.43,70.0,987.12,
2009,11,20,5,-6.87,75.62,0.0,0.0,0.0,217.2,1.63,61.0,986.76,
2009,11,20,6,-7.39,78.52,0.0,0.0,0.0,221.27,1.84,58.0,986.6,
2009,11,20,7,-7.91,81.41,0.0,0.0,0.0,225.33,2.06,54.0,986.44,
2009,11,20,8,-8.43,84.31,0.0,0.0,0.0,229.4,2.28,51.0,986.28,
2009,11,20,9,-7.56,82.51,0.0,0.0,0.0,238.67,2.2,46.0,986.15,
2009,11,20,10,-6.7,80.71,0.0,0.0,0.0,247.93,2.13,40.0,986.02,
2009,11,20,11,-5.83,78.91,111.0,536.67,38.0,257.2,2.06,35.0,985.89,
2009,11,20,12,-5.03,76.89,119.0,92.17,99.0,261.53,2.17,30.0,985.27,
2009,11,20,13,-4.23,74.86,137.0,64.3,120.0,265.87,2.29,25.0,984.65,
2009,11,20,14,-3.43,72.84,118.0,21.82,112.0,270.2,2.4,20.0,984.03,
2009,11,20,15,-3.7,74.33,113.0,36.28,104.0,272.52,2.45,19.0,983.74,
2009,11,20,16,-3.98,75.81,66.0,10.78,64.0,274.83,2.5,18.0,983.45,
2009,11,20,17,-4.25,77.3,43.0,87.45,35.0,277.15,2.55,16.0,983.15,
2009,11,20,18,-4.53,78.37,0.0,0.0,0.0,274.1,2.56,11.0,983.02,
2009,11,20,19,-4.8,79.44,0.0,0.0,0.0,271.05,2.57,6.0,982.89,
2009,11,20,20,-5.07,80.51,0.0,0.0,0.0,268.0,2.58,1.0,982.76,
2009,11,20,21,-5.32,80.96,0.0,0.0,0.0,267.62,2.55,356.0,982.37,
2009,11,20,22,-5.58,81.4,0.0,0.0,0.0,267.23,2.51,350.0,981.98,
2009,11,20,23,-5.83,81.85,0.0,0.0,0.0,266.85,2.48,344.0,981.59,
2009,11,21,0,-5.86,82.05,0.0,0.0,0.0,269.1,2.57,339.0,981.46,
2009,11,21,1,-5.9,82.24,0.0,0.0,0.0,271.35,2.67,334.0,981.33,
2009,11,21,2,-5.93,82.44,0.0,0.0,0.0,273.6,2.76,329.0,981.2,
2009,11,21,3,-5.9,82.62,0.0,0.0,0.0,274.5,2.8,325.0,981.07,
2009,11,21,4,-5.87,82.79,0.0,0.0,0.0,275.4,2.85,321.0,980.94,
2009,11,21,5,-5.84,82.97,0.0,0.0,0.0,276.3,2.9,317.0,980.81,
2009,11,21,6,-5.8,83.71,0.0,0.0,0.0,267.63,2.92,315.0,980.65,
2009,11,21,7,-5.75,84.46,0.0,0.0,0.0,258.97,2.95,313.0,980.49,
2009,11,21,8,-5.71,85.2,0.0,0.0,0.0,250.3,2.98,311.0,980.33,
2009,11,21,9,-5.06,83.48,0.0,0.0,0.0,253.22,3.32,311.0,980.36,
2009,11,21,10,-4.41,81.77,0.0,0.0,0.0,256.13,3.67,311.0,980.39,
2009,11,21,11,-3.76,80.05,60.0,52.99,53.0,259.05,4.01,311.0,980.42,
2009,11,21,12,-3.1,78.24,90.0,23.46,85.0,259.13,3.93,306.0,980.13,
2009,11,21,13,-2.44,76.44,132.0,57.56,117.0,259.22,3.85,302.0,979.84,
2009,11,21,14,-1.78,74.63,162.0,121.62,129.0,259.3,3.77,298.0,979.55,
2009,11,21,15,-2.07,76.72,219.0,588.62,75.0,259.03,3.19,293.0,979.55,
2009,11,21,16,-2.37,78.81,156.0,565.02,53.0,258.77,2.62,288.0,979.55,
2009,11,21,17,-2.66,80.9,38.0,56.46,33.0,258.5,2.04,283.0,979.55,
2009,11,21,18,-2.9,81.84,0.0,0.0,0.0,260.33,1.95,279.0,979.87,
2009,11,21,19,-3.14,82.77,0.0,0.0,0.0,262.17,1.87,275.0,980.2,
2009,11,21,20,-3.38,83.71,0.0,0.0,0.0,264.0,1.78,271.0,980.52,
2009,11,21,21,-3.52,84.62,0.0,0.0,0.0,265.25,1.76,270.0,980.59,
2009,11,21,22,-3.66,85.54,0.0,0.0,0.0,266.5,1.73,270.0,980.65,
2009,11,21,23,-3.8,86.45,0.0,0.0,0.0,267.75,1.71,270.0,980.72,
2009,11,22,0,-3.99,87.69,0.0,0.0,0.0,269.38,1.72,270.0,980.91,
2009,11,22,1,-4.17,88.93,0.0,0.0,0.0,271.02,1.74,270.0,981.11,
2009,11,22,2,-4.36,90.17,0.0,0.0,0.0,272.65,1.75,270.0,981.3,
2009,11,22,3,-4.33,90.89,0.0,0.0,0.0,275.77,1.76,276.0,981.85,
2009,11,22,4,-4.31,91.62,0.0,0.0,0.0,278.88,1.77,282.0,982.41,
2009,11,22,5,-4.28,92.34,0.0,0.0,0.0,282.0,1.78,288.0,982.96,
2009,11,22,6,-4.25,92.51,0.0,0.0,0.0,282.3,1.66,300.0,983.51,
2009,11,22,7,-4.21,92.68,0.0,0.0,0.0,282.6,1.54,312.0,984.07,
2009,11,22,8,-4.18,92.85,0.0,0.0,0.0,282.9,1.42,324.0,984.62,
2009,11,22,9,-3.68,91.47,0.0,0.0,0.0,285.23,1.46,335.0,985.33,
2009,11,22,10,-3.17,90.1,0.0,0.0,0.0,287.57,1.49,347.0,986.05,
2009,11,22,11,-2.67,88.72,25.0,0.0,25.0,289.9,1.53,359.0,986.76,
2009,11,22,12,-2.19,84.56,123.0,129.01,96.0,287.57,1.48,358.0,987.06,
2009,11,22,13,-1.72,80.39,126.0,50.61,113.0,285.23,1.43,357.0,987.35,
2009,11,22,14,-1.24,76.23,98.0,7.47,96.0,282.9,1.38,356.0,987.64,
2009,11,22,15,-1.72,77.96,124.0,66.3,108.0,282.23,1.26,19.0,988.36,
2009,11,22,16,-2.2,79.7,55.0,0.0,55.0,281.57,1.14,42.0,989.07,
2009,11,22,17,-2.68,81.43,33.0,34.99,30.0,280.9,1.02,65.0,989.79,
2009,11,22,18,-3.22,84.52,0.0,0.0,0.0,280.15,1.23,87.0,990.47,
2009,11,22,19,-3.75,87.61,0.0,0.0,0.0,279.4,1.43,109.0,991.15,
2009,11,22,20,-4.29,90.7,0.0,0.0,0.0,278.65,1.64,130.0,991.84,
2009,11,22,21,-4.18,91.02,0.0,0.0,0.0,281.03,1.65,139.0,992.19,
2009,11,22,22,-4.07,91.35,0.0,0.0,0.0,283.42,1.65,148.0,992.55,
2009,11,22,23,-3.96,91.67,0.0,0.0,0.0,285.8,1.66,157.0,992.91,
2009,11,23,0,-3.95,92.24,0.0,0.0,0.0,283.6,1.74,165.0,993.07,
2009,11,23,1,-3.93,92.81,0.0,0.0,0.0,281.4,1.82,173.0,993.23,
2009,11,23,2,-3.92,93.38,0.0,0.0,0.0,279.2,1.9,182.0,993.4,
2009,11,23,3,-3.82,93.59,0.0,0.0,0.0,276.52,2.0,187.0,993.59,
2009,11,23,4,-3.72,93.79,0.0,0.0,0.0,273.83,2.11,193.0,993.79,
2009,11,23,5,-3.62,94.0,0.0,0.0,0.0,271.15,2.21,199.0,993.98,
2009,11,23,6,-3.64,93.69,0.0,0.0,0.0,268.2,2.49,203.0,994.14,
2009,11,23,7,-3.66,93.39,0.0,0.0,0.0,265.25,2.77,208.0,994.31,
2009,11,23,8,-3.68,93.08,0.0,0.0,0.0,262.3,3.05,213.0,994.47,
2009,11,23,9,-2.88,91.36,0.0,0.0,0.0,269.57,3.25,216.0,994.6,
2009,11,23,10,-2.08,89.63,0.0,0.0,0.0,276.83,3.44,220.0,994.73,
2009,11,23,11,-1.28,87.91,42.0,8.03,41.0,284.1,3.64,223.0,994.86,
2009,11,23,12,-0.59,85.62,50.0,0.0,50.0,281.25,3.94,230.0,994.63,
2009,11,23,13,0.09,83.32,66.0,0.0,66.0,278.4,4.23,236.0,994.4,
2009,11,23,14,0.78,81.03,73.0,0.0,73.0,275.55,4.52,242.0,994.18,
2009,11,23,15,0.49,82.89,117.0,54.6,104.0,272.12,4.11,241.0,994.18,
2009,11,23,16,0.19,84.74,51.0,0.0,51.0,268.68,3.69,239.0,994.18,
2009,11,23,17,-0.1,86.6,19.0,0.0,19.0,265.25,3.27,238.0,994.18,
2009,11,23,18,-0.42,87.57,0.0,0.0,0.0,264.78,3.37,239.0,994.21,
2009,11,23,19,-0.74,88.55,0.0,0.0,0.0,264.32,3.48,240.0,994.24,
2009,11,23,20,-1.06,89.52,0.0,0.0,0.0,263.85,3.59,240.0,994.27,
2009,11,23,21,-1.15,89.41,0.0,0.0,0.0,262.35,3.67,241.0,994.21,
2009,11,23,22,-1.23,89.31,0.0,0.0,0.0,260.85,3.76,241.0,994.14,
2009,11,23,23,-1.32,89.2,0.0,0.0,0.0,259.35,3.85,242.0,994.08,
2009,11,24,0,-1.11,88.04,0.0,0.0,0.0,269.27,3.9,240.0,993.95,
2009,11,24,1,-0.91,86.88,0.0,0.0,0.0,279.18,3.96,239.0,993.82,
2009,11,24,2,-0.7,85.72,0.0,0.0,0.0,289.1,4.01,238.0,993.69,
2009,11,24,3,-0.63,85.14,0.0,0.0,0.0,291.55,4.21,236.0,993.56,
2009,11,24,4,-0.56,84.57,0.0,0.0,0.0,294.0,4.41,234.0,993.43,
2009,11,24,5,-0.49,83.99,0.0,0.0,0.0,296.45,4.61,231.0,993.3,
2009,11,24,6,-0.47,83.37,0.0,0.0,0.0,295.97,4.75,230.0,993.14,
2009,11,24,7,-0.44,82.76,0.0,0.0,0.0,295.48,4.9,228.0,992.97,
2009,11,24,8,-0.42,82.14,0.0,0.0,0.0,295.0,5.05,227.0,992.81,
2009,11,24,9,-0.07,81.77,0.0,0.0,0.0,295.4,5.35,227.0,992.75,
2009,11,24,10,0.27,81.4,0.0,0.0,0.0,295.8,5.65,227.0,992.68,
2009,11,24,11,0.62,81.03,37.0,8.28,36.0,296.2,5.94,227.0,992.62,
2009,11,24,12,1.04,79.65,75.0,9.9,73.0,297.65,6.08,230.0,992.45,
2009,11,24,13,1.45,78.28,142.0,104.1,116.0,299.1,6.22,232.0,992.29,
2009,11,24,14,1.87,76.9,59.0,0.0,59.0,300.55,6.36,234.0,992.13,
2009,11,24,15,1.73,77.07,62.0,0.0,62.0,299.97,6.18,235.0,992.26,
2009,11,24,16,1.59,77.25,129.0,351.78,68.0,299.38,6.01,236.0,992.39,
2009,11,24,17,1.45,77.42,54.0,347.98,26.0,298.8,5.83,237.0,992.52,
2009,11,24,18,1.48,78.73,0.0,0.0,0.0,298.88,5.75,238.0,992.78,
2009,11,24,19,1.5,80.03,0.0,0.0,0.0,298.97,5.67,240.0,993.04,
2009,11,24,20,1.53,81.34,0.0,0.0,0.0,299.05,5.59,241.0,993.3,
2009,11,24,21,1.22,82.62,0.0,0.0,0.0,298.92,5.37,240.0,993.43,
2009,11,24,22,0.92,83.91,0.0,0.0,0.0,298.78,5.15,240.0,993.56,
2009,11,24,23,0.61,85.19,0.0,0.0,0.0,298.65,4.94,239.0,993.69,
2009,11,25,0,0.6,85.27,0.0,0.0,0.0,299.23,5.05,238.0,993.85,
2009,11,25,1,0.58,85.36,0.0,0.0,0.0,299.82,5.16,237.0,994.01,
2009,11,25,2,0.57,85.44,0.0,0.0,0.0,300.4,5.27,235.0,994.18,
2009,11,25,3,0.48,85.08,0.0,0.0,0.0,298.18,5.33,234.0,994.31,
2009,11,25,4,0.39,84.73,0.0,0.0,0.0,295.97,5.4,232.0,994.44,
2009,11,25,5,0.31,84.37,0.0,0.0,0.0,293.75,5.46,230.0,994.57,
2009,11,25,6,0.2,83.72,0.0,0.0,0.0,294.68,5.59,229.0,994.37,
2009,11,25,7,0.1,83.07,0.0,0.0,0.0,295.62,5.72,228.0,994.18,
2009,11,25,8,0.0,82.42,0.0,0.0,0.0,296.55,5.85,226.0,993.98,
2009,11,25,9,0.19,81.13,0.0,0.0,0.0,297.65,6.04,226.0,994.05,
2009,11,25,10,0.37,79.85,0.0,0.0,0.0,298.75,6.23,225.0,994.11,
2009,11,25,11,0.56,78.56,47.0,34.12,43.0,299.85,6.43,224.0,994.18,
2009,11,25,12,0.8,77.68,56.0,0.0,56.0,300.4,6.36,224.0,994.08,
2009,11,25,13,1.05,76.79,74.0,0.0,74.0,300.95,6.3,223.0,993.98,
2009,11,25,14,1.29,75.91,83.0,3.88,82.0,301.5,6.23,223.0,993.88,
2009,11,25,15,1.14,77.12,167.0,275.86,103.0,302.18,5.92,221.0,993.82,
2009,11,25,16,0.98,78.33,93.0,105.47,75.0,302.87,5.61,219.0,993.75,
2009,11,25,17,0.83,79.54,30.0,38.46,27.0,303.55,5.3,217.0,993.69,
2009,11,25,18,0.82,82.05,0.0,0.0,0.0,305.1,5.35,216.0,993.66,
2009,11,25,19,0.82,84.56,0.0,0.0,0.0,306.65,5.41,215.0,993.62,
2009,11,25,20,0.82,87.07,0.0,0.0,0.0,308.2,5.46,213.0,993.59,
2009,11,25,21,0.67,88.17,0.0,0.0,0.0,308.55,5.51,213.0,993.4,
2009,11,25,22,0.52,89.27,0.0,0.0,0.0,308.9,5.55,212.0,993.2,
2009,11,25,23,0.37,90.37,0.0,0.0,0.0,309.25,5.6,212.0,993.01,
2009,11,26,0,0.27,90.43,0.0,0.0,0.0,308.65,5.6,212.0,992.88,
2009,11,26,1,0.16,90.48,0.0,0.0,0.0,308.05,5.59,213.0,992.75,
2009,11,26,2,0.06,90.54,0.0,0.0,0.0,307.45,5.59,213.0,992.62,
2009,11,26,3,-0.03,90.58,0.0,0.0,0.0,306.02,5.49,215.0,992.52,
2009,11,26,4,-0.12,90.61,0.0,0.0,0.0,304.58,5.4,216.0,992.42,
2009,11,26,5,-0.2,90.65,0.0,0.0,0.0,303.15,5.31,217.0,992.32,
2009,11,26,6,-0.18,91.05,0.0,0.0,0.0,298.35,5.14,216.0,992.19,
2009,11,26,7,-0.16,91.45,0.0,0.0,0.0,293.55,4.97,215.0,992.06,
2009,11,26,8,-0.14,91.85,0.0,0.0,0.0,288.75,4.8,215.0,991.93,
2009,11,26,9,0.12,92.03,0.0,0.0,0.0,290.67,4.81,216.0,992.03,
2009,11,26,10,0.38,92.21,0.0,0.0,0.0,292.58,4.83,217.0,992.13,
2009,11,26,11,0.64,92.39,50.0,52.76,44.0,294.5,4.84,218.0,992.23,
2009,11,26,12,0.9,91.78,32.0,0.0,32.0,299.38,4.86,221.0,991.97,
2009,11,26,13,1.16,91.17,150.0,148.12,114.0,304.27,4.89,225.0,991.71,
2009,11,26,14,1.42,90.56,211.0,443.67,98.0,309.15,4.91,228.0,991.45,
2009,11,26,15,1.35,90.63,99.0,26.19,93.0,309.5,4.57,230.0,991.54,
2009,11,26,16,1.27,90.69,77.0,47.61,69.0,309.85,4.24,231.0,991.64,
2009,11,26,17,1.2,90.76,46.0,251.15,27.0,310.2,3.9,233.0,991.74,
2009,11,26,18,1.01,91.22,0.0,0.0,0.0,309.38,3.64,233.0,992.16,
2009,11,26,19,0.83,91.68,0.0,0.0,0.0,308.57,3.38,232.0,992.58,
2009,11,26,20,0.65,92.14,0.0,0.0,0.0,307.75,3.12,232.0,993.01,
2009,11,26,21,0.4,92.6,0.0,0.0,0.0,308.1,3.02,229.0,992.94,
2009,11,26,22,0.16,93.07,0.0,0.0,0.0,308.45,2.91,226.0,992.88,
2009,11,26,23,-0.09,93.53,0.0,0.0,0.0,308.8,2.81,223.0,992.81,
2009,11,27,0,-0.18,93.7,0.0,0.0,0.0,308.07,2.9,224.0,992.71,
2009,11,27,1,-0.27,93.88,0.0,0.0,0.0,307.33,2.98,224.0,992.62,
2009,11,27,2,-0.36,94.05,0.0,0.0,0.0,306.6,3.06,225.0,992.52,
2009,11,27,3,-0.31,93.85,0.0,0.0,0.0,306.8,3.1,226.0,992.52,
2009,11,27,4,-0.26,93.66,0.0,0.0,0.0,307.0,3.14,228.0,992.52,
2009,11,27,5,-0.2,93.46,0.0,0.0,0.0,307.2,3.17,230.0,992.52,
2009,11,27,6,-0.17,92.32,0.0,0.0,0.0,305.83,3.43,230.0,992.58,
2009,11,27,7,-0.13,91.18,0.0,0.0,0.0,304.47,3.68,230.0,992.65,
2009,11,27,8,-0.09,90.04,0.0,0.0,0.0,303.1,3.93,230.0,992.71,
2009,11,27,9,0.36,88.78,0.0,0.0,0.0,304.25,4.1,233.0,992.84,
2009,11,27,10,0.82,87.53,0.0,0.0,0.0,305.4,4.26,235.0,992.97,
2009,11,27,11,1.27,86.27,32.0,0.0,32.0,306.55,4.43,238.0,993.1,
2009,11,27,12,1.73,84.52,85.0,36.53,78.0,306.35,4.69,243.0,993.01,
2009,11,27,13,2.2,82.76,193.0,404.44,96.0,306.15,4.96,248.0,992.91,
2009,11,27,14,2.66,81.01,121.0,43.71,110.0,305.95,5.23,253.0,992.81,
2009,11,27,15,2.32,82.47,155.0,229.74,103.0,306.18,4.95,252.0,993.04,
2009,11,27,16,1.98,83.92,94.0,126.86,73.0,306.42,4.68,250.0,993.27,
2009,11,27,17,1.64,85.38,13.0,0.0,13.0,306.65,4.4,249.0,993.49,
2009,11,27,18,1.78,85.7,0.0,0.0,0.0,308.12,4.25,251.0,993.82,
2009,11,27,19,1.93,86.02,0.0,0.0,0.0,309.58,4.1,254.0,994.14,
2009,11,27,20,2.07,86.34,0.0,0.0,0.0,311.05,3.94,257.0,994.47,
2009,11,27,21,1.91,86.79,0.0,0.0,0.0,311.6,3.86,257.0,994.7,
2009,11,27,22,1.74,87.25,0.0,0.0,0.0,312.15,3.78,258.0,994.92,
2009,11,27,23,1.58,87.7,0.0,0.0,0.0,312.7,3.7,259.0,995.15,
2009,11,28,0,1.49,88.1,0.0,0.0,0.0,312.55,3.75,260.0,995.35,
2009,11,28,1,1.41,88.51,0.0,0.0,0.0,312.4,3.81,261.0,995.54,
2009,11,28,2,1.32,88.91,0.0,0.0,0.0,312.25,3.86,261.0,995.74,
2009,11,28,3,1.14,89.05,0.0,0.0,0.0,311.05,3.84,264.0,996.13,
2009,11,28,4,0.95,89.19,0.0,0.0,0.0,309.85,3.82,267.0,996.52,
2009,11,28,5,0.77,89.33,0.0,0.0,0.0,308.65,3.79,269.0,996.91,
2009,11,28,6,0.59,89.27,0.0,0.0,0.0,300.87,3.83,270.0,997.36,
2009,11,28,7,0.42,89.22,0.0,0.0,0.0,293.08,3.88,271.0,997.82,
2009,11,28,8,0.24,89.16,0.0,0.0,0.0,285.3,3.92,273.0,998.27,
2009,11,28,9,0.67,87.79,0.0,0.0,0.0,287.72,3.79,270.0,998.63,
2009,11,28,10,1.09,86.42,0.0,0.0,0.0,290.13,3.66,268.0,998.99,
2009,11,28,11,1.52,85.05,71.0,280.47,41.0,292.55,3.53,266.0,999.35,
2009,11,28,12,1.84,83.91,133.0,281.37,80.0,291.87,3.78,261.0,999.28,
2009,11,28,13,2.17,82.77,149.0,164.74,110.0,291.18,4.04,256.0,999.22,
2009,11,28,14,2.49,81.63,162.0,184.9,116.0,290.5,4.29,250.0,999.15,
2009,11,28,15,2.1,83.97,113.0,62.59,99.0,295.98,4.15,242.0,999.09,
2009,11,28,16,1.71,86.3,59.0,12.26,57.0,301.47,4.01,234.0,999.02,
2009,11,28,17,1.32,88.64,10.0,0.0,10.0,306.95,3.88,226.0,998.96,
2009,11,28,18,1.29,89.63,0.0,0.0,0.0,308.33,4.02,226.0,998.83,
2009,11,28,19,1.27,90.62,0.0,0.0,0.0,309.72,4.16,226.0,998.7,
2009,11,28,20,1.25,91.61,0.0,0.0,0.0,311.1,4.3,226.0,998.57,
2009,11,28,21,1.38,91.25,0.0,0.0,0.0,312.43,4.36,227.0,998.37,
2009,11,28,22,1.52,90.89,0.0,0.0,0.0,313.77,4.42,228.0,998.18,
2009,11,28,23,1.65,90.53,0.0,0.0,0.0,315.1,4.48,230.0,997.98,
2009,11,29,0,1.66,90.14,0.0,0.0,0.0,315.52,4.61,231.0,997.75,
2009,11,29,1,1.67,89.74,0.0,0.0,0.0,315.93,4.73,232.0,997.52,
2009,11,29,2,1.68,89.35,0.0,0.0,0.0,316.35,4.86,233.0,997.3,
2009,11,29,3,1.91,88.74,0.0,0.0,0.0,317.48,4.96,233.0,997.1,
2009,11,29,4,2.14,88.13,0.0,0.0,0.0,318.62,5.07,233.0,996.91,
2009,11,29,5,2.37,87.52,0.0,0.0,0.0,319.75,5.17,233.0,996.71,
2009,11,29,6,2.4,87.82,0.0,0.0,0.0,318.25,5.35,232.0,996.48,
2009,11,29,7,2.44,88.12,0.0,0.0,0.0,316.75,5.52,231.0,996.26,
2009,11,29,8,2.48,88.42,0.0,0.0,0.0,315.25,5.7,229.0,996.03,
2009,11,29,9,2.76,88.55,0.0,0.0,0.0,311.87,6.22,231.0,996.0,
2009,11,29,10,3.03,88.69,0.0,0.0,0.0,308.48,6.74,234.0,995.96,
2009,11,29,11,3.31,88.82,38.0,19.28,36.0,305.1,7.27,236.0,995.93,
2009,11,29,12,3.45,87.97,28.0,0.0,28.0,306.5,7.45,239.0,995.93,
2009,11,29,13,3.59,87.11,35.0,0.0,35.0,307.9,7.63,243.0,995.93,
2009,11,29,14,3.73,86.26,75.0,0.0,75.0,309.3,7.81,247.0,995.93,
2009,11,29,15,3.46,85.49,194.0,565.22,69.0,306.02,7.4,251.0,996.35,
2009,11,29,16,3.2,84.73,116.0,329.42,63.0,302.73,7.0,254.0,996.78,
2009,11,29,17,2.93,83.96,49.0,447.19,18.0,299.45,6.59,258.0,997.2,
2009,11,29,18,2.6,84.47,0.0,0.0,0.0,290.85,6.18,258.0,997.69,
2009,11,29,19,2.26,84.99,0.0,0.0,0.0,282.25,5.77,259.0,998.18,
2009,11,29,20,1.93,85.5,0.0,0.0,0.0,273.65,5.35,259.0,998.66,
2009,11,29,21,1.72,85.89,0.0,0.0,0.0,275.45,5.02,259.0,998.92,
2009,11,29,22,1.51,86.29,0.0,0.0,0.0,277.25,4.69,260.0,999.18,
2009,11,29,23,1.3,86.68,0.0,0.0,0.0,279.05,4.36,260.0,999.44,
2009,11,30,0,1.16,87.09,0.0,0.0,0.0,281.63,4.08,260.0,999.57,
2009,11,30,1,1.03,87.5,0.0,0.0,0.0,284.22,3.81,260.0,999.7,
2009,11,30,2,0.89,87.91,0.0,0.0,0.0,286.8,3.53,260.0,999.83,
2009,11,30,3,0.8,88.25,0.0,0.0,0.0,290.43,3.18,260.0,1000.03,
2009,11,30,4,0.7,88.6,0.0,0.0,0.0,294.07,2.83,260.0,1000.22,
2009,11,30,5,0.61,88.94,0.0,0.0,0.0,297.7,2.48,260.0,1000.42,
2009,11,30,6,0.17,90.38,0.0,0.0,0.0,298.87,2.36,254.0,1000.55,
2009,11,30,7,-0.26,91.83,0.0,0.0,0.0,300.03,2.24,248.0,1000.68,
2009,11,30,8,-0.69,93.27,0.0,0.0,0.0,301.2,2.12,243.0,1000.81,
2009,11,30,9,-0.59,93.67,0.0,0.0,0.0,302.43,2.06,239.0,1001.13,
2009,11,30,10,-0.49,94.07,0.0,0.0,0.0,303.67,1.99,235.0,1001.46,
2009,11,30,11,-0.39,94.47,11.0,0.0,11.0,304.9,1.92,231.0,1001.78,
2009,11,30,12,-0.1,93.8,44.0,0.0,44.0,304.28,1.71,236.0,1001.82,
2009,11,30,13,0.2,93.14,119.0,64.97,104.0,303.67,1.5,241.0,1001.85,
2009,11,30,14,0.49,92.47,49.0,0.0,49.0,303.05,1.3,247.0,1001.88,
2009,11,30,15,0.21,93.94,60.0,0.0,60.0,302.2,0.97,284.0,1002.34,
2009,11,30,16,-0.08,95.41,59.0,12.6,57.0,301.35,0.65,322.0,1002.79,
2009,11,30,17,-0.36,96.88,26.0,44.48,23.0,300.5,0.33,0.0,1003.25,
2009,11,30,18,-0.4,96.12,0.0,0.0,0.0,299.42,0.59,30.0,1003.93,
2009,11,30,19,-0.45,95.35,0.0,0.0,0.0,298.33,0.85,59.0,1004.61,
2009,11,30,20,-0.49,94.59,0.0,0.0,0.0,297.25,1.1,88.0,1005.3,
2009,11,30,21,-0.73,95.31,0.0,0.0,0.0,295.17,1.4,85.0,1005.78,
2009,11,30,22,-1.64,99.24,0.0,0.0,0.0,284.33,1.65,81.0,1006.27,
2009,11,30,23,-1.63,98.74,0.0,0.0,0.0,284.81,1.74,77.0,1006.76,
2009,12,1,0,-1.63,98.24,0.0,0.0,0.0,285.3,1.82,80.0,1007.21,
2009,12,1,1,-1.62,97.74,0.0,0.0,0.0,285.78,1.91,82.0,1007.67,
2009,12,1,2,-1.61,97.25,0.0,0.0,0.0,286.27,1.99,85.0,1008.12,
2009,12,1,3,-1.6,96.75,0.0,0.0,0.0,286.75,2.08,89.0,1008.64,
2009,12,1,4,-1.59,96.25,0.0,0.0,0.0,287.23,2.16,94.0,1009.16,
2009,12,1,5,-1.59,95.75,0.0,0.0,0.0,287.72,2.25,98.0,1009.68,
2009,12,1,6,-1.58,95.25,0.0,0.0,0.0,288.2,2.33,112.0,1010.14,
2009,12,1,7,-1.57,94.76,0.0,0.0,0.0,288.69,2.41,125.0,1010.59,
2009,12,1,8,-1.56,94.26,0.0,0.0,0.0,289.17,2.5,138.0,1011.05,
2009,12,1,9,-1.55,93.76,0.0,0.0,0.0,289.66,2.58,153.0,1011.34,
2009,12,1,10,-1.55,93.26,0.0,0.0,0.0,290.14,2.67,169.0,1011.64,
2009,12,1,11,-1.54,92.76,39.0,41.01,35.0,290.63,2.75,184.0,1011.93,
2009,12,1,12,-1.53,92.27,31.0,0.0,31.0,291.11,2.84,194.0,1011.67,
2009,12,1,13,-1.52,91.77,34.0,0.0,34.0,291.6,2.92,204.0,1011.41,
2009,12,1,14,-0.57,86.29,27.0,0.0,27.0,303.0,3.83,214.0,1011.15,
2009,12,1,15,-0.76,86.36,39.0,0.0,39.0,302.67,3.96,215.0,1010.82,
2009,12,1,16,-0.94,86.42,25.0,0.0,25.0,302.33,4.08,216.0,1010.5,
2009,12,1,17,-1.13,86.49,4.0,0.0,4.0,302.0,4.21,217.0,1010.17,
2009,12,1,18,-1.34,85.84,0.0,0.0,0.0,300.02,4.59,219.0,1010.17,
2009,12,1,19,-1.56,85.19,0.0,0.0,0.0,298.03,4.98,222.0,1010.17,
2009,12,1,20,-1.77,84.54,0.0,0.0,0.0,296.05,5.37,224.0,1010.17,
2009,12,1,21,-1.82,83.59,0.0,0.0,0.0,295.3,5.63,225.0,1009.59,
2009,12,1,22,-1.87,82.64,0.0,0.0,0.0,294.55,5.9,226.0,1009.0,
2009,12,1,23,-1.93,81.69,0.0,0.0,0.0,293.8,6.17,227.0,1008.42,
2009,12,2,0,-1.94,81.4,0.0,0.0,0.0,293.15,6.31,228.0,1007.67,
2009,12,2,1,-1.96,81.12,0.0,0.0,0.0,292.5,6.45,228.0,1006.92,
2009,12,2,2,-1.98,80.83,0.0,0.0,0.0,291.85,6.59,229.0,1006.17,
2009,12,2,3,-1.95,80.33,0.0,0.0,0.0,292.45,6.66,231.0,1005.59,
2009,12,2,4,-1.93,79.83,0.0,0.0,0.0,293.05,6.72,232.0,1005.0,
2009,12,2,5,-1.91,79.33,0.0,0.0,0.0,293.65,6.79,234.0,1004.42,
2009,12,2,6,-1.75,79.08,0.0,0.0,0.0,292.05,6.84,235.0,1003.93,
2009,12,2,7,-1.6,78.83,0.0,0.0,0.0,290.45,6.9,236.0,1003.44,
2009,12,2,8,-1.44,78.58,0.0,0.0,0.0,288.85,6.95,237.0,1002.95,
2009,12,2,9,-1.16,77.09,0.0,0.0,0.0,289.93,7.06,238.0,1002.43,
2009,12,2,10,-0.88,75.59,0.0,0.0,0.0,291.02,7.17,239.0,1001.91,
2009,12,2,11,-0.59,74.1,54.0,169.15,38.0,292.1,7.28,239.0,1001.39,
2009,12,2,12,-0.25,72.94,75.0,28.35,70.0,290.15,7.22,240.0,1000.58,
2009,12,2,13,0.09,71.78,32.0,0.0,32.0,288.2,7.16,240.0,999.77,
2009,12,2,14,0.43,70.62,42.0,0.0,42.0,286.25,7.1,241.0,998.96,
2009,12,2,15,0.25,71.45,50.0,0.0,50.0,284.38,6.9,243.0,998.31,
2009,12,2,16,0.06,72.29,33.0,0.0,33.0,282.52,6.7,244.0,997.65,
2009,12,2,17,-0.12,73.12,19.0,15.61,18.0,280.65,6.5,246.0,997.0,
2009,12,2,18,-0.43,74.93,0.0,0.0,0.0,276.03,6.13,247.0,996.45,
2009,12,2,19,-0.73,76.73,0.0,0.0,0.0,271.42,5.76,249.0,995.9,
2009,12,2,20,-1.04,78.54,0.0,0.0,0.0,266.8,5.39,250.0,995.35,
2009,12,2,21,-1.31,79.55,0.0,0.0,0.0,261.67,5.33,250.0,994.83,
2009,12,2,22,-1.59,80.55,0.0,0.0,0.0,256.53,5.27,250.0,994.31,
2009,12,2,23,-1.87,81.56,0.0,0.0,0.0,251.4,5.21,251.0,993.79,
2009,12,3,0,-1.94,82.01,0.0,0.0,0.0,249.5,5.2,251.0,993.23,
2009,12,3,1,-2.02,82.45,0.0,0.0,0.0,247.6,5.18,251.0,992.68,
2009,12,3,2,-2.1,82.9,0.0,0.0,0.0,245.7,5.16,252.0,992.13,
2009,12,3,3,-1.89,82.17,0.0,0.0,0.0,251.5,5.23,253.0,991.71,
2009,12,3,4,-1.68,81.45,0.0,0.0,0.0,257.3,5.31,254.0,991.28,
2009,12,3,5,-1.48,80.72,0.0,0.0,0.0,263.1,5.38,255.0,990.86,
2009,12,3,6,-1.16,80.41,0.0,0.0,0.0,273.82,5.38,256.0,990.5,
2009,12,3,7,-0.85,80.1,0.0,0.0,0.0,284.53,5.39,257.0,990.14,
2009,12,3,8,-0.53,79.79,0.0,0.0,0.0,295.25,5.39,257.0,989.79,
2009,12,3,9,-0.28,79.55,0.0,0.0,0.0,297.67,5.44,260.0,989.69,
2009,12,3,10,-0.03,79.32,0.0,0.0,0.0,300.08,5.49,262.0,989.59,
2009,12,3,11,0.22,79.08,21.0,0.0,21.0,302.5,5.53,265.0,989.49,
2009,12,3,12,0.55,78.98,60.0,5.76,59.0,303.4,5.4,268.0,989.43,
2009,12,3,13,0.89,78.88,66.0,0.0,66.0,304.3,5.27,272.0,989.36,
2009,12,3,14,1.23,78.78,60.0,0.0,60.0,305.2,5.14,276.0,989.3,
2009,12,3,15,1.04,80.15,147.0,240.34,96.0,306.02,4.74,279.0,989.43,
2009,12,3,16,0.86,81.51,139.0,718.76,29.0,306.83,4.33,283.0,989.56,
2009,12,3,17,0.67,82.88,39.0,303.62,20.0,307.65,3.92,287.0,989.69,
2009,12,3,18,0.57,84.44,0.0,0.0,0.0,307.37,3.68,289.0,989.88,
2009,12,3,19,0.46,86.01,0.0,0.0,0.0,307.08,3.44,291.0,990.08,
2009,12,3,20,0.36,87.57,0.0,0.0,0.0,306.8,3.2,293.0,990.27,
2009,12,3,21,0.01,88.38,0.0,0.0,0.0,305.98,3.11,299.0,990.27,
2009,12,3,22,-0.35,89.19,0.0,0.0,0.0,305.17,3.02,305.0,990.27,
2009,12,3,23,-0.71,90.0,0.0,0.0,0.0,304.35,2.92,310.0,990.27,
2009,12,4,0,-1.14,88.82,0.0,0.0,0.0,304.12,3.14,320.0,990.47,
2009,12,4,1,-1.57,87.65,0.0,0.0,0.0,303.88,3.35,329.0,990.66,
2009,12,4,2,-2.0,86.47,0.0,0.0,0.0,303.65,3.56,338.0,990.86,
2009,12,4,3,-2.63,83.87,0.0,0.0,0.0,302.9,3.83,340.0,991.35,
2009,12,4,4,-3.26,81.27,0.0,0.0,0.0,302.15,4.09,342.0,991.84,
2009,12,4,5,-3.89,78.67,0.0,0.0,0.0,301.4,4.36,344.0,992.32,
2009,12,4,6,-4.51,76.4,0.0,0.0,0.0,290.18,4.23,341.0,993.07,
2009,12,4,7,-5.12,74.12,0.0,0.0,0.0,278.97,4.1,337.0,993.82,
2009,12,4,8,-5.74,71.85,0.0,0.0,0.0,267.75,3.97,333.0,994.57,
2009,12,4,9,-5.79,69.79,0.0,0.0,0.0,254.88,4.31,331.0,995.05,
2009,12,4,10,-5.83,67.74,0.0,0.0,0.0,242.02,4.65,329.0,995.54,
2009,12,4,11,-5.87,65.68,71.0,573.06,20.0,229.15,4.99,327.0,996.03,
2009,12,4,12,-5.57,62.75,146.0,561.27,50.0,227.03,5.06,328.0,996.29,
2009,12,4,13,-5.26,59.81,182.0,449.11,83.0,224.92,5.12,328.0,996.55,
2009,12,4,14,-4.95,56.88,229.0,804.06,41.0,222.8,5.19,329.0,996.81,
2009,12,4,15,-5.55,57.98,204.0,808.51,34.0,218.57,4.52,328.0,997.23,
2009,12,4,16,-6.15,59.09,121.0,469.0,50.0,214.33,3.86,327.0,997.65,
2009,12,4,17,-6.75,60.19,14.0,0.0,14.0,210.1,3.2,327.0,998.08,
2009,12,4,18,-6.76,61.01,0.0,0.0,0.0,210.37,3.15,327.0,998.53,
2009,12,4,19,-6.76,61.84,0.0,0.0,0.0,210.63,3.11,328.0,998.99,
2009,12,4,20,-6.77,62.66,0.0,0.0,0.0,210.9,3.06,329.0,999.44,
2009,12,4,21,-7.02,63.46,0.0,0.0,0.0,214.22,3.22,336.0,999.87,
2009,12,4,22,-7.27,64.26,0.0,0.0,0.0,217.53,3.37,344.0,1000.29,
2009,12,4,23,-7.53,65.06,0.0,0.0,0.0,220.85,3.53,351.0,1000.71,
2009,12,5,0,-7.76,65.26,0.0,0.0,0.0,225.87,3.6,358.0,1001.13,
2009,12,5,1,-7.99,65.45,0.0,0.0,0.0,230.88,3.66,4.0,1001.56,
2009,12,5,2,-8.23,65.65,0.0,0.0,0.0,235.9,3.72,11.0,1001.98,
2009,12,5,3,-8.55,65.26,0.0,0.0,0.0,235.65,3.77,14.0,1002.53,
2009,12,5,4,-8.88,64.87,0.0,0.0,0.0,235.4,3.83,17.0,1003.08,
2009,12,5,5,-9.21,64.48,0.0,0.0,0.0,235.15,3.88,20.0,1003.64,
2009,12,5,6,-9.91,65.68,0.0,0.0,0.0,231.45,4.0,23.0,1004.16,
2009,12,5,7,-10.62,66.88,0.0,0.0,0.0,227.75,4.11,26.0,1004.68,
2009,12,5,8,-11.32,68.08,0.0,0.0,0.0,224.05,4.23,29.0,1005.2,
2009,12,5,9,-11.63,66.54,0.0,0.0,0.0,224.22,4.29,29.0,1005.82,
2009,12,5,10,-11.94,64.99,0.0,0.0,0.0,224.38,4.34,29.0,1006.43,
2009,12,5,11,-12.25,63.45,40.0,81.06,33.0,224.55,4.39,29.0,1007.05,
2009,12,5,12,-12.37,61.5,91.0,94.94,75.0,222.28,4.35,26.0,1007.44,
2009,12,5,13,-12.49,59.55,157.0,279.67,96.0,220.02,4.31,23.0,1007.83,
2009,12,5,14,-12.61,57.6,174.0,315.02,101.0,217.75,4.28,20.0,1008.22,
2009,12,5,15,-13.35,58.23,183.0,566.08,65.0,210.02,4.17,20.0,1008.64,
2009,12,5,16,-14.09,58.86,133.0,673.97,32.0,202.28,4.06,19.0,1009.07,
2009,12,5,17,-14.83,59.49,42.0,483.76,13.0,194.55,3.94,19.0,1009.49,
2009,12,5,18,-15.49,61.37,0.0,0.0,0.0,186.45,3.7,20.0,1010.07,
2009,12,5,19,-16.14,63.25,0.0,0.0,0.0,178.35,3.46,21.0,1010.66,
2009,12,5,20,-16.8,65.13,0.0,0.0,0.0,170.25,3.21,22.0,1011.24,
2009,12,5,21,-17.13,65.6,0.0,0.0,0.0,168.45,3.17,19.0,1011.44,
2009,12,5,22,-17.46,66.06,0.0,0.0,0.0,166.65,3.12,16.0,1011.64,
2009,12,5,23,-17.8,66.53,0.0,0.0,0.0,164.85,3.08,13.0,1011.83,
2009,12,6,0,-18.02,66.91,0.0,0.0,0.0,161.9,3.01,11.0,1011.9,
2009,12,6,1,-18.24,67.28,0.0,0.0,0.0,158.95,2.94,9.0,1011.96,
2009,12,6,2,-18.46,67.66,0.0,0.0,0.0,156.0,2.87,7.0,1012.03,
2009,12,6,3,-18.52,68.04,0.0,0.0,0.0,155.65,2.72,3.0,1012.25,
2009,12,6,4,-18.58,68.42,0.0,0.0,0.0,155.3,2.57,359.0,1012.48,
2009,12,6,5,-18.64,68.8,0.0,0.0,0.0,154.95,2.41,355.0,1012.71,
2009,12,6,6,-18.66,68.92,0.0,0.0,0.0,149.23,2.25,346.0,1012.94,
2009,12,6,7,-18.68,69.03,0.0,0.0,0.0,143.52,2.09,337.0,1013.16,
2009,12,6,8,-18.7,69.15,0.0,0.0,0.0,137.8,1.93,328.0,1013.39,
2009,12,6,9,-18.24,68.06,0.0,0.0,0.0,137.37,2.16,328.0,1013.49,
2009,12,6,10,-17.78,66.96,0.0,0.0,0.0,136.93,2.38,328.0,1013.59,
2009,12,6,11,-17.32,65.87,55.0,298.28,30.0,136.5,2.61,329.0,1013.68,
2009,12,6,12,-16.26,63.22,128.0,391.26,63.0,141.7,2.78,329.0,1013.55,
2009,12,6,13,-15.19,60.56,144.0,208.42,99.0,146.9,2.96,330.0,1013.42,
2009,12,6,14,-14.12,57.91,183.0,396.04,92.0,152.1,3.13,330.0,1013.29,
2009,12,6,15,-14.47,58.62,179.0,541.68,67.0,152.22,2.69,326.0,1013.36,
2009,12,6,16,-14.82,59.34,133.0,707.29,28.0,152.33,2.25,321.0,1013.42,
2009,12,6,17,-15.17,60.05,31.0,187.02,20.0,152.45,1.81,317.0,1013.49,
2009,12,6,18,-17.03,65.14,0.0,0.0,0.0,148.93,2.19,309.0,1013.62,
2009,12,6,19,-18.89,70.22,0.0,0.0,0.0,145.42,2.57,301.0,1013.75,
2009,12,6,20,-20.75,75.31,0.0,0.0,0.0,141.9,2.95,293.0,1013.88,
2009,12,6,21,-20.45,74.96,0.0,0.0,0.0,144.58,2.84,289.0,1013.78,
2009,12,6,22,-20.16,74.6,0.0,0.0,0.0,147.27,2.73,285.0,1013.68,
2009,12,6,23,-19.87,74.25,0.0,0.0,0.0,149.95,2.62,282.0,1013.59,
2009,12,7,0,-19.72,74.16,0.0,0.0,0.0,149.5,2.76,278.0,1013.33,
2009,12,7,1,-19.57,74.07,0.0,0.0,0.0,149.05,2.91,275.0,1013.07,
2009,12,7,2,-19.43,73.98,0.0,0.0,0.0,148.6,3.05,271.0,1012.81,
2009,12,7,3,-19.13,73.32,0.0,0.0,0.0,149.52,3.12,269.0,1012.58,
2009,12,7,4,-18.84,72.67,0.0,0.0,0.0,150.43,3.2,267.0,1012.35,
2009,12,7,5,-18.55,72.01,0.0,0.0,0.0,151.35,3.27,265.0,1012.12,
2009,12,7,6,-18.08,69.93,0.0,0.0,0.0,154.67,3.35,262.0,1011.86,
2009,12,7,7,-17.6,67.84,0.0,0.0,0.0,157.98,3.43,259.0,1011.6,
2009,12,7,8,-17.13,65.76,0.0,0.0,0.0,161.3,3.52,256.0,1011.34,
2009,12,7,9,-16.42,63.79,0.0,0.0,0.0,166.02,3.58,259.0,1010.98,
2009,12,7,10,-15.71,61.82,0.0,0.0,0.0,170.73,3.65,262.0,1010.63,
2009,12,7,11,-15.0,59.85,60.0,466.92,22.0,175.45,3.71,265.0,1010.27,
2009,12,7,12,-13.99,57.74,74.0,42.72,67.0,177.9,3.73,269.0,1009.62,
2009,12,7,13,-12.97,55.64,140.0,191.74,99.0,180.35,3.76,273.0,1008.97,
2009,12,7,14,-11.95,53.53,154.0,210.58,106.0,182.8,3.78,276.0,1008.32,
2009,12,7,15,-12.35,55.01,160.0,380.11,82.0,181.35,3.66,275.0,1007.99,
2009,12,7,16,-12.75,56.49,94.0,203.84,64.0,179.9,3.53,274.0,1007.67,
2009,12,7,17,-13.15,57.97,29.0,155.67,20.0,178.45,3.41,274.0,1007.34,
2009,12,7,18,-13.59,62.77,0.0,0.0,0.0,176.82,3.58,274.0,1007.02,
2009,12,7,19,-14.03,67.57,0.0,0.0,0.0,175.18,3.76,274.0,1006.69,
2009,12,7,20,-14.47,72.37,0.0,0.0,0.0,173.55,3.93,274.0,1006.37,
2009,12,7,21,-14.31,72.56,0.0,0.0,0.0,177.77,3.93,278.0,1006.04,
2009,12,7,22,-14.15,72.74,0.0,0.0,0.0,181.98,3.93,283.0,1005.72,
2009,12,7,23,-14.0,72.93,0.0,0.0,0.0,186.2,3.93,287.0,1005.39,
2009,12,8,0,-13.79,72.74,0.0,0.0,0.0,190.42,4.05,288.0,1004.97,
2009,12,8,1,-13.58,72.55,0.0,0.0,0.0,194.63,4.16,288.0,1004.55,
2009,12,8,2,-13.37,72.36,0.0,0.0,0.0,198.85,4.28,289.0,1004.12,
2009,12,8,3,-13.17,72.58,0.0,0.0,0.0,202.83,4.26,291.0,1003.93,
2009,12,8,4,-12.98,72.81,0.0,0.0,0.0,206.82,4.25,292.0,1003.73,
2009,12,8,5,-12.79,73.03,0.0,0.0,0.0,210.8,4.23,294.0,1003.54,
2009,12,8,6,-13.09,73.28,0.0,0.0,0.0,207.48,4.04,292.0,1003.31,
2009,12,8,7,-13.39,73.53,0.0,0.0,0.0,204.17,3.84,290.0,1003.08,
2009,12,8,8,-13.69,73.78,0.0,0.0,0.0,200.85,3.64,287.0,1002.86,
2009,12,8,9,-13.18,72.96,0.0,0.0,0.0,202.83,3.67,286.0,1002.6,
2009,12,8,10,-12.67,72.14,0.0,0.0,0.0,204.82,3.7,284.0,1002.34,
2009,12,8,11,-12.15,71.32,56.0,417.4,23.0,206.8,3.72,282.0,1002.08,
2009,12,8,12,-11.47,70.52,100.0,173.19,72.0,208.77,3.81,285.0,1001.62,
2009,12,8,13,-10.78,69.71,59.0,0.0,59.0,210.73,3.9,287.0,1001.17,
2009,12,8,14,-10.1,68.91,41.0,0.0,41.0,212.7,3.99,289.0,1000.71,
2009,12,8,15,-10.03,70.57,83.0,19.63,79.0,220.77,3.96,291.0,1000.45,
2009,12,8,16,-9.96,72.22,42.0,0.0,42.0,228.83,3.94,293.0,1000.19,
2009,12,8,17,-9.89,73.88,7.0,0.0,7.0,236.9,3.92,295.0,999.93,
2009,12,8,18,-9.79,74.4,0.0,0.0,0.0,243.13,4.17,303.0,999.74,
2009,12,8,19,-9.69,74.93,0.0,0.0,0.0,249.37,4.41,310.0,999.54,
2009,12,8,20,-9.59,75.45,0.0,0.0,0.0,255.6,4.66,318.0,999.35,
2009,12,8,21,-9.65,75.63,0.0,0.0,0.0,258.42,4.67,325.0,999.51,
2009,12,8,22,-9.71,75.8,0.0,0.0,0.0,261.23,4.68,332.0,999.67,
2009,12,8,23,-9.78,75.98,0.0,0.0,0.0,264.05,4.69,340.0,999.83,
2009,12,9,0,-10.09,76.44,0.0,0.0,0.0,261.47,4.62,346.0,1000.22,
2009,12,9,1,-10.41,76.89,0.0,0.0,0.0,258.88,4.55,352.0,1000.61,
2009,12,9,2,-10.73,77.35,0.0,0.0,0.0,256.3,4.48,358.0,1001.0,
2009,12,9,3,-11.4,76.86,0.0,0.0,0.0,253.5,4.69,2.0,1001.78,
2009,12,9,4,-12.07,76.36,0.0,0.0,0.0,250.7,4.9,6.0,1002.56,
2009,12,9,5,-12.75,75.87,0.0,0.0,0.0,247.9,5.1,10.0,1003.34,
2009,12,9,6,-13.76,74.67,0.0,0.0,0.0,245.47,5.05,11.0,1004.25,
2009,12,9,7,-14.78,73.47,0.0,0.0,0.0,243.03,4.99,13.0,1005.17,
2009,12,9,8,-15.79,72.27,0.0,0.0,0.0,240.6,4.94,14.0,1006.08,
2009,12,9,9,-16.44,71.92,0.0,0.0,0.0,230.72,4.88,15.0,1006.89,
2009,12,9,10,-17.08,71.58,0.0,0.0,0.0,220.83,4.82,16.0,1007.7,
2009,12,9,11,-17.72,71.23,52.0,364.36,24.0,210.95,4.76,17.0,1008.51,
2009,12,9,12,-17.7,70.36,96.0,156.62,71.0,203.65,4.39,14.0,1008.9,
2009,12,9,13,-17.68,69.49,104.0,57.14,92.0,196.35,4.02,11.0,1009.29,
2009,12,9,14,-17.66,68.62,122.0,84.58,103.0,189.05,3.66,8.0,1009.68,
2009,12,9,15,-18.3,70.1,123.0,143.24,94.0,184.92,3.26,2.0,1010.07,
2009,12,9,16,-18.94,71.58,120.0,544.81,41.0,180.78,2.86,356.0,1010.46,
2009,12,9,17,-19.58,73.06,26.0,106.8,20.0,176.65,2.46,350.0,1010.85,
2009,12,9,18,-19.56,73.56,0.0,0.0,0.0,175.42,2.2,332.0,1011.05,
2009,12,9,19,-19.55,74.07,0.0,0.0,0.0,174.18,1.95,314.0,1011.24,
2009,12,9,20,-19.53,74.57,0.0,0.0,0.0,172.95,1.7,297.0,1011.44,
2009,12,9,21,-20.06,75.08,0.0,0.0,0.0,172.32,1.96,287.0,1011.34,
2009,12,9,22,-20.59,75.59,0.0,0.0,0.0,171.68,2.23,277.0,1011.24,
2009,12,9,23,-21.12,76.1,0.0,0.0,0.0,171.05,2.5,267.0,1011.15,
2009,12,10,0,-21.0,76.48,0.0,0.0,0.0,171.47,2.74,264.0,1010.92,
2009,12,10,1,-20.88,76.85,0.0,0.0,0.0,171.88,2.98,262.0,1010.69,
2009,12,10,2,-20.77,77.23,0.0,0.0,0.0,172.3,3.23,259.0,1010.46,
2009,12,10,3,-20.57,77.31,0.0,0.0,0.0,171.68,3.3,260.0,1010.33,
2009,12,10,4,-20.37,77.4,0.0,0.0,0.0,171.07,3.37,260.0,1010.2,
2009,12,10,5,-20.17,77.48,0.0,0.0,0.0,170.45,3.43,260.0,1010.07,
2009,12,10,6,-20.75,77.47,0.0,0.0,0.0,168.85,3.44,262.0,1010.11,
2009,12,10,7,-21.34,77.46,0.0,0.0,0.0,167.25,3.44,264.0,1010.14,
2009,12,10,8,-21.93,77.45,0.0,0.0,0.0,165.65,3.45,266.0,1010.17,
2009,12,10,9,-21.18,75.45,0.0,0.0,0.0,166.68,3.56,270.0,1010.04,
2009,12,10,10,-20.43,73.46,0.0,0.0,0.0,167.72,3.67,274.0,1009.91,
2009,12,10,11,-19.67,71.46,40.0,160.55,28.0,168.75,3.78,277.0,1009.78,
2009,12,10,12,-18.4,68.96,93.0,145.87,70.0,169.52,3.64,279.0,1009.29,
2009,12,10,13,-17.12,66.46,121.0,120.01,96.0,170.28,3.5,280.0,1008.81,
2009,12,10,14,-15.84,63.96,144.0,179.23,104.0,171.05,3.37,281.0,1008.32,
2009,12,10,15,-16.54,66.41,135.0,218.6,91.0,171.55,3.08,280.0,1008.22,
2009,12,10,16,-17.24,68.85,117.0,506.56,44.0,172.05,2.79,279.0,1008.12,
2009,12,10,17,-17.94,71.3,35.0,378.03,14.0,172.55,2.5,277.0,1008.03,
2009,12,10,18,-18.87,74.23,0.0,0.0,0.0,172.02,2.82,279.0,1008.03,
2009,12,10,19,-19.79,77.15,0.0,0.0,0.0,171.48,3.15,280.0,1008.03,
2009,12,10,20,-20.72,80.08,0.0,0.0,0.0,170.95,3.48,281.0,1008.03,
2009,12,10,21,-21.12,79.87,0.0,0.0,0.0,168.9,3.46,283.0,1007.8,
2009,12,10,22,-21.52,79.67,0.0,0.0,0.0,166.85,3.45,284.0,1007.57,
2009,12,10,23,-21.92,79.46,0.0,0.0,0.0,164.8,3.43,286.0,1007.34,
2009,12,11,0,-22.27,79.43,0.0,0.0,0.0,163.72,3.34,287.0,1007.21,
2009,12,11,1,-22.63,79.41,0.0,0.0,0.0,162.63,3.24,288.0,1007.08,
2009,12,11,2,-22.99,79.38,0.0,0.0,0.0,161.55,3.14,289.0,1006.95,
2009,12,11,3,-23.28,79.37,0.0,0.0,0.0,160.78,3.05,288.0,1006.95,
2009,12,11,4,-23.58,79.37,0.0,0.0,0.0,160.02,2.95,288.0,1006.95,
2009,12,11,5,-23.88,79.36,0.0,0.0,0.0,159.25,2.86,287.0,1006.95,
2009,12,11,6,-23.61,78.95,0.0,0.0,0.0,158.93,2.83,287.0,1006.99,
2009,12,11,7,-23.35,78.53,0.0,0.0,0.0,158.62,2.81,288.0,1007.02,
2009,12,11,8,-23.08,78.12,0.0,0.0,0.0,158.3,2.79,288.0,1007.05,
2009,12,11,9,-22.58,77.19,0.0,0.0,0.0,158.33,2.83,286.0,1007.05,
2009,12,11,10,-22.07,76.26,0.0,0.0,0.0,158.37,2.88,285.0,1007.05,
2009,12,11,11,-21.56,75.33,46.0,288.65,25.0,158.4,2.92,283.0,1007.05,
2009,12,11,12,-20.22,73.27,100.0,205.31,68.0,159.33,2.77,281.0,1006.63,
2009,12,11,13,-18.88,71.2,108.0,72.56,93.0,160.27,2.62,278.0,1006.21,
2009,12,11,14,-17.54,69.14,128.0,112.69,103.0,161.2,2.47,275.0,1005.78,
2009,12,11,15,-18.24,71.72,148.0,314.63,85.0,161.4,2.4,267.0,1005.69,
2009,12,11,16,-18.95,74.29,99.0,286.03,58.0,161.6,2.33,259.0,1005.59,
2009,12,11,17,-19.65,76.87,13.0,0.0,13.0,161.8,2.26,251.0,1005.49,
2009,12,11,18,-20.41,77.9,0.0,0.0,0.0,160.77,2.31,249.0,1005.3,
2009,12,11,19,-21.17,78.92,0.0,0.0,0.0,159.73,2.35,247.0,1005.1,
2009,12,11,20,-21.93,79.95,0.0,0.0,0.0,158.7,2.4,246.0,1004.91,
2009,12,11,21,-22.05,79.87,0.0,0.0,0.0,158.2,2.5,245.0,1004.61,
2009,12,11,22,-22.18,79.8,0.0,0.0,0.0,157.7,2.59,244.0,1004.32,
2009,12,11,23,-22.31,79.72,0.0,0.0,0.0,157.2,2.69,244.0,1004.03,
2009,12,12,0,-21.88,79.41,0.0,0.0,0.0,160.87,2.91,243.0,1003.67,
2009,12,12,1,-21.45,79.09,0.0,0.0,0.0,164.53,3.13,242.0,1003.31,
2009,12,12,2,-21.02,78.78,0.0,0.0,0.0,168.2,3.35,241.0,1002.95,
2009,12,12,3,-20.46,78.9,0.0,0.0,0.0,175.23,3.43,243.0,1002.79,
2009,12,12,4,-19.9,79.02,0.0,0.0,0.0,182.27,3.5,246.0,1002.63,
2009,12,12,5,-19.34,79.14,0.0,0.0,0.0,189.3,3.57,248.0,1002.47,
2009,12,12,6,-19.27,79.07,0.0,0.0,0.0,189.68,3.42,247.0,1002.14,
2009,12,12,7,-19.2,79.01,0.0,0.0,0.0,190.07,3.26,247.0,1001.82,
2009,12,12,8,-19.13,78.94,0.0,0.0,0.0,190.45,3.1,247.0,1001.49,
2009,12,12,9,-18.54,77.72,0.0,0.0,0.0,187.48,3.28,241.0,1001.33,
2009,12,12,10,-17.94,76.49,0.0,0.0,0.0,184.52,3.46,235.0,1001.17,
2009,12,12,11,-17.34,75.27,43.0,253.96,25.0,181.55,3.64,229.0,1001.0,
2009,12,12,12,-15.93,72.63,58.0,12.97,56.0,185.15,3.85,226.0,1000.42,
2009,12,12,13,-14.51,69.99,116.0,102.32,95.0,188.75,4.06,222.0,999.83,
2009,12,12,14,-13.09,67.35,200.0,625.44,62.0,192.35,4.26,218.0,999.25,
2009,12,12,15,-12.94,68.58,72.0,10.03,70.0,199.75,4.21,215.0,998.89,
2009,12,12,16,-12.79,69.82,113.0,469.51,46.0,207.15,4.16,212.0,998.53,
2009,12,12,17,-12.64,71.05,12.0,0.0,12.0,214.55,4.11,209.0,998.18,
2009,12,12,18,-12.35,73.28,0.0,0.0,0.0,218.85,4.35,207.0,997.62,
2009,12,12,19,-12.05,75.52,0.0,0.0,0.0,223.15,4.59,206.0,997.07,
2009,12,12,20,-11.76,77.75,0.0,0.0,0.0,227.45,4.83,204.0,996.52,
2009,12,12,21,-11.85,76.92,0.0,0.0,0.0,230.07,5.04,202.0,996.03,
2009,12,12,22,-11.94,76.08,0.0,0.0,0.0,232.68,5.25,200.0,995.54,
2009,12,12,23,-12.03,75.25,0.0,0.0,0.0,235.3,5.46,197.0,995.05,
2009,12,13,0,-12.07,74.54,0.0,0.0,0.0,238.4,5.63,196.0,994.44,
2009,12,13,1,-12.11,73.84,0.0,0.0,0.0,241.5,5.79,195.0,993.82,
2009,12,13,2,-12.15,73.13,0.0,0.0,0.0,244.6,5.96,194.0,993.2,
2009,12,13,3,-12.06,74.71,0.0,0.0,0.0,247.85,6.01,192.0,992.52,
2009,12,13,4,-11.97,76.28,0.0,0.0,0.0,251.1,6.07,191.0,991.84,
2009,12,13,5,-11.88,77.86,0.0,0.0,0.0,254.35,6.12,190.0,991.15,
2009,12,13,6,-11.64,78.68,0.0,0.0,0.0,256.6,6.19,188.0,990.37,
2009,12,13,7,-11.39,79.51,0.0,0.0,0.0,258.85,6.25,187.0,989.59,
2009,12,13,8,-11.15,80.33,0.0,0.0,0.0,261.1,6.32,186.0,988.81,
2009,12,13,9,-10.85,80.59,0.0,0.0,0.0,262.55,6.23,188.0,988.36,
2009,12,13,10,-10.54,80.85,0.0,0.0,0.0,264.0,6.13,190.0,987.9,
2009,12,13,11,-10.23,81.11,7.0,0.0,7.0,265.45,6.04,191.0,987.45,
2009,12,13,12,-9.73,80.82,17.0,0.0,17.0,266.65,5.76,196.0,986.96,
2009,12,13,13,-9.23,80.54,94.0,39.24,86.0,267.85,5.48,200.0,986.47,
2009,12,13,14,-8.73,80.25,76.0,4.55,75.0,269.05,5.2,204.0,985.98,
2009,12,13,15,-8.81,81.33,114.0,115.86,91.0,269.48,4.71,205.0,985.89,
2009,12,13,16,-8.9,82.41,112.0,457.13,47.0,269.92,4.23,206.0,985.79,
2009,12,13,17,-8.98,83.49,3.0,0.0,3.0,270.35,3.74,206.0,985.69,
2009,12,13,18,-9.43,84.76,0.0,0.0,0.0,270.77,3.41,210.0,985.56,
2009,12,13,19,-9.87,86.02,0.0,0.0,0.0,271.18,3.08,213.0,985.43,
2009,12,13,20,-10.32,87.29,0.0,0.0,0.0,271.6,2.74,216.0,985.3,
2009,12,13,21,-10.81,87.36,0.0,0.0,0.0,270.67,2.51,227.0,985.56,
2009,12,13,22,-11.3,87.42,0.0,0.0,0.0,269.73,2.28,237.0,985.82,
2009,12,13,23,-11.79,87.49,0.0,0.0,0.0,268.8,2.04,247.0,986.08,
2009,12,14,0,-12.59,87.44,0.0,0.0,0.0,257.37,2.12,265.0,986.5,
2009,12,14,1,-13.39,87.4,0.0,0.0,0.0,245.93,2.21,283.0,986.93,
2009,12,14,2,-14.2,87.35,0.0,0.0,0.0,234.5,2.29,302.0,987.35,
2009,12,14,3,-14.5,86.8,0.0,0.0,0.0,229.12,2.6,314.0,988.13,
2009,12,14,4,-14.81,86.26,0.0,0.0,0.0,223.73,2.91,326.0,988.91,
2009,12,14,5,-15.12,85.71,0.0,0.0,0.0,218.35,3.23,338.0,989.69,
2009,12,14,6,-16.08,85.31,0.0,0.0,0.0,214.28,3.59,346.0,990.8,
2009,12,14,7,-17.03,84.91,0.0,0.0,0.0,210.22,3.95,355.0,991.9,
2009,12,14,8,-17.99,84.51,0.0,0.0,0.0,206.15,4.32,4.0,993.01,
2009,12,14,9,-17.89,83.09,0.0,0.0,0.0,213.12,4.42,7.0,993.82,
2009,12,14,10,-17.79,81.66,0.0,0.0,0.0,220.08,4.53,10.0,994.63,
2009,12,14,11,-17.68,80.24,12.0,0.0,12.0,227.05,4.63,14.0,995.44,
2009,12,14,12,-17.67,78.05,82.0,105.87,66.0,230.32,4.78,16.0,995.54,
2009,12,14,13,-17.65,75.86,112.0,93.74,93.0,233.58,4.93,18.0,995.64,
2009,12,14,14,-17.63,73.67,98.0,32.02,91.0,236.85,5.08,20.0,995.74,
2009,12,14,15,-18.18,73.88,83.0,25.27,78.0,239.48,5.24,21.0,995.87,
2009,12,14,16,-18.72,74.1,46.0,7.05,45.0,242.12,5.41,22.0,996.0,
2009,12,14,17,-19.27,74.31,4.0,0.0,4.0,244.75,5.57,23.0,996.13,
2009,12,14,18,-20.2,73.94,0.0,0.0,0.0,246.12,5.88,24.0,996.0,
2009,12,14,19,-21.12,73.56,0.0,0.0,0.0,247.48,6.18,25.0,995.87,
2009,12,14,20,-22.05,73.19,0.0,0.0,0.0,248.85,6.48,26.0,995.74,
2009,12,14,21,-22.42,72.93,0.0,0.0,0.0,248.35,6.69,26.0,995.15,
2009,12,14,22,-22.8,72.68,0.0,0.0,0.0,247.85,6.89,26.0,994.57,
2009,12,14,23,-23.18,72.42,0.0,0.0,0.0,247.35,7.09,26.0,993.98,
2009,12,15,0,-23.47,72.7,0.0,0.0,0.0,246.43,7.23,24.0,993.14,
2009,12,15,1,-23.76,72.97,0.0,0.0,0.0,245.52,7.37,22.0,992.29,
2009,12,15,2,-24.05,73.25,0.0,0.0,0.0,244.6,7.52,20.0,991.45,
2009,12,15,3,-24.36,73.04,0.0,0.0,0.0,242.88,7.7,18.0,991.12,
2009,12,15,4,-24.67,72.82,0.0,0.0,0.0,241.17,7.88,15.0,990.8,
2009,12,15,5,-24.98,72.61,0.0,0.0,0.0,239.45,8.06,13.0,990.47,
2009,12,15,6,-25.31,72.24,0.0,0.0,0.0,237.58,8.11,10.0,989.79,
2009,12,15,7,-25.64,71.86,0.0,0.0,0.0,235.72,8.16,7.0,989.1,
2009,12,15,8,-25.97,71.49,0.0,0.0,0.0,233.85,8.21,5.0,988.42,
2009,12,15,9,-25.82,71.08,0.0,0.0,0.0,232.67,8.16,1.0,988.81,
2009,12,15,10,-25.66,70.68,0.0,0.0,0.0,231.48,8.11,358.0,989.2,
2009,12,15,11,-25.5,70.27,18.0,0.0,18.0,230.3,8.07,354.0,989.59,
2009,12,15,12,-25.02,69.54,31.0,0.0,31.0,229.3,7.95,351.0,989.92,
2009,12,15,13,-24.53,68.8,42.0,0.0,42.0,228.3,7.84,348.0,990.24,
2009,12,15,14,-24.05,68.07,32.0,0.0,32.0,227.3,7.72,346.0,990.57,
2009,12,15,15,-23.91,67.95,110.0,101.35,90.0,221.25,7.38,341.0,991.41,
2009,12,15,16,-23.77,67.84,19.0,0.0,19.0,215.2,7.04,337.0,992.26,
2009,12,15,17,-23.63,67.72,3.0,0.0,3.0,209.15,6.7,333.0,993.1,
2009,12,15,18,-24.25,68.35,0.0,0.0,0.0,196.77,6.19,327.0,994.05,
2009,12,15,19,-24.88,68.99,0.0,0.0,0.0,184.38,5.68,321.0,994.99,
2009,12,15,20,-25.5,69.62,0.0,0.0,0.0,172.0,5.17,314.0,995.93,
2009,12,15,21,-26.37,70.69,0.0,0.0,0.0,162.88,4.76,310.0,996.78,
2009,12,15,22,-27.24,71.77,0.0,0.0,0.0,153.77,4.35,305.0,997.62,
2009,12,15,23,-28.11,72.84,0.0,0.0,0.0,144.65,3.94,301.0,998.47,
2009,12,16,0,-28.64,73.28,0.0,0.0,0.0,143.43,3.64,294.0,999.18,
2009,12,16,1,-29.17,73.72,0.0,0.0,0.0,142.22,3.33,287.0,999.9,
2009,12,16,2,-29.71,74.16,0.0,0.0,0.0,141.0,3.02,280.0,1000.61,
2009,12,16,3,-29.97,74.07,0.0,0.0,0.0,143.3,2.77,275.0,1001.1,
2009,12,16,4,-30.24,73.99,0.0,0.0,0.0,145.6,2.52,271.0,1001.59,
2009,12,16,5,-30.51,73.9,0.0,0.0,0.0,147.9,2.28,267.0,1002.08,
2009,12,16,6,-30.46,74.14,0.0,0.0,0.0,152.03,2.14,274.0,1002.37,
2009,12,16,7,-30.42,74.39,0.0,0.0,0.0,156.17,2.01,282.0,1002.66,
2009,12,16,8,-30.37,74.63,0.0,0.0,0.0,160.3,1.88,289.0,1002.95,
2009,12,16,9,-30.09,74.29,0.0,0.0,0.0,155.98,1.94,292.0,1003.54,
2009,12,16,10,-29.81,73.95,0.0,0.0,0.0,151.67,2.01,295.0,1004.12,
2009,12,16,11,-29.52,73.61,16.0,0.0,16.0,147.35,2.08,298.0,1004.71,
2009,12,16,12,-28.12,71.31,88.0,154.8,65.0,143.77,1.79,293.0,1004.81,
2009,12,16,13,-26.71,69.02,70.0,4.98,69.0,140.18,1.49,289.0,1004.91,
2009,12,16,14,-25.31,66.72,82.0,9.21,80.0,136.6,1.2,284.0,1005.0,
2009,12,16,15,-25.43,68.56,80.0,20.31,76.0,134.92,1.29,278.0,1005.26,
2009,12,16,16,-25.54,70.41,61.0,35.35,56.0,133.23,1.37,272.0,1005.52,
2009,12,16,17,-25.66,72.25,11.0,0.0,11.0,131.55,1.46,265.0,1005.78,
2009,12,16,18,-27.66,74.51,0.0,0.0,0.0,131.28,1.77,274.0,1006.34,
2009,12,16,19,-29.66,76.78,0.0,0.0,0.0,131.02,2.09,283.0,1006.89,
2009,12,16,20,-31.66,79.04,0.0,0.0,0.0,130.75,2.4,292.0,1007.44,
2009,12,16,21,-31.98,78.0,0.0,0.0,0.0,130.5,2.27,291.0,1007.7,
2009,12,16,22,-32.3,76.97,0.0,0.0,0.0,130.25,2.14,290.0,1007.96,
2009,12,16,23,-32.62,75.93,0.0,0.0,0.0,130.0,2.01,289.0,1008.22,
2009,12,17,0,-33.01,75.51,0.0,0.0,0.0,129.45,1.95,280.0,1008.19,
2009,12,17,1,-33.4,75.08,0.0,0.0,0.0,128.9,1.89,271.0,1008.16,
2009,12,17,2,-33.79,74.66,0.0,0.0,0.0,128.35,1.82,262.0,1008.12,
2009,12,17,3,-33.95,74.1,0.0,0.0,0.0,127.93,1.84,255.0,1008.16,
2009,12,17,4,-34.12,73.53,0.0,0.0,0.0,127.52,1.86,248.0,1008.19,
2009,12,17,5,-34.29,72.97,0.0,0.0,0.0,127.1,1.88,240.0,1008.22,
2009,12,17,6,-34.79,72.78,0.0,0.0,0.0,125.77,2.05,234.0,1008.03,
2009,12,17,7,-35.29,72.58,0.0,0.0,0.0,124.43,2.22,228.0,1007.83,
2009,12,17,8,-35.79,72.39,0.0,0.0,0.0,123.1,2.39,222.0,1007.64,
2009,12,17,9,-34.82,71.72,0.0,0.0,0.0,123.33,2.4,218.0,1007.6,
2009,12,17,10,-33.85,71.05,0.0,0.0,0.0,123.57,2.42,215.0,1007.57,
2009,12,17,11,-32.88,70.38,31.0,126.52,23.0,123.8,2.44,212.0,1007.54,
2009,12,17,12,-30.92,69.17,47.0,6.78,46.0,124.8,2.3,210.0,1007.12,
2009,12,17,13,-28.95,67.95,40.0,0.0,40.0,125.8,2.16,207.0,1006.69,
2009,12,17,14,-26.99,66.74,45.0,0.0,45.0,126.8,2.01,205.0,1006.27,
2009,12,17,15,-27.47,69.2,51.0,0.0,51.0,127.4,2.0,198.0,1005.88,
2009,12,17,16,-27.95,71.67,45.0,7.07,44.0,128.0,1.98,191.0,1005.49,
2009,12,17,17,-28.43,74.13,4.0,0.0,4.0,128.6,1.96,184.0,1005.1,
2009,12,17,18,-29.35,74.77,0.0,0.0,0.0,130.35,2.0,181.0,1004.74,
2009,12,17,19,-30.27,75.42,0.0,0.0,0.0,132.1,2.03,179.0,1004.38,
2009,12,17,20,-31.19,76.06,0.0,0.0,0.0,133.85,2.07,176.0,1004.03,
2009,12,17,21,-31.15,75.59,0.0,0.0,0.0,136.12,1.95,182.0,1003.64,
2009,12,17,22,-31.12,75.13,0.0,0.0,0.0,138.38,1.84,187.0,1003.25,
2009,12,17,23,-31.09,74.66,0.0,0.0,0.0,140.65,1.72,193.0,1002.86,
2009,12,18,0,-30.68,74.34,0.0,0.0,0.0,146.35,1.38,212.0,1002.4,
2009,12,18,1,-30.27,74.02,0.0,0.0,0.0,152.05,1.04,231.0,1001.95,
2009,12,18,2,-29.87,73.7,0.0,0.0,0.0,157.75,0.7,249.0,1001.49,
2009,12,18,3,-29.25,73.42,0.0,0.0,0.0,168.83,0.8,292.0,1001.07,
2009,12,18,4,-28.64,73.15,0.0,0.0,0.0,179.92,0.9,335.0,1000.65,
2009,12,18,5,-28.03,72.87,0.0,0.0,0.0,191.0,0.99,18.0,1000.22,
2009,12,18,6,-27.75,72.81,0.0,0.0,0.0,196.55,0.96,31.0,999.96,
2009,12,18,7,-27.48,72.74,0.0,0.0,0.0,202.1,0.92,44.0,999.7,
2009,12,18,8,-27.21,72.68,0.0,0.0,0.0,207.65,0.88,58.0,999.44,
2009,12,18,9,-26.49,72.79,0.0,0.0,0.0,214.13,1.05,54.0,999.44,
2009,12,18,10,-25.77,72.91,0.0,0.0,0.0,220.62,1.21,50.0,999.44,
2009,12,18,11,-25.05,73.02,21.0,32.23,19.0,227.1,1.38,46.0,999.44,
2009,12,18,12,-23.99,71.54,65.0,40.95,59.0,231.52,1.57,39.0,999.12,
2009,12,18,13,-22.93,70.05,39.0,0.0,39.0,235.93,1.76,32.0,998.79,
2009,12,18,14,-21.87,68.57,57.0,0.0,57.0,240.35,1.94,26.0,998.47,
2009,12,18,15,-21.47,69.23,29.0,0.0,29.0,242.57,2.08,28.0,998.37,
2009,12,18,16,-21.07,69.88,30.0,0.0,30.0,244.78,2.22,31.0,998.27,
2009,12,18,17,-20.67,70.54,5.0,0.0,5.0,247.0,2.36,34.0,998.18,
2009,12,18,18,-20.56,70.86,0.0,0.0,0.0,247.25,2.42,35.0,998.31,
2009,12,18,19,-20.46,71.17,0.0,0.0,0.0,247.5,2.48,36.0,998.44,
2009,12,18,20,-20.35,71.49,0.0,0.0,0.0,247.75,2.54,37.0,998.57,
2009,12,18,21,-20.2,71.13,0.0,0.0,0.0,247.12,2.56,36.0,998.6,
2009,12,18,22,-20.05,70.76,0.0,0.0,0.0,246.48,2.58,34.0,998.63,
2009,12,18,23,-19.9,70.4,0.0,0.0,0.0,245.85,2.61,33.0,998.66,
2009,12,19,0,-19.76,70.7,0.0,0.0,0.0,245.3,2.55,31.0,998.73,
2009,12,19,1,-19.62,70.99,0.0,0.0,0.0,244.75,2.5,29.0,998.79,
2009,12,19,2,-19.48,71.29,0.0,0.0,0.0,244.2,2.44,27.0,998.86,
2009,12,19,3,-19.38,72.12,0.0,0.0,0.0,246.95,2.38,25.0,998.96,
2009,12,19,4,-19.29,72.94,0.0,0.0,0.0,249.7,2.31,24.0,999.05,
2009,12,19,5,-19.2,73.77,0.0,0.0,0.0,252.45,2.25,22.0,999.15,
2009,12,19,6,-19.69,74.79,0.0,0.0,0.0,248.37,2.12,21.0,999.31,
2009,12,19,7,-20.19,75.82,0.0,0.0,0.0,244.28,2.0,19.0,999.48,
2009,12,19,8,-20.69,76.84,0.0,0.0,0.0,240.2,1.88,17.0,999.64,
2009,12,19,9,-20.55,76.47,0.0,0.0,0.0,237.62,1.77,14.0,1000.0,
2009,12,19,10,-20.4,76.1,0.0,0.0,0.0,235.03,1.66,12.0,1000.35,
2009,12,19,11,-20.25,75.73,36.0,262.26,20.0,232.45,1.54,10.0,1000.71,
2009,12,19,12,-19.53,72.98,82.0,130.41,63.0,228.33,1.52,8.0,1000.74,
2009,12,19,13,-18.81,70.23,76.0,15.11,73.0,224.22,1.49,7.0,1000.78,
2009,12,19,14,-18.09,67.48,68.0,0.0,68.0,220.1,1.46,5.0,1000.81,
2009,12,19,15,-18.39,68.6,65.0,5.09,64.0,212.18,1.41,358.0,1001.07,
2009,12,19,16,-18.69,69.71,46.0,7.05,45.0,204.27,1.35,351.0,1001.33,
2009,12,19,17,-18.99,70.83,13.0,0.0,13.0,196.35,1.3,344.0,1001.59,
2009,12,19,18,-19.87,73.32,0.0,0.0,0.0,198.93,1.47,335.0,1001.75,
2009,12,19,19,-20.75,75.81,0.0,0.0,0.0,201.52,1.64,325.0,1001.91,
2009,12,19,20,-21.63,78.3,0.0,0.0,0.0,204.1,1.81,316.0,1002.08,
2009,12,19,21,-22.24,78.32,0.0,0.0,0.0,199.5,1.92,322.0,1002.4,
2009,12,19,22,-22.85,78.35,0.0,0.0,0.0,194.9,2.03,328.0,1002.73,
2009,12,19,23,-23.46,78.37,0.0,0.0,0.0,190.3,2.14,334.0,1003.05,
2009,12,20,0,-23.82,78.03,0.0,0.0,0.0,186.28,2.21,343.0,1003.47,
2009,12,20,1,-24.18,77.7,0.0,0.0,0.0,182.27,2.29,353.0,1003.9,
2009,12,20,2,-24.54,77.36,0.0,0.0,0.0,178.25,2.36,2.0,1004.32,
2009,12,20,3,-24.45,77.34,0.0,0.0,0.0,179.72,2.39,4.0,1004.87,
2009,12,20,4,-24.36,77.33,0.0,0.0,0.0,181.18,2.41,6.0,1005.43,
2009,12,20,5,-24.27,77.31,0.0,0.0,0.0,182.65,2.44,8.0,1005.98,
2009,12,20,6,-24.94,77.25,0.0,0.0,0.0,176.85,2.5,11.0,1006.27,
2009,12,20,7,-25.62,77.18,0.0,0.0,0.0,171.05,2.55,13.0,1006.56,
2009,12,20,8,-26.29,77.12,0.0,0.0,0.0,165.25,2.61,15.0,1006.86,
2009,12,20,9,-25.66,77.11,0.0,0.0,0.0,163.83,2.66,20.0,1007.31,
2009,12,20,10,-25.03,77.09,0.0,0.0,0.0,162.42,2.72,25.0,1007.77,
2009,12,20,11,-24.4,77.08,26.0,83.23,21.0,161.0,2.77,30.0,1008.22,
2009,12,20,12,-23.15,76.27,71.0,68.97,61.0,161.37,2.63,30.0,1008.35,
2009,12,20,13,-21.9,75.47,75.0,10.1,73.0,161.73,2.49,30.0,1008.48,
2009,12,20,14,-20.65,74.66,80.0,9.27,78.0,162.1,2.34,31.0,1008.61,
2009,12,20,15,-21.48,76.37,80.0,20.34,76.0,162.08,2.37,30.0,1009.0,
2009,12,20,16,-22.3,78.08,63.0,42.18,57.0,162.07,2.4,29.0,1009.39,
2009,12,20,17,-23.13,79.79,14.0,0.0,14.0,162.05,2.43,28.0,1009.78,
2009,12,20,18,-23.72,79.8,0.0,0.0,0.0,163.25,2.64,33.0,1010.3,
2009,12,20,19,-24.3,79.81,0.0,0.0,0.0,164.45,2.85,38.0,1010.82,
2009,12,20,20,-24.89,79.82,0.0,0.0,0.0,165.65,3.06,43.0,1011.34,
2009,12,20,21,-25.17,79.73,0.0,0.0,0.0,166.02,2.95,45.0,1011.7,
2009,12,20,22,-25.46,79.64,0.0,0.0,0.0,166.38,2.83,47.0,1012.06,
2009,12,20,23,-25.75,79.55,0.0,0.0,0.0,166.75,2.72,49.0,1012.42,
2009,12,21,0,-26.04,79.5,0.0,0.0,0.0,166.03,2.61,50.0,1012.71,
2009,12,21,1,-26.33,79.45,0.0,0.0,0.0,165.32,2.5,50.0,1013.0,
2009,12,21,2,-26.63,79.4,0.0,0.0,0.0,164.6,2.39,50.0,1013.29,
2009,12,21,3,-26.74,79.22,0.0,0.0,0.0,163.85,2.36,50.0,1013.78,
2009,12,21,4,-26.85,79.03,0.0,0.0,0.0,163.1,2.34,49.0,1014.27,
2009,12,21,5,-26.97,78.85,0.0,0.0,0.0,162.35,2.32,48.0,1014.76,
2009,12,21,6,-27.53,78.66,0.0,0.0,0.0,160.5,2.33,58.0,1015.41,
2009,12,21,7,-28.09,78.48,0.0,0.0,0.0,158.65,2.34,67.0,1016.06,
2009,12,21,8,-28.65,78.29,0.0,0.0,0.0,156.8,2.36,77.0,1016.71,
2009,12,21,9,-28.04,77.09,0.0,0.0,0.0,156.25,2.53,90.0,1016.93,
2009,12,21,10,-27.43,75.89,0.0,0.0,0.0,155.7,2.7,103.0,1017.16,
2009,12,21,11,-26.82,74.69,4.0,0.0,4.0,155.15,2.87,117.0,1017.39,
2009,12,21,12,-25.78,71.79,51.0,13.85,49.0,158.23,2.74,124.0,1017.06,
2009,12,21,13,-24.73,68.9,75.0,10.11,73.0,161.32,2.6,130.0,1016.74,
2009,12,21,14,-23.68,66.0,80.0,9.27,78.0,164.4,2.47,137.0,1016.41,
2009,12,21,15,-23.58,66.04,80.0,20.32,76.0,169.2,2.66,139.0,1016.32,
2009,12,21,16,-23.49,66.09,32.0,0.0,32.0,174.0,2.85,140.0,1016.22,
2009,12,21,17,-23.39,66.13,3.0,0.0,3.0,178.8,3.03,142.0,1016.12,
2009,12,21,18,-23.36,65.91,0.0,0.0,0.0,181.08,3.39,146.0,1016.35,
2009,12,21,19,-23.34,65.7,0.0,0.0,0.0,183.37,3.75,150.0,1016.58,
2009,12,21,20,-23.31,65.48,0.0,0.0,0.0,185.65,4.11,153.0,1016.8,
2009,12,21,21,-23.06,65.23,0.0,0.0,0.0,188.97,4.38,156.0,1016.22,
2009,12,21,22,-22.82,64.97,0.0,0.0,0.0,192.28,4.64,159.0,1015.63,
2009,12,21,23,-22.58,64.72,0.0,0.0,0.0,195.6,4.91,162.0,1015.05,
2009,12,22,0,-21.89,64.4,0.0,0.0,0.0,203.98,4.95,167.0,1014.5,
2009,12,22,1,-21.2,64.08,0.0,0.0,0.0,212.37,4.98,172.0,1013.94,
2009,12,22,2,-20.51,63.76,0.0,0.0,0.0,220.75,5.02,177.0,1013.39,
2009,12,22,3,-19.73,63.95,0.0,0.0,0.0,223.23,5.2,180.0,1012.74,
2009,12,22,4,-18.96,64.14,0.0,0.0,0.0,225.72,5.37,183.0,1012.09,
2009,12,22,5,-18.19,64.33,0.0,0.0,0.0,228.2,5.54,186.0,1011.44,
2009,12,22,6,-17.73,65.81,0.0,0.0,0.0,227.05,5.42,188.0,1011.05,
2009,12,22,7,-17.28,67.3,0.0,0.0,0.0,225.9,5.3,190.0,1010.66,
2009,12,22,8,-16.82,68.78,0.0,0.0,0.0,224.75,5.17,192.0,1010.27,
2009,12,22,9,-16.2,70.12,0.0,0.0,0.0,227.42,4.91,194.0,1009.94,
2009,12,22,10,-15.58,71.47,0.0,0.0,0.0,230.08,4.65,196.0,1009.62,
2009,12,22,11,-14.95,72.81,32.0,204.83,20.0,232.75,4.39,198.0,1009.29,
2009,12,22,12,-13.89,73.01,32.0,0.0,32.0,234.93,4.12,203.0,1008.84,
2009,12,22,13,-12.82,73.21,181.0,673.19,48.0,237.12,3.85,208.0,1008.38,
2009,12,22,14,-11.75,73.41,44.0,0.0,44.0,239.3,3.59,212.0,1007.93,
2009,12,22,15,-12.17,75.86,29.0,0.0,29.0,234.48,3.44,219.0,1007.8,
2009,12,22,16,-12.59,78.3,21.0,0.0,21.0,229.67,3.3,225.0,1007.67,
2009,12,22,17,-13.01,80.75,3.0,0.0,3.0,224.85,3.16,231.0,1007.54,
2009,12,22,18,-14.3,82.09,0.0,0.0,0.0,210.28,3.16,243.0,1007.6,
2009,12,22,19,-15.58,83.43,0.0,0.0,0.0,195.72,3.17,254.0,1007.67,
2009,12,22,20,-16.87,84.77,0.0,0.0,0.0,181.15,3.17,265.0,1007.73,
2009,12,22,21,-16.75,84.71,0.0,0.0,0.0,179.43,3.38,274.0,1007.93,
2009,12,22,22,-16.64,84.66,0.0,0.0,0.0,177.72,3.6,282.0,1008.12,
2009,12,22,23,-16.53,84.6,0.0,0.0,0.0,176.0,3.81,291.0,1008.32,
2009,12,23,0,-16.63,84.07,0.0,0.0,0.0,177.67,3.93,295.0,1008.71,
2009,12,23,1,-16.73,83.55,0.0,0.0,0.0,179.33,4.05,300.0,1009.1,
2009,12,23,2,-16.83,83.02,0.0,0.0,0.0,181.0,4.17,304.0,1009.49,
2009,12,23,3,-17.17,82.86,0.0,0.0,0.0,181.83,4.05,305.0,1009.88,
2009,12,23,4,-17.51,82.69,0.0,0.0,0.0,182.67,3.93,306.0,1010.27,
2009,12,23,5,-17.86,82.53,0.0,0.0,0.0,183.5,3.81,307.0,1010.66,
2009,12,23,6,-18.7,83.03,0.0,0.0,0.0,179.1,3.5,304.0,1010.66,
2009,12,23,7,-19.54,83.53,0.0,0.0,0.0,174.7,3.19,301.0,1010.66,
2009,12,23,8,-20.38,84.03,0.0,0.0,0.0,170.3,2.88,299.0,1010.66,
2009,12,23,9,-19.68,83.54,0.0,0.0,0.0,171.2,2.6,291.0,1010.92,
2009,12,23,10,-18.98,83.04,0.0,0.0,0.0,172.1,2.31,284.0,1011.18,
2009,12,23,11,-18.27,82.55,7.0,0.0,7.0,173.0,2.03,277.0,1011.44,
2009,12,23,12,-16.58,81.14,60.0,27.85,56.0,177.73,2.06,262.0,1011.18,
2009,12,23,13,-14.89,79.73,103.0,75.94,88.0,182.47,2.1,248.0,1010.92,
2009,12,23,14,-13.2,78.32,80.0,9.26,78.0,187.2,2.14,233.0,1010.66,
2009,12,23,15,-12.96,78.96,82.0,25.28,77.0,195.43,2.47,232.0,1010.59,
2009,12,23,16,-12.73,79.61,14.0,0.0,14.0,203.67,2.8,231.0,1010.53,
2009,12,23,17,-12.49,80.25,29.0,153.05,20.0,211.9,3.13,230.0,1010.46,
2009,12,23,18,-12.01,79.88,0.0,0.0,0.0,213.5,3.44,234.0,1010.01,
2009,12,23,19,-11.52,79.52,0.0,0.0,0.0,215.1,3.75,238.0,1009.55,
2009,12,23,20,-11.04,79.15,0.0,0.0,0.0,216.7,4.06,241.0,1009.1,
2009,12,23,21,-11.14,78.63,0.0,0.0,0.0,215.8,4.11,240.0,1008.74,
2009,12,23,22,-11.25,78.11,0.0,0.0,0.0,214.9,4.17,240.0,1008.38,
2009,12,23,23,-11.36,77.59,0.0,0.0,0.0,214.0,4.22,240.0,1008.03,
2009,12,24,0,-11.23,76.42,0.0,0.0,0.0,213.35,4.5,239.0,1007.7,
2009,12,24,1,-11.11,75.24,0.0,0.0,0.0,212.7,4.77,239.0,1007.38,
2009,12,24,2,-10.99,74.07,0.0,0.0,0.0,212.05,5.05,238.0,1007.05,
2009,12,24,3,-10.67,72.76,0.0,0.0,0.0,212.55,5.29,239.0,1006.66,
2009,12,24,4,-10.35,71.46,0.0,0.0,0.0,213.05,5.54,239.0,1006.27,
2009,12,24,5,-10.03,70.15,0.0,0.0,0.0,213.55,5.78,240.0,1005.88,
2009,12,24,6,-9.83,70.13,0.0,0.0,0.0,212.97,6.02,238.0,1005.36,
2009,12,24,7,-9.64,70.12,0.0,0.0,0.0,212.38,6.27,237.0,1004.84,
2009,12,24,8,-9.44,70.1,0.0,0.0,0.0,211.8,6.51,236.0,1004.32,
2009,12,24,9,-9.15,68.34,0.0,0.0,0.0,211.15,6.63,237.0,1003.96,
2009,12,24,10,-8.86,66.59,0.0,0.0,0.0,210.5,6.76,238.0,1003.6,
2009,12,24,11,-8.56,64.83,22.0,52.1,19.0,209.85,6.88,239.0,1003.25,
2009,12,24,12,-7.95,63.61,40.0,0.0,40.0,209.18,6.96,239.0,1002.63,
2009,12,24,13,-7.33,62.38,65.0,5.06,64.0,208.52,7.04,239.0,1002.01,
2009,12,24,14,-6.71,61.16,36.0,0.0,36.0,207.85,7.12,239.0,1001.39,
2009,12,24,15,-7.06,63.23,69.0,5.04,68.0,205.47,6.89,240.0,1001.26,
2009,12,24,16,-7.42,65.29,37.0,0.0,37.0,203.08,6.67,242.0,1001.13,
2009,12,24,17,-7.77,67.36,3.0,0.0,3.0,200.7,6.44,243.0,1001.0,
2009,12,24,18,-8.12,70.04,0.0,0.0,0.0,200.18,6.28,243.0,1000.45,
2009,12,24,19,-8.48,72.72,0.0,0.0,0.0,199.67,6.11,242.0,999.9,
2009,12,24,20,-8.83,75.4,0.0,0.0,0.0,199.15,5.94,242.0,999.35,
2009,12,24,21,-9.21,77.0,0.0,0.0,0.0,202.67,5.81,243.0,998.73,
2009,12,24,22,-9.59,78.6,0.0,0.0,0.0,206.18,5.67,245.0,998.11,
2009,12,24,23,-9.98,80.2,0.0,0.0,0.0,209.7,5.53,246.0,997.49,
2009,12,25,0,-9.91,80.15,0.0,0.0,0.0,219.9,5.47,248.0,997.13,
2009,12,25,1,-9.84,80.09,0.0,0.0,0.0,230.1,5.4,249.0,996.78,
2009,12,25,2,-9.77,80.04,0.0,0.0,0.0,240.3,5.34,250.0,996.42,
2009,12,25,3,-9.93,80.43,0.0,0.0,0.0,240.28,5.29,252.0,996.16,
2009,12,25,4,-10.09,80.82,0.0,0.0,0.0,240.27,5.24,253.0,995.9,
2009,12,25,5,-10.25,81.21,0.0,0.0,0.0,240.25,5.19,255.0,995.64,
2009,12,25,6,-10.33,81.4,0.0,0.0,0.0,231.92,4.99,260.0,995.31,
2009,12,25,7,-10.41,81.58,0.0,0.0,0.0,223.58,4.79,264.0,994.99,
2009,12,25,8,-10.49,81.77,0.0,0.0,0.0,215.25,4.59,269.0,994.66,
2009,12,25,9,-10.14,81.27,0.0,0.0,0.0,210.55,4.45,269.0,994.76,
2009,12,25,10,-9.79,80.76,0.0,0.0,0.0,205.85,4.3,269.0,994.86,
2009,12,25,11,-9.44,80.26,14.0,0.0,14.0,201.15,4.15,269.0,994.96,
2009,12,25,12,-8.27,78.41,31.0,0.0,31.0,200.77,4.13,270.0,994.73,
2009,12,25,13,-7.09,76.56,36.0,0.0,36.0,200.38,4.11,272.0,994.5,
2009,12,25,14,-5.92,74.71,30.0,0.0,30.0,200.0,4.1,274.0,994.27,
2009,12,25,15,-6.36,76.15,42.0,0.0,42.0,206.78,3.95,275.0,994.34,
2009,12,25,16,-6.81,77.59,104.0,328.49,56.0,213.57,3.8,276.0,994.4,
2009,12,25,17,-7.25,79.03,3.0,0.0,3.0,220.35,3.66,278.0,994.47,
2009,12,25,18,-7.26,80.67,0.0,0.0,0.0,222.72,3.54,283.0,994.66,
2009,12,25,19,-7.26,82.32,0.0,0.0,0.0,225.08,3.43,289.0,994.86,
2009,12,25,20,-7.27,83.96,0.0,0.0,0.0,227.45,3.32,294.0,995.05,
2009,12,25,21,-8.03,84.92,0.0,0.0,0.0,224.82,3.03,295.0,995.09,
2009,12,25,22,-8.79,85.87,0.0,0.0,0.0,222.18,2.74,296.0,995.12,
2009,12,25,23,-9.55,86.83,0.0,0.0,0.0,219.55,2.46,297.0,995.15,
2009,12,26,0,-9.81,86.94,0.0,0.0,0.0,217.17,2.28,295.0,995.28,
2009,12,26,1,-10.07,87.06,0.0,0.0,0.0,214.78,2.1,294.0,995.41,
2009,12,26,2,-10.33,87.17,0.0,0.0,0.0,212.4,1.92,293.0,995.54,
2009,12,26,3,-10.09,87.09,0.0,0.0,0.0,216.63,1.43,294.0,995.8,
2009,12,26,4,-9.86,87.02,0.0,0.0,0.0,220.87,0.95,295.0,996.06,
2009,12,26,5,-9.63,86.94,0.0,0.0,0.0,225.1,0.47,296.0,996.32,
2009,12,26,6,-9.98,87.54,0.0,0.0,0.0,225.03,0.83,245.0,996.19,
2009,12,26,7,-10.34,88.15,0.0,0.0,0.0,224.97,1.2,193.0,996.06,
2009,12,26,8,-10.69,88.75,0.0,0.0,0.0,224.9,1.56,142.0,995.93,
2009,12,26,9,-10.3,88.55,0.0,0.0,0.0,226.75,1.87,143.0,996.06,
2009,12,26,10,-9.91,88.34,0.0,0.0,0.0,228.6,2.18,145.0,996.19,
2009,12,26,11,-9.51,88.14,21.0,52.55,18.0,230.45,2.5,146.0,996.32,
2009,12,26,12,-8.63,87.54,23.0,0.0,23.0,235.57,2.73,152.0,995.96,
2009,12,26,13,-7.74,86.95,36.0,0.0,36.0,240.68,2.97,159.0,995.61,
2009,12,26,14,-6.86,86.35,107.0,55.18,95.0,245.8,3.2,166.0,995.25,
2009,12,26,15,-6.47,87.09,33.0,0.0,33.0,254.97,3.39,169.0,994.96,
2009,12,26,16,-6.07,87.83,27.0,0.0,27.0,264.13,3.58,172.0,994.66,
2009,12,26,17,-5.68,88.57,14.0,0.0,14.0,273.3,3.77,175.0,994.37,
2009,12,26,18,-5.43,88.87,0.0,0.0,0.0,275.93,3.76,175.0,993.88,
2009,12,26,19,-5.19,89.16,0.0,0.0,0.0,278.57,3.75,175.0,993.4,
2009,12,26,20,-4.94,89.46,0.0,0.0,0.0,281.2,3.74,174.0,992.91,
2009,12,26,21,-5.1,88.74,0.0,0.0,0.0,271.45,3.98,178.0,992.55,
2009,12,26,22,-5.26,88.01,0.0,0.0,0.0,261.7,4.23,182.0,992.19,
2009,12,26,23,-5.43,87.29,0.0,0.0,0.0,251.95,4.47,185.0,991.84,
2009,12,27,0,-5.83,85.81,0.0,0.0,0.0,243.73,4.69,189.0,991.51,
2009,12,27,1,-6.24,84.34,0.0,0.0,0.0,235.52,4.9,193.0,991.19,
2009,12,27,2,-6.65,82.86,0.0,0.0,0.0,227.3,5.12,197.0,990.86,
2009,12,27,3,-6.81,82.82,0.0,0.0,0.0,224.27,5.26,199.0,990.47,
2009,12,27,4,-6.97,82.79,0.0,0.0,0.0,221.23,5.39,201.0,990.08,
2009,12,27,5,-7.14,82.75,0.0,0.0,0.0,218.2,5.53,203.0,989.69,
2009,12,27,6,-6.7,83.86,0.0,0.0,0.0,222.03,5.72,202.0,989.04,
2009,12,27,7,-6.27,84.96,0.0,0.0,0.0,225.87,5.91,202.0,988.39,
2009,12,27,8,-5.83,86.07,0.0,0.0,0.0,229.7,6.1,202.0,987.74,
2009,12,27,9,-5.07,85.97,0.0,0.0,0.0,240.25,6.22,203.0,987.38,
2009,12,27,10,-4.31,85.86,0.0,0.0,0.0,250.8,6.34,204.0,987.02,
2009,12,27,11,-3.54,85.76,21.0,52.61,18.0,261.35,6.46,205.0,986.67,
2009,12,27,12,-2.71,84.28,127.0,675.38,30.0,269.1,6.45,208.0,986.34,
2009,12,27,13,-1.88,82.8,46.0,0.0,46.0,276.85,6.44,210.0,986.02,
2009,12,27,14,-1.05,81.32,26.0,0.0,26.0,284.6,6.43,213.0,985.69,
2009,12,27,15,-0.95,81.36,27.0,0.0,27.0,289.13,6.26,216.0,985.72,
2009,12,27,16,-0.85,81.4,62.0,33.66,57.0,293.67,6.09,218.0,985.76,
2009,12,27,17,-0.75,81.44,4.0,0.0,4.0,298.2,5.92,221.0,985.79,
2009,12,27,18,-0.8,81.17,0.0,0.0,0.0,298.03,5.78,225.0,985.95,
2009,12,27,19,-0.86,80.9,0.0,0.0,0.0,297.87,5.64,228.0,986.11,
2009,12,27,20,-0.91,80.63,0.0,0.0,0.0,297.7,5.5,232.0,986.28,
2009,12,27,21,-1.15,80.65,0.0,0.0,0.0,296.78,5.4,235.0,986.37,
2009,12,27,22,-1.39,80.67,0.0,0.0,0.0,295.87,5.3,239.0,986.47,
2009,12,27,23,-1.64,80.69,0.0,0.0,0.0,294.95,5.2,242.0,986.57,
2009,12,28,0,-1.99,80.94,0.0,0.0,0.0,292.32,5.09,244.0,986.73,
2009,12,28,1,-2.34,81.2,0.0,0.0,0.0,289.68,4.98,245.0,986.89,
2009,12,28,2,-2.7,81.45,0.0,0.0,0.0,287.05,4.87,246.0,987.06,
2009,12,28,3,-2.97,81.66,0.0,0.0,0.0,285.6,4.8,247.0,987.28,
2009,12,28,4,-3.24,81.88,0.0,0.0,0.0,284.15,4.73,248.0,987.51,
2009,12,28,5,-3.51,82.09,0.0,0.0,0.0,282.7,4.66,249.0,987.74,
2009,12,28,6,-3.78,83.85,0.0,0.0,0.0,280.42,4.43,250.0,987.9,
2009,12,28,7,-4.06,85.62,0.0,0.0,0.0,278.13,4.2,251.0,988.06,
2009,12,28,8,-4.33,87.38,0.0,0.0,0.0,275.85,3.97,252.0,988.23,
2009,12,28,9,-4.06,86.35,0.0,0.0,0.0,275.72,3.88,250.0,988.19,
2009,12,28,10,-3.79,85.33,0.0,0.0,0.0,275.58,3.78,248.0,988.16,
2009,12,28,11,-3.52,84.3,37.0,402.92,14.0,275.45,3.68,246.0,988.13,
2009,12,28,12,-2.8,80.91,50.0,6.95,49.0,275.57,3.69,248.0,988.19,
2009,12,28,13,-2.07,77.52,32.0,0.0,32.0,275.68,3.69,251.0,988.26,
2009,12,28,14,-1.34,74.13,27.0,0.0,27.0,275.8,3.7,253.0,988.32,
2009,12,28,15,-1.89,76.01,36.0,0.0,36.0,277.72,3.54,251.0,988.52,
2009,12,28,16,-2.45,77.9,49.0,6.67,48.0,279.63,3.39,249.0,988.71,
2009,12,28,17,-3.0,79.78,30.0,106.7,23.0,281.55,3.24,247.0,988.91,
2009,12,28,18,-3.36,81.53,0.0,0.0,0.0,280.5,3.09,251.0,989.4,
2009,12,28,19,-3.72,83.28,0.0,0.0,0.0,279.45,2.93,255.0,989.88,
2009,12,28,20,-4.08,85.03,0.0,0.0,0.0,278.4,2.77,258.0,990.37,
2009,12,28,21,-4.46,86.16,0.0,0.0,0.0,274.02,2.33,266.0,990.4,
2009,12,28,22,-4.85,87.28,0.0,0.0,0.0,269.63,1.89,273.0,990.44,
2009,12,28,23,-5.24,88.41,0.0,0.0,0.0,265.25,1.45,280.0,990.47,
2009,12,29,0,-5.43,89.18,0.0,0.0,0.0,268.73,1.32,314.0,990.8,
2009,12,29,1,-5.62,89.94,0.0,0.0,0.0,272.22,1.2,348.0,991.12,
2009,12,29,2,-5.82,90.71,0.0,0.0,0.0,275.7,1.08,22.0,991.45,
2009,12,29,3,-6.18,91.75,0.0,0.0,0.0,277.33,1.79,34.0,991.74,
2009,12,29,4,-6.54,92.79,0.0,0.0,0.0,278.97,2.5,46.0,992.03,
2009,12,29,5,-6.91,93.83,0.0,0.0,0.0,280.6,3.21,58.0,992.32,
2009,12,29,6,-7.64,93.02,0.0,0.0,0.0,282.12,3.59,58.0,992.75,
2009,12,29,7,-8.37,92.22,0.0,0.0,0.0,283.63,3.97,59.0,993.17,
2009,12,29,8,-9.1,91.41,0.0,0.0,0.0,285.15,4.34,59.0,993.59,
2009,12,29,9,-9.7,89.83,0.0,0.0,0.0,285.98,4.59,61.0,993.85,
2009,12,29,10,-10.3,88.26,0.0,0.0,0.0,286.82,4.83,63.0,994.11,
2009,12,29,11,-10.9,86.68,21.0,52.38,18.0,287.65,5.08,64.0,994.37,
2009,12,29,12,-11.36,85.93,24.0,0.0,24.0,286.53,5.14,64.0,994.63,
2009,12,29,13,-11.81,85.17,106.0,85.02,89.0,285.42,5.2,63.0,994.89,
2009,12,29,14,-12.27,84.42,28.0,0.0,28.0,284.3,5.27,62.0,995.15,
2009,12,29,15,-12.96,83.87,18.0,0.0,18.0,282.87,5.31,63.0,995.48,
2009,12,29,16,-13.65,83.31,23.0,0.0,23.0,281.43,5.35,64.0,995.8,
2009,12,29,17,-14.34,82.76,4.0,0.0,4.0,280.0,5.39,65.0,996.13,
2009,12,29,18,-15.28,81.99,0.0,0.0,0.0,277.3,5.46,64.0,996.68,
2009,12,29,19,-16.22,81.23,0.0,0.0,0.0,274.6,5.53,63.0,997.23,
2009,12,29,20,-17.16,80.46,0.0,0.0,0.0,271.9,5.6,62.0,997.79,
2009,12,29,21,-17.84,79.88,0.0,0.0,0.0,269.8,5.62,63.0,997.69,
2009,12,29,22,-18.52,79.31,0.0,0.0,0.0,267.7,5.64,64.0,997.59,
2009,12,29,23,-19.2,78.73,0.0,0.0,0.0,265.6,5.66,65.0,997.49,
2009,12,30,0,-19.59,78.46,0.0,0.0,0.0,264.13,5.71,66.0,997.46,
2009,12,30,1,-19.98,78.2,0.0,0.0,0.0,262.67,5.77,67.0,997.43,
2009,12,30,2,-20.38,77.93,0.0,0.0,0.0,261.2,5.83,68.0,997.39,
2009,12,30,3,-20.68,77.9,0.0,0.0,0.0,260.58,5.86,68.0,997.2,
2009,12,30,4,-20.98,77.86,0.0,0.0,0.0,259.97,5.89,68.0,997.0,
2009,12,30,5,-21.28,77.83,0.0,0.0,0.0,259.35,5.92,69.0,996.81,
2009,12,30,6,-22.0,77.18,0.0,0.0,0.0,256.6,5.71,67.0,997.2,
2009,12,30,7,-22.72,76.53,0.0,0.0,0.0,253.85,5.51,65.0,997.59,
2009,12,30,8,-23.44,75.88,0.0,0.0,0.0,251.1,5.31,63.0,997.98,
2009,12,30,9,-23.44,75.72,0.0,0.0,0.0,250.75,5.06,61.0,997.95,
2009,12,30,10,-23.43,75.56,0.0,0.0,0.0,250.4,4.81,59.0,997.92,
2009,12,30,11,-23.42,75.4,6.0,0.0,6.0,250.05,4.57,58.0,997.88,
2009,12,30,12,-23.18,75.02,12.0,0.0,12.0,249.37,4.4,53.0,997.82,
2009,12,30,13,-22.93,74.65,20.0,0.0,20.0,248.68,4.24,48.0,997.75,
2009,12,30,14,-22.68,74.27,18.0,0.0,18.0,248.0,4.08,43.0,997.69,
2009,12,30,15,-22.75,74.27,41.0,0.0,41.0,245.95,4.04,39.0,997.88,
2009,12,30,16,-22.81,74.27,57.0,19.59,54.0,243.9,4.0,35.0,998.08,
2009,12,30,17,-22.88,74.27,6.0,0.0,6.0,241.85,3.96,31.0,998.27,
2009,12,30,18,-24.06,75.08,0.0,0.0,0.0,222.28,3.87,23.0,998.83,
2009,12,30,19,-25.25,75.88,0.0,0.0,0.0,202.72,3.78,14.0,999.38,
2009,12,30,20,-26.43,76.69,0.0,0.0,0.0,183.15,3.7,5.0,999.93,
2009,12,30,21,-26.82,76.79,0.0,0.0,0.0,175.97,3.65,4.0,1000.35,
2009,12,30,22,-27.21,76.9,0.0,0.0,0.0,168.78,3.6,2.0,1000.78,
2009,12,30,23,-27.6,77.0,0.0,0.0,0.0,161.6,3.54,1.0,1001.2,
2009,12,31,0,-27.88,77.1,0.0,0.0,0.0,160.57,3.44,360.0,1001.46,
2009,12,31,1,-28.16,77.21,0.0,0.0,0.0,159.53,3.33,358.0,1001.72,
2009,12,31,2,-28.45,77.31,0.0,0.0,0.0,158.5,3.23,356.0,1001.98,
2009,12,31,3,-28.46,76.75,0.0,0.0,0.0,160.37,2.81,357.0,1002.21,
2009,12,31,4,-28.47,76.2,0.0,0.0,0.0,162.23,2.39,357.0,1002.43,
2009,12,31,5,-28.48,75.64,0.0,0.0,0.0,164.1,1.97,358.0,1002.66,
2009,12,31,6,-29.45,75.08,0.0,0.0,0.0,165.33,2.39,358.0,1003.15,
2009,12,31,7,-30.42,74.52,0.0,0.0,0.0,166.57,2.8,358.0,1003.64,
2009,12,31,8,-31.4,73.96,0.0,0.0,0.0,167.8,3.21,359.0,1004.12,
2009,12,31,9,-30.78,73.35,0.0,0.0,0.0,170.87,2.95,5.0,1004.65,
2009,12,31,10,-30.16,72.75,0.0,0.0,0.0,173.93,2.68,11.0,1005.17,
2009,12,31,11,-29.54,72.14,21.0,34.39,19.0,177.0,2.41,16.0,1005.69,
2009,12,31,12,-28.72,70.97,125.0,603.27,37.0,178.87,2.35,19.0,1005.59,
2009,12,31,13,-27.89,69.79,197.0,831.39,29.0,180.73,2.29,22.0,1005.49,
2009,12,31,14,-27.06,68.62,222.0,856.82,31.0,182.6,2.23,25.0,1005.39,
2009,12,31,15,-26.92,69.92,68.0,4.83,67.0,183.02,2.19,34.0,1005.46,
2009,12,31,16,-26.78,71.21,24.0,0.0,24.0,183.43,2.14,43.0,1005.52,
2009,12,31,17,-26.64,72.51,24.0,27.93,22.0,183.85,2.1,52.0,1005.59,
2009,12,31,18,-27.07,72.64,0.0,0.0,0.0,183.18,2.02,61.0,1005.95,
2009,12,31,19,-27.5,72.76,0.0,0.0,0.0,182.52,1.95,70.0,1006.3,
2009,12,31,20,-27.92,72.89,0.0,0.0,0.0,181.85,1.88,80.0,1006.66,
2009,12,31,21,-28.19,74.11,0.0,0.0,0.0,179.98,2.08,85.0,1006.6,
2009,12,31,22,-30.74,77.68,0.0,0.0,0.0,184.68,2.37,90.0,1006.53,
2009,12,31,23,-30.04,77.56,0.0,0.0,0.0,184.75,2.51,96.0,1006.47,
